# k_h
9.926501661539077759e-06
1.096111100196139887e-05
1.210355549119412899e-05
1.336507375526707619e-05
1.475807584938593209e-05
1.629626603971701115e-05
1.799477831809781492e-05
1.987032010219991207e-05
2.194134503952227533e-05
2.422822763037402183e-05
2.675346331670880318e-05
2.954189949377905577e-05
3.262096288381144404e-05
3.602095239330083132e-05
3.977530650445260108e-05
4.392097253003157675e-05
4.849872493650764227e-05
5.355360190151259303e-05
5.913533823331817985e-05
6.529883830808103085e-05
7.210474723251536489e-05
7.962001109262928367e-05
8.791856816969811916e-05
9.708206198411062360e-05
1.072006343747489154e-04
1.183738422696478665e-04
1.307116035604849458e-04
1.443352812202647328e-04
1.593789202161133289e-04
1.759905135259032249e-04
1.943334937095642090e-04
2.145883045159280300e-04
2.369542053202167153e-04
2.616512356325984001e-04
2.889223687816411257e-04
3.190358984284102917e-04
3.522880724631249905e-04
3.890060179401189089e-04
4.295509716030210257e-04
4.743218014482408762e-04
5.237589939497411251e-04
5.783488159067928791e-04
6.386284367181360722e-04
7.051907596178352833e-04
7.786907372064888477e-04
8.598513668403029442e-04
9.494711412116885185e-04
1.048431731760501862e-03
1.157706603407859802e-03
1.278370968066155910e-03
1.411611796356737614e-03
1.558739924803376198e-03
1.721202861517667770e-03
1.900598756037652493e-03
2.098692581057548523e-03
2.317433012649416924e-03
2.558972220867872238e-03
2.825686475262045860e-03
3.120199311524629593e-03
3.445408539846539497e-03
3.804513253271579742e-03
4.201046656817197800e-03
4.638909362256526947e-03
5.122409202158451080e-03
5.656302440911531448e-03
6.245842203497886658e-03
6.896827835589647293e-03
7.615664042532444000e-03
8.409421890974044800e-03
9.285911917686462402e-03
1.025375444442033768e-02
1.132247317582368851e-02
1.250258088111877441e-02
1.380568835884332657e-02
1.524461433291435242e-02
1.683351583778858185e-02
1.858802326023578644e-02
2.052539773285388947e-02
2.266469970345497131e-02
2.502697519958019257e-02
2.763546258211135864e-02
3.051582537591457367e-02
3.369639813899993896e-02
3.720847517251968384e-02
4.108660668134689331e-02
4.519526660442352295e-02
4.930392652750015259e-02
5.341258645057678223e-02
5.752125009894371033e-02
6.162991002202033997e-02
6.573857367038726807e-02
6.984723359346389771e-02
7.395589351654052734e-02
7.806455343961715698e-02
8.217321336269378662e-02
8.628187328577041626e-02
9.241811931133270264e-02
9.855436533689498901e-02
1.046906039118766785e-01
1.108268499374389648e-01
1.169630885124206543e-01
1.230993345379829407e-01
1.292355805635452271e-01
1.353718191385269165e-01
1.415080726146697998e-01
1.476443111896514893e-01
1.537805497646331787e-01
1.599168032407760620e-01
1.660530418157577515e-01
1.721892803907394409e-01
1.783255338668823242e-01
1.844617724418640137e-01
1.905980110168457031e-01
1.967342644929885864e-01
2.028705030679702759e-01
2.090067416429519653e-01
2.151429951190948486e-01
2.212792336940765381e-01
2.274154722690582275e-01
2.335517257452011108e-01
2.396879643201828003e-01
2.458242028951644897e-01
2.519604563713073730e-01
2.580966949462890625e-01
2.642329335212707520e-01
2.703691720962524414e-01
2.765054106712341309e-01
2.826416790485382080e-01
2.887779176235198975e-01
2.949141561985015869e-01
3.010503947734832764e-01
3.071866333484649658e-01
3.133228719234466553e-01
3.194591403007507324e-01
3.255953788757324219e-01
3.317316174507141113e-01
3.378678560256958008e-01
3.440040946006774902e-01
3.501403331756591797e-01
3.562766015529632568e-01
3.624128401279449463e-01
3.685490787029266357e-01
3.746853172779083252e-01
3.808215558528900146e-01
3.869577944278717041e-01
3.930940628051757812e-01
3.992303013801574707e-01
4.053665399551391602e-01
4.115027785301208496e-01
4.176390171051025391e-01
4.237752556800842285e-01
4.299115240573883057e-01
4.360477626323699951e-01
4.421840012073516846e-01
4.483202397823333740e-01
4.544564783573150635e-01
4.605927169322967529e-01
4.667289853096008301e-01
4.728652238845825195e-01
4.790014624595642090e-01
4.851377010345458984e-01
4.912739396095275879e-01
4.974101781845092773e-01
5.035464167594909668e-01
5.096826553344726562e-01
5.158188939094543457e-01
5.219551920890808105e-01
5.280914306640625000e-01
5.342276692390441895e-01
5.403639078140258789e-01
5.465001463890075684e-01
5.526363849639892578e-01
5.587726235389709473e-01
5.649088621139526367e-01
5.710451006889343262e-01
5.771813392639160156e-01
5.833175778388977051e-01
5.894538164138793945e-01
5.955900549888610840e-01
6.406784653663635254e-01
6.891802549362182617e-01
7.413537502288818359e-01
7.974770069122314453e-01
8.578490018844604492e-01
9.227913618087768555e-01
9.926501512527465820e-01
1.161840200424194336e+00
1.621478557586669922e+00
2.262955665588378906e+00
3.158209085464477539e+00
4.407635688781738281e+00
6.151350975036621094e+00
8.584901809692382812e+00
1.198119640350341797e+01
1.672110557556152344e+01
2.333618354797363281e+01
3.256826782226562500e+01
4.545267868041992188e+01
6.343432235717773438e+01
8.852973175048828125e+01
