# pe
-1.791406745277882276e-11
-2.631850692613202186e-11
-2.944821089265644269e-11
-2.784830568044587729e-11
-2.272481948736907181e-11
-1.561675822811835981e-11
-8.004939318102336794e-12
-1.062417426648250023e-12
4.363154499746615570e-12
7.705300028236649804e-12
8.709043276093916561e-12
7.792611473368949169e-12
5.551450365159987825e-12
2.641476080834940447e-12
-3.289559092798893305e-13
-3.002203155294277091e-12
-5.070822444185111535e-12
-6.177454489961653417e-12
-6.086135760289514235e-12
-5.096401810427347726e-12
-3.639968951127802289e-12
-2.141777427526459518e-12
-9.457145449397557398e-13
-7.823191502459765558e-14
4.817225114935009564e-13
6.277797339550749008e-13
2.602936325440225596e-13
-5.660693392483532083e-13
-1.705273618300800469e-12
-2.800119776279677346e-12
-3.503835573113540309e-12
-3.722521386992131873e-12
-3.474770767351036833e-12
-2.976277330348026377e-12
-2.443667033760370303e-12
-1.900195135121150072e-12
-1.338588341459923320e-12
-8.228298580363401098e-13
-4.347170146675734117e-13
-2.374083076172401670e-13
-2.195068989347309360e-13
-3.509771171158801507e-13
-6.017832906565223948e-13
-9.418897480524916965e-13
-1.336489470370664914e-12
-1.731690048962086941e-12
-2.068827727748844041e-12
-2.289238750653023685e-12
-2.334259361596712942e-12
-2.169416924501042576e-12
-1.857003283283317725e-12
-1.483501401859889849e-12
-1.135394244147107175e-12
-8.991647740613202548e-13
-8.354822787208792167e-13
-9.017613380521354366e-13
-1.029602855183441283e-12
-1.150607733243149629e-12
-1.196376875359611734e-12
-1.120075900564632623e-12
-9.611292915038261466e-13
-7.805262467262590132e-13
-6.392559647809973267e-13
-5.983076442171072916e-13
-6.990226692206105457e-13
-9.041511665253475306e-13
-1.156795448502114121e-12
-1.400057827521705890e-12
-1.577040615954918811e-12
-1.642882553010679967e-12
-1.600868085250442874e-12
-1.466318086073793669e-12
-1.254553428880317480e-12
-9.808949870696000398e-13
-6.643524197380422751e-13
-3.386905287693075042e-13
-4.136290174387567812e-14
1.901768737577747164e-13
3.184752101551643342e-13
3.166222070774990642e-13
1.998827129927268161e-13
-5.934736421519367134e-15
-2.750216054876065436e-13
-5.815693585279014686e-13
-9.017805123025695104e-13
-1.219901793322968319e-12
-1.522190980538253654e-12
-1.794905852897581475e-12
-2.024304189350107945e-12
-2.199609296036007277e-12
-2.321906587859526902e-12
-2.395247006915934521e-12
-2.423681495300494605e-12
-2.411260995108475665e-12
-2.362036448435142576e-12
-2.280058797375762231e-12
-2.169378984025601121e-12
-2.034047950479925334e-12
-1.878116638834001359e-12
-1.705635991183095688e-12
-1.520656949622474810e-12
-1.327230456247404813e-12
-1.129407453153152186e-12
-9.312388824349840273e-13
-7.367756861881659174e-13
-5.500688065079640443e-13
-3.751691854896456558e-13
-2.161277652284762580e-13
-7.699548781972304821e-14
3.912338365879016628e-14
1.329113021990060960e-13
2.059973998103106524e-13
2.600108085020882574e-13
2.965806602837249613e-13
3.173360871646054763e-13
3.239062211541148428e-13
3.179201942616389093e-13
3.010071384965623626e-13
2.747961858682706473e-13
2.409164683861491066e-13
2.009971180595828315e-13
1.566672668979568624e-13
1.095560469106566691e-13
6.129259010706751911e-14
1.350602849657455390e-14
-3.217450591143717344e-14
-7.411988110758210496e-14
-1.107009650824753264e-13
-1.402886258267313934e-13
-1.616383614164586468e-13
-1.750441902697389527e-13
-1.811847608901480128e-13
-1.807387217812609734e-13
-1.743847214466534859e-13
-1.628014083899009743e-13
-1.466674311145787869e-13
-1.266614381242624740e-13
-1.034620779225274219e-13
-7.774799901294910500e-14
-5.019784989910297267e-14
-2.149027908456446790e-14
7.696064927090997873e-15
3.668253363228791854e-14
6.479047852745083847e-14
9.134125110900435887e-14
1.156562028733730746e-13
1.370566853169813596e-13
1.548640499362540045e-13
1.683996482276153579e-13
1.771518518599222868e-13
1.812771131917603423e-13
1.810989047541473915e-13
1.769406990781010999e-13
1.691259686946393852e-13
1.579781861347800136e-13
1.438208239295408020e-13
1.269773546099395167e-13
1.077712507069939619e-13
8.652598475172197945e-14
6.356502927514133580e-14
3.921185680826982245e-14
1.378993988212519307e-14
-1.237724897227462195e-14
-3.896623722391190049e-14
-6.565355234176886994e-14
-9.211572179482771984e-14
-1.180292730520705766e-13
-1.430707335824797244e-13
-1.669166308550372960e-13
-1.892434923387256260e-13
-2.097278455025267462e-13
-2.280462178154229408e-13
-2.438751367463963426e-13
-2.568911297644292861e-13
-2.668527626147888272e-13
-2.738467541478823196e-13
-2.780418614904017877e-13
-2.796068417690394576e-13
-2.787104521104875053e-13
-2.755214496414382579e-13
-2.702085914885837903e-13
-2.629406347786162783e-13
-2.538863366382279481e-13
-2.432144541941109756e-13
-2.310937445729575870e-13
-2.176929649014599330e-13
-2.031808723063101640e-13
-1.877262239142005820e-13
-1.714977768518232871e-13
-1.546642882458704804e-13
-1.373945152230343630e-13
-1.198572149100071357e-13
-1.022211444334809240e-13
-8.465506092014802984e-14
-6.732772149670054068e-14
-5.040788328983069543e-14
-3.406430342623067619e-14
-1.846573903259266507e-14
-3.780947235608851268e-15
9.854431537692363328e-15
2.243722365893752890e-14
3.399737219941718332e-14
4.456482023042159231e-14
5.416951082324124721e-14
6.284138704916661724e-14
7.061039197948796971e-14
7.750646868549577387e-14
8.355956023848042953e-14
8.879960970973227341e-14
9.325656017054189466e-14
9.696035469219947853e-14
9.994093634599558894e-14
1.022282482032205752e-13
1.038522333351648750e-13
1.048428348131187368e-13
1.052299957083727748e-13
1.050436590922173133e-13
1.043137680359427773e-13
1.030702656108394908e-13
1.013430948881979546e-13
9.916219893930850558e-14
9.655752083546156868e-14
9.355900364794758161e-14
9.019659044805690633e-14
8.650022430707994267e-14
8.249984829630716619e-14
7.822540548702892621e-14
7.370683895053560994e-14
6.897409175811768031e-14
6.405710698106546142e-14
5.898582769066946669e-14
5.379019695822001389e-14
4.850015785500754072e-14
4.314565345232239651e-14
3.775662682145510731e-14
3.236302103369597828e-14
2.699477916033544078e-14
2.168184427266390728e-14
1.645415944197179336e-14
1.134166773954943260e-14
6.374312236687344709e-15
1.582036004675850640e-15
-3.005217885194627700e-15
-7.357506361633649467e-15
-1.144488635335086532e-14
-1.523741478905584705e-14
-1.870514859745816010e-14
-2.181814470726745200e-14
-2.454646004719326612e-14
-2.686782778637759628e-14
-2.879068605569177418e-14
-3.033114922643956621e-14
-3.150533166992464722e-14
-3.232934775745077099e-14
-3.281931186032170386e-14
-3.299133834984108602e-14
-3.286154159731269644e-14
-3.244603597404026364e-14
-3.176093585132745302e-14
-3.082235560047806251e-14
-2.964640959279578906e-14
-2.824921219958435487e-14
-2.664687779214747583e-14
-2.485552074178890569e-14
-2.289125541981232248e-14
-2.077019619752149256e-14
-1.850845744622011920e-14
-1.612215353721195300e-14
-1.362739884180068618e-14
-1.104030773129005514e-14
-8.376994576983807321e-15
-5.653573750185631787e-15
-2.886159622199283081e-15
-9.086656432844947843e-17
2.716191052123129466e-15
5.518898855851696845e-15
8.301142475553543872e-15
1.104680753992496965e-14
1.373977967766222830e-14
1.636394451746161500e-14
1.890318768801935864e-14
2.134139481803178434e-14
2.366245153619515413e-14
2.585024347120573950e-14
2.788865625175979302e-14
2.976157550655363034e-14
3.145288686428349772e-14
3.294647595364569189e-14
3.422622840333644648e-14
3.527602984205211501e-14
3.607976589848889325e-14
3.662132220134307794e-14
3.688458437931097211e-14
3.685343806108880940e-14
3.651176887537291178e-14
3.584346245085952550e-14
3.483240441624491574e-14
3.346248040022539817e-14
3.171757603149719379e-14
2.958878054305987022e-14
2.709599758512587356e-14
2.426633441221096493e-14
2.112689827883086132e-14
1.770479643950128600e-14
1.402713614873800960e-14
1.012102466105670490e-14
6.013569230973161448e-15
1.731877113003074130e-15
-2.696944438337868483e-15
-7.245788168533845291e-15
-1.188754682306917719e-14
-1.659511314742812196e-14
-2.134137988709495632e-14
-2.609923978755392860e-14
-3.084158559428935653e-14
-3.554131005278546950e-14
-4.017130590852655369e-14
-4.470446590699681324e-14
-4.911368279368065425e-14
-5.337184931406222407e-14
-5.745185821362584673e-14
-6.132660223785575795e-14
-6.496897413223625652e-14
-6.835186664225162232e-14
-7.144817251338612260e-14
-7.423078449112394889e-14
-7.667259532094949465e-14
-7.874649774834692616e-14
-8.042538451880059902e-14
-8.168214837779469214e-14
-8.248968207081353587e-14
-8.282087834334138485e-14
-8.264862994086249370e-14
-8.194582960886118017e-14
-8.068537009282166101e-14
-7.884014413822824135e-14
-7.638304449056512534e-14
-7.328696389531665594e-14
-6.952479509796707517e-14
-6.506943084400070078e-14
-5.989376387890172427e-14
-5.397068694815441291e-14
-4.727309279724310967e-14
-3.977387417165196822e-14
-3.144592381686541988e-14
-2.226213447836765302e-14
-1.219539890164286863e-14
-1.218609832175458606e-15
1.069533998455042340e-14
2.355501861355095497e-14
3.729483736184478404e-14
5.183066834695086926e-14
6.707838368638845171e-14
8.295385549767652633e-14
9.937295589833411332e-14
1.162515570058804348e-13
1.335055309378345110e-13
1.510507498117154378e-13
1.688030857450423869e-13
1.866784108553343532e-13
2.045925972601103569e-13
2.224615170768897211e-13
2.402010424231912641e-13
2.577270454165342332e-13
2.749553981744377749e-13
2.918019728144208589e-13
3.081826414540026062e-13
3.240132762107019867e-13
3.392097492020383739e-13
3.536879325455305861e-13
3.673636983586979464e-13
3.801529187590592225e-13
3.919714658641338386e-13
4.027352117914408147e-13
4.123600286584990702e-13
4.207617885828277767e-13
4.278563636819461058e-13
4.335596260733731282e-13
4.377874478746278137e-13
4.404557012032292328e-13
4.414802581766967593e-13
4.407769909125492112e-13
4.382617715283056595e-13
4.338504721414855280e-13
4.274589648696075340e-13
4.190031218301908998e-13
4.083988151407546960e-13
3.955619169188180437e-13
3.804082992818999632e-13
3.628538343475199290e-13
3.428143942331965070e-13
3.202058510564487677e-13
2.949440769347962868e-13
2.669449439857576805e-13
2.361243243268524235e-13
2.023980900755994602e-13
1.656821133495176845e-13
1.258922662661264953e-13
8.294442094294467296e-14
3.679262240378104961e-14
-1.245639270239845976e-14
-6.465771482033786317e-14
-1.196664343947819512e-13
-1.773376418704747319e-13
-2.375264276921604341e-13
-3.000878823045838674e-13
-3.648770961524890334e-13
-4.317491596806202874e-13
-5.005591633337224893e-13
-5.711621975565391863e-13
-6.434133527938151377e-13
-7.171677194902947994e-13
-7.922803880907224256e-13
-8.686064490398421694e-13
-9.460009927823987900e-13
-1.024319109763136339e-12
-1.103415890426799072e-12
-1.183146425218131747e-12
-1.263365804581878113e-12
-1.343929118962782929e-12
-1.424691458805590955e-12
-1.505507914555045939e-12
-1.586233576655891833e-12
-1.666723535552874003e-12
-1.746832881690736398e-12
-1.826416705514222970e-12
-1.905330097468078479e-12
-1.983428147997046673e-12
-2.060565947545873119e-12
-2.136598586559301769e-12
-2.211381155482076170e-12
-2.284768744758941081e-12
-2.356616444834640857e-12
-2.426779346153920661e-12
-2.495112539161523232e-12
-2.561471114302194138e-12
-2.625710162020677733e-12
-2.687684772761717565e-12
-2.747250036970058393e-12
-2.804261045090445380e-12
-2.858572887567621265e-12
-2.910040654846331615e-12
-2.958519437371320785e-12
-3.003864325587331918e-12
-3.045930409939110987e-12
-3.084572780871401132e-12
-3.119646528828947115e-12
-3.151006744256494098e-12
-3.178508517598784415e-12
-3.202046312541817418e-12
-3.221672085736599909e-12
-3.237477167075395706e-12
-3.249552886450464992e-12
-3.257990573754069162e-12
-3.262881558878471224e-12
-3.264317171715931363e-12
-3.262388742158712183e-12
-3.257187600099074675e-12
-3.248805075429281042e-12
-3.237332498041592273e-12
-3.222861197828270571e-12
-3.205482504681577329e-12
-3.185287748493774347e-12
-3.162368259157122615e-12
-3.136815366563884738e-12
-3.108720400606321707e-12
-3.078174691176695320e-12
-3.045269568167266568e-12
-3.010096361470298460e-12
-2.972746400978051179e-12
-2.933311016582788139e-12
-2.891881538176768715e-12
-2.848549295652255916e-12
-2.803405618901511541e-12
-2.756541837816796176e-12
-2.708049282290373235e-12
-2.658019282214502496e-12
-2.606543167481445759e-12
-2.553712267983466032e-12
-2.499617913612823499e-12
-2.444351434261780361e-12
-2.388004159822598820e-12
-2.330667420187539868e-12
-2.272432545248864897e-12
-2.213390864898836515e-12
-2.153633709029715308e-12
-2.093252407533762669e-12
-2.032338290303242014e-12
-1.970982687230413119e-12
-1.909276928207538189e-12
-1.847312343126879424e-12
-1.785180261880697815e-12
-1.722972014361255362e-12
-1.660778930460813460e-12
-1.598692340071633704e-12
-1.536803573085977490e-12
-1.475203959396107422e-12
-1.413984828894284088e-12
-1.353237511472769690e-12
-1.293034865844198900e-12
-1.233375866002700318e-12
-1.174241014762775418e-12
-1.115610814938926278e-12
-1.057465769345654170e-12
-9.997863807974609728e-13
-9.425531521088481591e-13
-8.857465860943180106e-13
-8.293471855683716982e-13
-7.733354533455114022e-13
-7.176918922402383945e-13
-6.623970050670543508e-13
-6.074312946404614514e-13
-5.527752637749610692e-13
-4.984094152850548798e-13
-4.443142519852448113e-13
-3.904702766900323373e-13
-3.368579922139192851e-13
-2.834579013714073301e-13
-2.302505069769979966e-13
-1.772163118451934399e-13
-1.243358187904950327e-13
-7.158953062740453897e-14
-1.895795017042355550e-14
3.357841976594596757e-14
8.603907636720243977e-14
1.384435168188442707e-13
1.908112383063695574e-13
2.431617380152766622e-13
2.955145131310638338e-13
3.478890608392296993e-13
4.003048783252720783e-13
4.527814627746894970e-13
5.053383113729802294e-13
5.579949213056424989e-13
6.107707897581747811e-13
6.636854139160751986e-13
7.167582909648420758e-13
7.700089180899739388e-13
8.234567924769687082e-13
8.771214113113246073e-13
9.310222717785405664e-13
9.851788710641143040e-13
1.039610706353544447e-12
1.094337274832328917e-12
1.149378073685966239e-12
1.204752600099954536e-12
1.260480351259792536e-12
1.316580824350978159e-12
1.373073516559009731e-12
1.429970007999734199e-12
1.487250210510393207e-12
1.544886118858576013e-12
1.602849727811873491e-12
1.661113032137875303e-12
1.719648026604170910e-12
1.778426705978350578e-12
1.837421065028004778e-12
1.896603098520722769e-12
1.955944801224095422e-12
2.015418167905711796e-12
2.074995193333162561e-12
2.134647872274036775e-12
2.194348199495925915e-12
2.254068169766418231e-12
2.313779777853105203e-12
2.373455018523575482e-12
2.433065886545420144e-12
2.492584376686228650e-12
2.551982483713590863e-12
2.611232202395097051e-12
2.670305527498337482e-12
2.729174453790901616e-12
2.787810976040379317e-12
2.846187089014360853e-12
2.904274787480436492e-12
2.962046066206196098e-12
3.019472919959228726e-12
3.076527343507125050e-12
3.133181331617475740e-12
3.189406879057869448e-12
3.245175980595897655e-12
3.300460630999149417e-12
3.355232825035213789e-12
3.409464557471681847e-12
3.463127823076144668e-12
3.516194616616190095e-12
3.568636932859409608e-12
3.620426766573392667e-12
3.671536112525728732e-12
3.721936965484008879e-12
3.771601320215821356e-12
3.820501171488758451e-12
3.868608514070409220e-12
3.915895342728362719e-12
3.962333652230209619e-12
4.007895437343538978e-12
4.052552692835943081e-12
4.096277413475010178e-12
4.139041594028330133e-12
4.180823109442982118e-12
4.221623355384000118e-12
4.261449607695903387e-12
4.300309142223218450e-12
4.338209234810462945e-12
4.375157161302160974e-12
4.411160197542834213e-12
4.446225619377002726e-12
4.480360702649192229e-12
4.513572723203921168e-12
4.545868956885714452e-12
4.577256679539091336e-12
4.607743167008575113e-12
4.637335695138687460e-12
4.666041539773950863e-12
4.693867976758887000e-12
4.720822281938017548e-12
4.746911731155864186e-12
4.772143600256949398e-12
4.796525165085795670e-12
4.820063701486923872e-12
4.842766485304856489e-12
4.864640792384115200e-12
4.885693898569222489e-12
4.905933079704699227e-12
4.925365611635068706e-12
4.943998770204852605e-12
4.961839831258571793e-12
4.978896070640747949e-12
4.995174764195905980e-12
5.010683187768565949e-12
5.025428617203249535e-12
5.039418328344478413e-12
5.052659597036775071e-12
5.065159699124661185e-12
5.076925910452660048e-12
5.087965506865291724e-12
5.098285764207079505e-12
5.107893958322545070e-12
5.116797365056209287e-12
5.125003260252595450e-12
5.132518919756225236e-12
5.139351619411620325e-12
5.145508635063302392e-12
5.150997242555793925e-12
5.155824717733616599e-12
5.159998336441292902e-12
5.163525374523343702e-12
5.166413107824292294e-12
5.168668812188659546e-12
5.170299686423332862e-12
5.171312621184660126e-12
5.171714430091354137e-12
5.171511926762127697e-12
5.170711924815693605e-12
5.169321237870765471e-12
5.167346679546054479e-12
5.164795063460275046e-12
5.161673203232139164e-12
5.157987912480359634e-12
5.153746004823649256e-12
5.148954293880721640e-12
5.143619593270289585e-12
5.137748716611065893e-12
5.131348477521761747e-12
5.124425689621092373e-12
5.116987166527768956e-12
5.109039721860505103e-12
5.100590169238013615e-12
5.091645322279006486e-12
5.082211994602197323e-12
5.072296999826299736e-12
5.061907151570024908e-12
5.051049263452087256e-12
5.039730149091198774e-12
5.027956622106072261e-12
5.015735496115420519e-12
5.003073584737956347e-12
4.989977701592393355e-12
4.976454660297444343e-12
4.962511274471820495e-12
4.948154357734237037e-12
4.933390723703405153e-12
4.918227185998038451e-12
4.902670558236848116e-12
4.886727654038549373e-12
4.870405287021854215e-12
4.853710270805476249e-12
4.836649419008125853e-12
4.819229545248518250e-12
4.801457463145364627e-12
4.783339986317379399e-12
4.764883928383274559e-12
4.746096102961762908e-12
4.726983323671557245e-12
4.707552404131370373e-12
4.687810157959915899e-12
4.667763398775905816e-12
4.647418940198053732e-12
4.626783595845071641e-12
4.605862823717924517e-12
4.584656659346581989e-12
4.563163782643266671e-12
4.541382873520199557e-12
4.519312611889601645e-12
4.496951677663695547e-12
4.474298750754703066e-12
4.451352511074844391e-12
4.428111638536343749e-12
4.404574813051420521e-12
4.380740714532297320e-12
4.356608022891195948e-12
4.332175418040337403e-12
4.307441579891943488e-12
4.282405188358236008e-12
4.257064923351438382e-12
4.231419464783769184e-12
4.205467492567451024e-12
4.179207686614707323e-12
4.152638726837758269e-12
4.125759293148824859e-12
4.098568065460131320e-12
4.071063723683896224e-12
4.043244947732342992e-12
4.015110417517692620e-12
3.986658812952167720e-12
3.957888813947988479e-12
3.928799100417378319e-12
3.899388352272557427e-12
3.869655249425747608e-12
3.839598471789172280e-12
3.809216699275050826e-12
3.778508611795606664e-12
3.747472889263059175e-12
3.716108211589632587e-12
3.684413258687547896e-12
3.652386710469025291e-12
3.620027246846288190e-12
3.587333547731557591e-12
3.554304293037054894e-12
3.520938162675001498e-12
3.487233836557620017e-12
3.453189994597132253e-12
3.418805316705758395e-12
3.384078482795721459e-12
3.349008172779242442e-12
3.313593066568542743e-12
3.277831844075845379e-12
3.241723185213370537e-12
3.205265769893340830e-12
3.168458383167585692e-12
3.131300230646368713e-12
3.093790623079561515e-12
3.055928871217036125e-12
3.017714285808664169e-12
2.979146177604317268e-12
2.940223857353866238e-12
2.900946635807184722e-12
2.861313823714142325e-12
2.821324731824613092e-12
2.780978670888466628e-12
2.740274951655575364e-12
2.699212884875810924e-12
2.657791781299045334e-12
2.616010951675150621e-12
2.573869706753998410e-12
2.531367357285459112e-12
2.488503214019405966e-12
2.445276587705709788e-12
2.401686789094243008e-12
2.357733128934876442e-12
2.313414917977483330e-12
2.268731466971933679e-12
2.223682086668099920e-12
2.178266087815853676e-12
2.132482781165066572e-12
2.086331477465611038e-12
2.039811487467358293e-12
1.992922121920179962e-12
1.945662691573947667e-12
1.898032507178532628e-12
1.850030879483807680e-12
1.801657119239644446e-12
1.752910537195913742e-12
1.703790444102487798e-12
1.654296150709238842e-12
1.604426967766037488e-12
1.554182206022756369e-12
1.503561176229266907e-12
1.452563189135440725e-12
1.401187555491149043e-12
1.349433586046264695e-12
1.297300591550658699e-12
1.244787882754202679e-12
1.191894770406768864e-12
1.138620565258228674e-12
1.084964578058453331e-12
1.030926119557315466e-12
9.765045005046862994e-13
9.216990316504376566e-13
8.665149789210337651e-13
8.109814289493097750e-13
7.551334235446934405e-13
6.990060045166127180e-13
6.426342136744948569e-13
5.860530928277679144e-13
5.292976837858594430e-13
4.724030283581973989e-13
4.154041683542093344e-13
3.583361455833230040e-13
3.012340018549660609e-13
2.441327789785664614e-13
1.870675187635517075e-13
1.300732630193496544e-13
7.318505355538804386e-14
1.643793218109447870e-14
-4.013305929410329936e-14
-9.649287906077729618e-14
-1.526064853095001613e-13
-2.084388362308439259e-13
-2.639548900153809113e-13
-3.191196048536834137e-13
-3.738979389363237797e-13
-4.282548504538739522e-13
-4.821552975969066815e-13
-5.355642385559940116e-13
-5.884466315217080870e-13
-6.407674346846213554e-13
-6.924916062353058604e-13
-7.435841043643341508e-13
-7.940098872622784722e-13
-8.437339131197112722e-13
-8.927211401272041906e-13
-9.409365264753299779e-13
-9.883450303546606780e-13
-1.034911609955768738e-12
-1.080601223469226304e-12
-1.125378829085605923e-12
-1.169209384995479538e-12
-1.212057849389419497e-12
-1.253889180457998145e-12
-1.294668336391787627e-12
-1.334360275381360694e-12
-1.372929955617289289e-12
-1.410342335290145153e-12
-1.446562372590501237e-12
-1.481555025708929485e-12
-1.515285252836002446e-12
-1.547718012162292263e-12
-1.578818261878371082e-12
-1.608561735232229782e-12
-1.636967265701534177e-12
-1.664064461821367405e-12
-1.689882932126814217e-12
-1.714452285152957950e-12
-1.737802129434882751e-12
-1.759962073507672563e-12
-1.780961725906411331e-12
-1.800830695166182997e-12
-1.819598589822071709e-12
-1.837295018409160803e-12
-1.853949589462534830e-12
-1.869591911517277733e-12
-1.884251593108473053e-12
-1.897958242771204733e-12
-1.910741469040557524e-12
-1.922630880451614160e-12
-1.933656085539458987e-12
-1.943846692839176354e-12
-1.953232310885849800e-12
-1.961842548214563673e-12
-1.969707013360401918e-12
-1.976855314858448073e-12
-1.983317061243785679e-12
-1.989121861051499891e-12
-1.994299322816673846e-12
-1.998879055074391487e-12
-2.002890666359737163e-12
-2.006363765207794008e-12
-2.009327960153647179e-12
-2.011812859732379407e-12
-2.013848072479075445e-12
-2.015463206928818429e-12
-2.016687871616693513e-12
-2.017551675077783431e-12
-2.018084225847172933e-12
-2.018315132459945560e-12
-2.018274003451186064e-12
-2.017990447355976771e-12
-2.017494072709402840e-12
-2.016814488046547404e-12
-2.015981301902495216e-12
-2.015024122812330220e-12
-2.013972559311135955e-12
-2.012856219933996366e-12
-2.011704713215995396e-12
-2.010547647692216989e-12
-2.009414631897745089e-12
-2.008335274367663640e-12
-2.007339183637057394e-12
-2.006449640549691721e-12
-2.005664615184064162e-12
-2.004975749927356109e-12
-2.004374687166746935e-12
-2.003853069289416012e-12
-2.003402538682545135e-12
-2.003014737733313272e-12
-2.002681308828901007e-12
-2.002393894356488117e-12
-2.002144136703255589e-12
-2.001923678256382796e-12
-2.001724161403050321e-12
-2.001537228530437939e-12
-2.001354522025726237e-12
-2.001167684276094988e-12
-2.000968357668725181e-12
-2.000748184590795785e-12
-2.000498807429487787e-12
-2.000211868571980963e-12
-1.999879010405455896e-12
-1.999491875317091961e-12
-1.999042105694070546e-12
-1.998521343923570219e-12
-1.997921232392772773e-12
-1.997233413488857177e-12
-1.996449529599004015e-12
-1.995561223110393871e-12
-1.994560136410206520e-12
-1.993437911885621740e-12
-1.992186191923820114e-12
-1.990796618911982225e-12
-1.989260835237287043e-12
-1.987570483286916362e-12
-1.985717205448048343e-12
-1.983692644107865185e-12
-1.981488441653545454e-12
-1.979096240472270540e-12
-1.976507682951219816e-12
-1.973714411477573462e-12
-1.970708068438512061e-12
-1.967480296221215390e-12
-1.964022737212863628e-12
-1.960327033800637764e-12
-1.956384828371716766e-12
-1.952187763313281217e-12
-1.947727481012511702e-12
-1.942995623856587996e-12
-1.937983834232689876e-12
-1.932683754527998734e-12
-1.927087027129693132e-12
-1.921186776206375848e-12
-1.914982053052333979e-12
-1.908473390743275603e-12
-1.901661322354910010e-12
-1.894546380962946084e-12
-1.887129099643091097e-12
-1.879410011471055953e-12
-1.871389649522547519e-12
-1.863068546873275084e-12
-1.854447236598947534e-12
-1.845526251775273755e-12
-1.836306125477961419e-12
-1.826787390782720626e-12
-1.816970580765258846e-12
-1.806856228501285168e-12
-1.796444867066508679e-12
-1.785737029536637861e-12
-1.774733248987380791e-12
-1.763434058494447366e-12
-1.751839991133545057e-12
-1.739951579980383355e-12
-1.727769358110670541e-12
-1.715293858600115702e-12
-1.702525614524426915e-12
-1.689465158959313472e-12
-1.676113024980484054e-12
-1.662469745663646741e-12
-1.648535854084510619e-12
-1.634311883318784372e-12
-1.619798366442176887e-12
-1.604995836530396645e-12
-1.589904826659152127e-12
-1.574525869904152421e-12
-1.558859499341105807e-12
-1.542906248045721373e-12
-1.526666649093707803e-12
-1.510141235560773375e-12
-1.493330540522627179e-12
-1.476235097054977896e-12
-1.458855438233533808e-12
-1.441192097134004003e-12
-1.423245606832096960e-12
-1.405016500403521567e-12
-1.386505310923986508e-12
-1.367712571469200263e-12
-1.348638815114871718e-12
-1.329284574936709154e-12
-1.309650384010422062e-12
-1.289736775411718317e-12
-1.269544282216307210e-12
-1.249075691034049700e-12
-1.228342802611417469e-12
-1.207359671229035080e-12
-1.186140351167526895e-12
-1.164698896707517074e-12
-1.143049362129629777e-12
-1.121205801714489768e-12
-1.099182269742720804e-12
-1.076992820494948054e-12
-1.054651508251795072e-12
-1.032172387293886825e-12
-1.009569511901846867e-12
-9.868569363563001667e-13
-9.640487149378708824e-13
-9.411589019271833762e-13
-9.182015516048620096e-13
-8.951907182515310435e-13
-8.721404561478146373e-13
-8.490648195743373548e-13
-8.259778628117234565e-13
-8.028936401405973042e-13
-7.798262058415833604e-13
-7.567896141953056838e-13
-7.337979194823887371e-13
-7.108651759834567809e-13
-6.880054379791342777e-13
-6.652327597500455894e-13
-6.425611955768149764e-13
-6.200047997400665985e-13
-5.975776265204250193e-13
-5.752937301985146004e-13
-5.531671650549595015e-13
-5.312119853703841851e-13
-5.094422454254128111e-13
-4.878719995006698419e-13
-4.665153018767797403e-13
-4.453862068343665144e-13
-4.244987686540547783e-13
-4.038670416164687421e-13
-3.835050800022327675e-13
-3.634269380919711153e-13
-3.436466701663082983e-13
-3.241783305058685269e-13
-3.050359733912760617e-13
-2.862336531031554157e-13
-2.677854239221307488e-13
-2.497053401288264224e-13
-2.320074560038669498e-13
-2.147058258278764652e-13
-1.978145038814793557e-13
-1.813441736183229731e-13
-1.652920351841466045e-13
-1.496519178977126034e-13
-1.344176510777832724e-13
-1.195830640431208890e-13
-1.051419861124878065e-13
-9.108824660464627713e-14
-7.741567483835872981e-14
-6.411810013238739159e-14
-5.118935180549461569e-14
-3.862325917644266699e-14
-2.641365156399389872e-14
-1.455435828691060101e-14
-3.039208663955127088e-15
8.137967986110245550e-15
1.898334234452315105e-14
2.950308509252136239e-14
3.970336691134248848e-14
4.959035848222426445e-14
5.917023048640438754e-14
6.844915360512049191e-14
7.743329851961023694e-14
8.612883591111139562e-14
9.454193646086158948e-14
1.026787708500985663e-13
1.105455097600599601e-13
1.181483238719834304e-13
1.254933838671068007e-13
1.325868604266676040e-13
1.394349242319035377e-13
1.460437459640524000e-13
1.524194963043517871e-13
1.585683459340394217e-13
1.644964655343529756e-13
1.702100257865300704e-13
1.757151973718085296e-13
1.810181509714259495e-13
1.861250572666200525e-13
1.910420869386284855e-13
1.957754106686889709e-13
2.003311991380391303e-13
2.047156230279167366e-13
2.089348530195594618e-13
2.129950597942049023e-13
2.169024140330908563e-13
2.206630864174549453e-13
2.242832476285348412e-13
2.277690683475683172e-13
2.311267192557929947e-13
2.343623710344465457e-13
2.374807962396428637e-13
2.404811749270004253e-13
2.433612890270140042e-13
2.461189204701782732e-13
2.487518511869880059e-13
2.512578631079377238e-13
2.536347381635223519e-13
2.558802582842363612e-13
2.579922054005746263e-13
2.599683614430318200e-13
2.618065083421026151e-13
2.635044280282816843e-13
2.650599024320638014e-13
2.664707134839436392e-13
2.677346431144158703e-13
2.688494732539753191e-13
2.698129858331165068e-13
2.706229627823342577e-13
2.712771860321232445e-13
2.717734375129781400e-13
2.721094991553936675e-13
2.722831528898646007e-13
2.722921806468855618e-13
2.721343643569512237e-13
2.718074859505563601e-13
2.713093273581956437e-13
2.706376705103637978e-13
2.697902973375554951e-13
2.687649897702654590e-13
2.675595297389883621e-13
2.661716991742189783e-13
2.645992800064519298e-13
2.628400541661820408e-13
2.608918035839038327e-13
2.587523101901121296e-13
2.564193559153016043e-13
2.538907226899669801e-13
2.511641924446029298e-13
2.482375471097041765e-13
2.451085686157654436e-13
2.417750388932813534e-13
2.382347398727467300e-13
2.344854534846561452e-13
2.305249616595043729e-13
2.263510463277861109e-13
2.219614894199961079e-13
2.173540728666289607e-13
2.125265785981794433e-13
2.074767885451422535e-13
2.022024846380121147e-13
1.967026617510507179e-13
1.909811665335880807e-13
1.850430585787212892e-13
1.788933974795472530e-13
1.725372428291631088e-13
1.659796542206658419e-13
1.592256912471525385e-13
1.522804135017201841e-13
1.451488805774658142e-13
1.378361520674864900e-13
1.303472875648791967e-13
1.226873466627410458e-13
1.148613889541689973e-13
1.068744740322600871e-13
9.873166149011142659e-14
9.043801092081997586e-14
8.199858191748282115e-14
7.341843407319694775e-14
6.470262698105939142e-14
5.585622023416720056e-14
4.688427342561744248e-14
3.779184614850712773e-14
2.858399799593324158e-14
1.926578856099288921e-14
9.842277436783055923e-15
3.185242164007900984e-16
-9.300411507056859870e-15
-1.900947014049287714e-14
-2.880359209081018809e-14
-3.867771776491180111e-14
-4.862678756970071199e-14
-5.864574191207982817e-14
-6.872952119895212649e-14
-7.887306583722060905e-14
-8.907131623378818959e-14
-9.931921279555783234e-14
-1.096116959294325773e-13
-1.199437060423153760e-13
-1.303101835411090791e-13
-1.407060688327167897e-13
-1.511263023240413711e-13
-1.615658244219859136e-13
-1.720195755334532554e-13
-1.824824960653464363e-13
-1.929495264245684206e-13
-2.034156070180221472e-13
-2.138756782526105553e-13
-2.243246805352366846e-13
-2.347575542728034743e-13
-2.451692398722138128e-13
-2.555555368358677957e-13
-2.659156810481532114e-13
-2.762497674889551560e-13
-2.865578911381583727e-13
-2.968401469756480081e-13
-3.070966299813087044e-13
-3.173274351350256083e-13
-3.275326574166835638e-13
-3.377123918061674147e-13
-3.478667332833624089e-13
-3.579957768281530874e-13
-3.680996174204245465e-13
-3.781783500400616806e-13
-3.882320696669494852e-13
-3.982608712809727536e-13
-4.082648498620165822e-13
-4.182441003899658149e-13
-4.281987178447052452e-13
-4.381287972061200703e-13
-4.480344334540949828e-13
-4.579157215685149275e-13
-4.677727565292650512e-13
-4.776056333162300465e-13
-4.874144469092949591e-13
-4.971992922883446331e-13
-5.069602644332640132e-13
-5.166974583239380444e-13
-5.264109689402516716e-13
-5.361008912620898396e-13
-5.457673202693373924e-13
-5.554103509418793759e-13
-5.650300782596005330e-13
-5.746265972023861115e-13
-5.842000027501205514e-13
-5.937503898826891005e-13
-6.032778535799768048e-13
-6.127824888218682051e-13
-6.222643905882486503e-13
-6.317236538590027824e-13
-6.411603736140155463e-13
-6.505746448331718868e-13
-6.599665624963568498e-13
-6.693362215834553802e-13
-6.786837170743522209e-13
-6.880091439489323169e-13
-6.973125971870807140e-13
-7.065941717686821551e-13
-7.158539626736218880e-13
-7.250920648817845548e-13
-7.343085733730552013e-13
-7.435026277839979378e-13
-7.526695463778938391e-13
-7.618036920747032465e-13
-7.708994277943867032e-13
-7.799511164569042475e-13
-7.889531209822161196e-13
-7.978998042902830648e-13
-8.067855293010649192e-13
-8.156046589345224282e-13
-8.243515561106159329e-13
-8.330205837493054717e-13
-8.416061047705513857e-13
-8.501024820943141172e-13
-8.585040786405541085e-13
-8.668052573292314987e-13
-8.750003810803068312e-13
-8.830838128137401441e-13
-8.910499154494917788e-13
-8.988930519075222784e-13
-9.066075851077919842e-13
-9.141878779702611364e-13
-9.216282934148898744e-13
-9.289231943616389432e-13
-9.360669437304682802e-13
-9.430539044413384286e-13
-9.498784394142095277e-13
-9.565349115690421206e-13
-9.630176838257965487e-13
-9.693211191044327492e-13
-9.754395803249116692e-13
-9.813674304071930441e-13
-9.870990322712374172e-13
-9.926287488370055335e-13
-9.979509430244571284e-13
-1.003059977753552543e-12
-1.007950215944252523e-12
-1.012616020516517409e-12
-1.017051754390306937e-12
-1.021251780485582053e-12
-1.025210461722302696e-12
-1.028922161020429408e-12
-1.032381241299922328e-12
-1.035582065480742000e-12
-1.038518996482848563e-12
-1.041186397226202763e-12
-1.043578630630764131e-12
-1.045690059616493617e-12
-1.047515047103351359e-12
-1.049047956011298101e-12
-1.050283149260293379e-12
-1.051216691452766511e-12
-1.051851453921019710e-12
-1.052192009679823964e-12
-1.052242931743950260e-12
-1.052008793128169184e-12
-1.051494166847251522e-12
-1.050703625915968463e-12
-1.049641743349090796e-12
-1.048313092161389306e-12
-1.046722245367634981e-12
-1.044873775982598810e-12
-1.042772257021050974e-12
-1.040422261497763268e-12
-1.037828362427506076e-12
-1.034995132825049982e-12
-1.031927145705166579e-12
-1.028628974082626049e-12
-1.025105190972199582e-12
-1.021360369388658167e-12
-1.017399082346772387e-12
-1.013225902861313231e-12
-1.008845403947051891e-12
-1.004262158618758545e-12
-9.994807398912047885e-13
-9.945057207791606004e-13
-9.893416742973977765e-13
-9.839931734606869014e-13
-9.784647912837985596e-13
-9.727611007815035375e-13
-9.668866749685736313e-13
-9.608460868597786178e-13
-9.546439094698896872e-13
-9.482847158136780299e-13
-9.417730789059142305e-13
-9.351135717613690753e-13
-9.283107673948137548e-13
-9.213692388210188534e-13
-9.142935590547553594e-13
-9.070883011107943624e-13
-8.997580380039063457e-13
-8.923073427488620959e-13
-8.847407883604330053e-13
-8.770629478533894563e-13
-8.692783942425026394e-13
-8.613917005425432400e-13
-8.534074397682822465e-13
-8.453301849344902435e-13
-8.371645090559385221e-13
-8.289149851473977680e-13
-8.205861862236386666e-13
-8.121819119716160402e-13
-8.037028687670193406e-13
-7.951489896577215504e-13
-7.865202076915962583e-13
-7.778164559165162449e-13
-7.690376673803550990e-13
-7.601837751309856012e-13
-7.512547122162813402e-13
-7.422504116841153996e-13
-7.331708065823609641e-13
-7.240158299588911175e-13
-7.147854148615791454e-13
-7.054794943382982324e-13
-6.960980014369216642e-13
-6.866408692053225245e-13
-6.771080306913742000e-13
-6.674994189429496733e-13
-6.578149670079222301e-13
-6.480546079341651562e-13
-6.382182747695514341e-13
-6.283059005619543495e-13
-6.183174183592472892e-13
-6.082527612093034377e-13
-5.981118621599956768e-13
-5.878946542591974941e-13
-5.776010705547818724e-13
-5.672310440946224001e-13
-5.567845079265917572e-13
-5.462613950985635322e-13
-5.356616386584108088e-13
-5.249851716540066707e-13
-5.142319271332246055e-13
-5.034018381439374949e-13
-4.924948377340187256e-13
-4.815108589513413813e-13
-4.704498348437789496e-13
-4.593116984592042113e-13
-4.480963828454906034e-13
-4.368038210505114117e-13
-4.254339461221396188e-13
-4.139866911082484600e-13
-4.024619890567113218e-13
-3.908597730154012880e-13
-3.791799760321914927e-13
-3.674225311549552216e-13
-3.555873714315656089e-13
-3.436744299098959402e-13
-3.316836396378194003e-13
-3.196149336632091232e-13
-3.074682450339383947e-13
-2.952440922883398008e-13
-2.829453359265842396e-13
-2.705754219393016068e-13
-2.581377963171223027e-13
-2.456359050506764754e-13
-2.330731941305942729e-13
-2.204531095475059695e-13
-2.077790972920416375e-13
-1.950546033548315006e-13
-1.822830737265058331e-13
-1.694679543976947829e-13
-1.566126913590284477e-13
-1.437207306011370765e-13
-1.307955181146508677e-13
-1.178404998902000451e-13
-1.048591219184147819e-13
-9.185483018992521368e-14
-7.883107069536157670e-14
-6.579128942535403162e-14
-5.273893237053277065e-14
-3.967744552152799230e-14
-2.661027486896993927e-14
-1.354086640348869804e-14
-4.726661157145326128e-16
1.259088000372242083e-14
2.564632596419194877e-14
3.869022577506382983e-14
5.171913344570795543e-14
6.472960298549401661e-14
7.771818840379190321e-14
9.068144370997145458e-14
1.036159229134024343e-13
1.165181800234546818e-13
1.293847690494979228e-13
1.422122440009020851e-13
1.549971588870369195e-13
1.677360677172722781e-13
1.804255245009779118e-13
1.930620832475236728e-13
2.056422979662793623e-13
2.181627226666147568e-13
2.306199113578997333e-13
2.430104180495040682e-13
2.553307967507975376e-13
2.675776014711500946e-13
2.797473862199313892e-13
2.918367050065112228e-13
3.038421118402594979e-13
3.157601607305460160e-13
3.275874056867406291e-13
3.393209778365939892e-13
3.509603167813807061e-13
3.625054392407563918e-13
3.739563619343765067e-13
3.853131015818965616e-13
3.965756749029721179e-13
4.077440986172587371e-13
4.188183894444119804e-13
4.297985641040872074e-13
4.406846393159400804e-13
4.514766317996261103e-13
4.621745582748007575e-13
4.727784354611197854e-13
4.832882800782384524e-13
4.937041088458123703e-13
5.040259384834972521e-13
5.142537857109483057e-13
5.243876672478212439e-13
5.344275998137715777e-13
5.443736001284549189e-13
5.542256849115265765e-13
5.639838708826424653e-13
5.736481747614576922e-13
5.832186132676279702e-13
5.926952031208088100e-13
6.020779610406558237e-13
6.113669037468245220e-13
6.205620479589703150e-13
6.296634103967488145e-13
6.386710077798154303e-13
6.475848568278259764e-13
6.564049742604358627e-13
6.651313767973003980e-13
6.737640811580753963e-13
6.823031040624161665e-13
6.907484622299785224e-13
6.991001723804175710e-13
7.073582512333894290e-13
7.155227155085489005e-13
7.235935819255522033e-13
7.315708672040545453e-13
7.394545880637115384e-13
7.472447612241783906e-13
7.549414034051111176e-13
7.625445313261650284e-13
7.700541617069955330e-13
7.774703112672583440e-13
7.847929967266089726e-13
7.920222348047028285e-13
7.991580422211956247e-13
8.062000860914516578e-13
8.131466351136712767e-13
8.199956083817638181e-13
8.267449249896383156e-13
8.333925040312042069e-13
8.399362646003703237e-13
8.463741257910462046e-13
8.527040066971411861e-13
8.589238264125642012e-13
8.650315040312244853e-13
8.710249586470313752e-13
8.769021093538941065e-13
8.826608752457219148e-13
8.882991754164241368e-13
8.938149289599094023e-13
8.992060549700877547e-13
9.044704725408678238e-13
9.096061007661590473e-13
9.146108587398705598e-13
9.194826655559116980e-13
9.242194403081916975e-13
9.288191020906197940e-13
9.332795699971050211e-13
9.375987631215564127e-13
9.417746005578838101e-13
9.458050013999962471e-13
9.496878847418025554e-13
9.534211696772123747e-13
9.570027753001343346e-13
9.604306207044786807e-13
9.637026249841538407e-13
9.668167072330690504e-13
9.697707865451339492e-13
9.725627820142575709e-13
9.751906127343485453e-13
9.776521977993173198e-13
9.799454563030721202e-13
9.820683073395223842e-13
9.840186700025775493e-13
9.857944633861466493e-13
9.873936065841391217e-13
9.888140186904637984e-13
9.900536187990303189e-13
9.911103260037479188e-13
9.919820593985254299e-13
9.926667380772720878e-13
9.931622811338973302e-13
9.934666076623105947e-13
9.935776367564207129e-13
9.934932875101371226e-13
9.932123246913229888e-13
9.927368957636565884e-13
9.920699938647711373e-13
9.912146121322988419e-13
9.901737437038727163e-13
9.889503817171247647e-13
9.875475193096884052e-13
9.859681496191956422e-13
9.842152657832794896e-13
9.822918609395723557e-13
9.802009282257068508e-13
9.779454607793157869e-13
9.755284517380317741e-13
9.729528942394872209e-13
9.702217814213149392e-13
9.673381064211475393e-13
9.643048623766176314e-13
9.611250424253578256e-13
9.578016397050007321e-13
9.543376473531787591e-13
9.507360585075249208e-13
9.469998663056720293e-13
9.431320638852522908e-13
9.391356443838981135e-13
9.350136009392427136e-13
9.307689266889180954e-13
9.264046147705576767e-13
9.219236583217932601e-13
9.173290504802578596e-13
9.126237843835842873e-13
9.078108531694050524e-13
9.028932499753525632e-13
8.978739679390596318e-13
8.927560001981588684e-13
8.875423398902826812e-13
8.822359801530641853e-13
8.768399141241356879e-13
8.713571349411295972e-13
8.657906357416791294e-13
8.601434096634162887e-13
8.544184498439739882e-13
8.486187494209850401e-13
8.427473015320817517e-13
8.368070993148970359e-13
8.308011359070633012e-13
8.247324044462132586e-13
8.186038980699793163e-13
8.124186099159945894e-13
8.061795331218913853e-13
7.998896608253022130e-13
7.935515238115721435e-13
7.871658034568948792e-13
7.807327187851762803e-13
7.742524888203223080e-13
7.677253325862390242e-13
7.611514691068322894e-13
7.545311174060078626e-13
7.478644965076721090e-13
7.411518254357306867e-13
7.343933232140896580e-13
7.275892088666548829e-13
7.207397014173320198e-13
7.138450198900276357e-13
7.069053833086473887e-13
6.999210106970971391e-13
6.928921210792829490e-13
6.858189334791107796e-13
6.787016669204863901e-13
6.715405404273158427e-13
6.643357730235053004e-13
6.570875837329602195e-13
6.497961915795870661e-13
6.424618155872914984e-13
6.350846747799794776e-13
6.276649881815570658e-13
6.202029748159301232e-13
6.126988537070046110e-13
6.051528438786863893e-13
5.975651643548815203e-13
5.899360341594960662e-13
5.822656723164355841e-13
5.745542978496064392e-13
5.668021297829143907e-13
5.590093871402653997e-13
5.511762889455654275e-13
5.433030542227203341e-13
5.353899019956361817e-13
5.274370512882188305e-13
5.194447211243743427e-13
5.114131305280085785e-13
5.033424985230274989e-13
4.952330441333369643e-13
4.870849863828431376e-13
4.788985442954517782e-13
4.706739368950688471e-13
4.624113832056004066e-13
4.541111022509522663e-13
4.457733130550305388e-13
4.373982346417410339e-13
4.289860860349897127e-13
4.205374048659708912e-13
4.120540031950321023e-13
4.035380116898093853e-13
3.949915610179386279e-13
3.864167818470557685e-13
3.778158048447967452e-13
3.691907606787974460e-13
3.605437800166938594e-13
3.518769935261218733e-13
3.431925318747175269e-13
3.344925257301165566e-13
3.257791057599551025e-13
3.170544026318690020e-13
3.083205470134941427e-13
2.995796695724666650e-13
2.908339009764222546e-13
2.820853718929970012e-13
2.733362129898266918e-13
2.645885549345474664e-13
2.558445283947950614e-13
2.471062640382055160e-13
2.383758925324148190e-13
2.296555445450587571e-13
2.209473507437734202e-13
2.122534417961945950e-13
2.035759483699582954e-13
1.949170011327004598e-13
1.862787307520570012e-13
1.776632678956638830e-13
1.690727432311570183e-13
1.605092874261722949e-13
1.519750311483457268e-13
1.434721050653132522e-13
1.350026398447107084e-13
1.265687661541741346e-13
1.181726146613393934e-13
1.098163160338424483e-13
1.015020009393192376e-13
9.323180004540569939e-14
8.500784401973777209e-14
7.683226352995133082e-14
6.870718924368240217e-14
6.063475182856687393e-14
5.261708195224065912e-14
4.465631028233972755e-14
3.675456748650000486e-14
2.891398423235741038e-14
2.113669118754790762e-14
1.342481901970740170e-14
5.780498396471845878e-15
-1.794362659891817733e-15
-9.298746708592560603e-15
-1.673185895420834877e-14
-2.409290460131713487e-14
-3.138108885449688492e-14
-3.859561691832556499e-14
-4.573569399738112847e-14
-5.280052529624152879e-14
-5.978931601948473829e-14
-6.670127137168871671e-14
-7.353559655743141115e-14
-8.029149678129080659e-14
-8.696817724784483750e-14
-9.356484316167148885e-14
-1.000806997273486951e-13
-1.065149521494544287e-13
-1.128668056325666619e-13
-1.191354653812633292e-13
-1.253201366001224030e-13
-1.314200244937218682e-13
-1.374343342666396467e-13
-1.433622711234537109e-13
-1.492030402687420330e-13
-1.549558469070825855e-13
-1.606198962430532902e-13
-1.661943934812321195e-13
-1.716785438261970457e-13
-1.770715524825260664e-13
-1.823726246547970277e-13
-1.875809655475880282e-13
-1.926957803654769140e-13
-1.977162743130417081e-13
-2.026416525948603826e-13
-2.074711204155108343e-13
-2.122038829795710859e-13
-2.168391454916190594e-13
-2.213761131562327523e-13
-2.258139911779901117e-13
-2.301519847614690596e-13
-2.343892991112475682e-13
-2.385251394319036604e-13
-2.425587109280152327e-13
-2.464892188041602829e-13
-2.503158682649167580e-13
-2.540378645148625546e-13
-2.576544127585757208e-13
-2.611647182006342037e-13
-2.645679860456159504e-13
-2.678634214980988575e-13
-2.710502297626610237e-13
-2.741279979498992633e-13
-2.770978407944865672e-13
-2.799612549371146926e-13
-2.827197370184754976e-13
-2.853747836792608404e-13
-2.879278915601626297e-13
-2.903805573018727236e-13
-2.927342775450828793e-13
-2.949905489304850560e-13
-2.971508680987710614e-13
-2.992167316906327535e-13
-3.011896363467619402e-13
-3.030710787078505805e-13
-3.048625554145904317e-13
-3.065655631076734528e-13
-3.081815984277914011e-13
-3.097121580156361347e-13
-3.111587385118995623e-13
-3.125228365572734917e-13
-3.138059487924497808e-13
-3.150095718581202880e-13
-3.161352023949769723e-13
-3.171843370437115405e-13
-3.181584724450158508e-13
-3.190591052395818622e-13
-3.198877320681014330e-13
-3.206458495712662698e-13
-3.213349543897683823e-13
-3.219565431642995277e-13
-3.225121125355516146e-13
-3.230031591442164507e-13
-3.234311796309859447e-13
-3.237976706365519043e-13
-3.241041288016061876e-13
-3.243520507668407032e-13
-3.245429331729472085e-13
-3.246782726606177129e-13
-3.247595658705438728e-13
-3.247883094434177482e-13
-3.247660000199309953e-13
-3.246941342407755734e-13
-3.245742087466433405e-13
-3.244077201782261044e-13
-3.241961651762158242e-13
-3.239410403813042066e-13
-3.236438424341832107e-13
-3.233060679755446442e-13
-3.229292136460804159e-13
-3.225147760864823333e-13
-3.220642519374422546e-13
-3.215786968725327803e-13
-3.210574026968495807e-13
-3.204992202483690181e-13
-3.199030003650675049e-13
-3.192675938849214035e-13
-3.185918516459071264e-13
-3.178746244860010359e-13
-3.171147632431795444e-13
-3.163111187554191152e-13
-3.154625418606960095e-13
-3.145678833969866904e-13
-3.136259942022675200e-13
-3.126357251145149109e-13
-3.115959269717052255e-13
-3.105054506118149266e-13
-3.093631468728203766e-13
-3.081678665926978871e-13
-3.069184606094239212e-13
-3.056137797609748411e-13
-3.042526748853270594e-13
-3.028339968204569888e-13
-3.013565964043409914e-13
-2.998193244749554294e-13
-2.982210318702767658e-13
-2.965605694282813125e-13
-2.948367879869454819e-13
-2.930485383842456868e-13
-2.911946714581583903e-13
-2.892740380466597526e-13
-2.872854889877264388e-13
-2.852278751193347100e-13
-2.831000472794609285e-13
-2.809008563060815572e-13
-2.786291530371729080e-13
-2.762837883107114440e-13
-2.738636129646735272e-13
-2.713674778370355198e-13
-2.687942337657738346e-13
-2.661427315888649346e-13
-2.634118221442850810e-13
-2.606003562700107369e-13
-2.577071848040183150e-13
-2.547311585842842280e-13
-2.516711284487847369e-13
-2.485259452354963049e-13
-2.452944597823953953e-13
-2.419755229274582690e-13
-2.385679855086614399e-13
-2.350706983639811689e-13
-2.314825123313939699e-13
-2.278030528260221654e-13
-2.240350435715720216e-13
-2.201819828688958912e-13
-2.162473690188460262e-13
-2.122347003222746531e-13
-2.081474750800341501e-13
-2.039891915929767437e-13
-1.997633481619547615e-13
-1.954734430878204302e-13
-1.911229746714260774e-13
-1.867154412136239801e-13
-1.822543410152663903e-13
-1.777431723772056355e-13
-1.731854336002939423e-13
-1.685846229853836131e-13
-1.639442388333270007e-13
-1.592677794449763066e-13
-1.545587431211838330e-13
-1.498206281628018570e-13
-1.450569328706827063e-13
-1.402711555456786074e-13
-1.354667944886419133e-13
-1.306473480004248252e-13
-1.258163143818796456e-13
-1.209771919338587020e-13
-1.161334789572142463e-13
-1.112886737527985808e-13
-1.064462746214639700e-13
-1.016097798640627037e-13
-9.678268778144707153e-14
-9.196849667446932542e-14
-8.717070484398180556e-14
-8.239281059083675119e-14
-7.763831221588645205e-14
-7.291070801998317261e-14
-6.821349630397926571e-14
-6.355017536872694535e-14
-5.892424351507851388e-14
-5.433919904388626734e-14
-4.979854025600248914e-14
-4.530576545227943746e-14
-4.086437293356942096e-14
-3.647786100072471674e-14
-3.214972795459760192e-14
-2.788347209604036937e-14
-2.368259172590528673e-14
-1.955058514504464689e-14
-1.549095065431074588e-14
-1.150718655455584504e-14
-7.602791146632240404e-15
-3.780492694803783799e-15
-3.993931698064567128e-17
3.619990905515443011e-15
7.200419891362733925e-15
1.070246955923949847e-14
1.412726182782399463e-14
1.747591861579448592e-14
2.074956184182922638e-14
2.394931342460648268e-14
2.707629528280451517e-14
3.013162933510158420e-14
3.311643750017595644e-14
3.603184169670589225e-14
3.887896384336964567e-14
4.165892585884548336e-14
4.437284966181166567e-14
4.702185717094645929e-14
4.960707030492811192e-14
5.212961098243490918e-14
5.459060112214509880e-14
5.699116264273691588e-14
5.933241746288867127e-14
6.161548750127860008e-14
6.384149467658495005e-14
6.601156090748600676e-14
6.812680811266003058e-14
7.018835821078526923e-14
7.219733312053999570e-14
7.415485476060245771e-14
7.606204504965091562e-14
7.792002590636366766e-14
7.972991924941892368e-14
8.149284699749499452e-14
8.320993106927010269e-14
8.488229338342250852e-14
8.651105585863051025e-14
8.809734041357235560e-14
8.964226896692627969e-14
9.114696343737055549e-14
9.261254574358348122e-14
9.404013780424324150e-14
9.543086153802818504e-14
9.678583886361653434e-14
9.810619169968651187e-14
9.939304196491645373e-14
1.006475115779845698e-13
1.018707224575691330e-13
1.030637965223484037e-13
1.042278556910006550e-13
1.053640218822041471e-13
1.064733192650533152e-13
1.075563810103073951e-13
1.086137425391417845e-13
1.096459392727319065e-13
1.106535066322531717e-13
1.116369800388809778e-13
1.125968949137907354e-13
1.135337866781578550e-13
1.144481907531577597e-13
1.153406425599658724e-13
1.162116775197575408e-13
1.170618310537082129e-13
1.178916385829933373e-13
1.187016355287882613e-13
1.194923573122684333e-13
1.202643393546092763e-13
1.210181170769861376e-13
1.217542259005744658e-13
1.224732012465497090e-13
1.231755785360872148e-13
1.238618931903624313e-13
1.245326806305507313e-13
1.251884762778275883e-13
1.258298155533683244e-13
1.264572338783484386e-13
1.270712666739432781e-13
1.276724493613282661e-13
1.282613173616788509e-13
1.288384060961703798e-13
1.294042509859783518e-13
1.299593874522780637e-13
1.305043509162449890e-13
1.310396767990545762e-13
1.315659005218821726e-13
1.320835575059031761e-13
1.325931831722930602e-13
1.330953129422271976e-13
1.335904822368810114e-13
1.340792264774299246e-13
1.345620810850492847e-13
1.350395814809145652e-13
1.355122630862011388e-13
1.359806613220844285e-13
1.364453116097398575e-13
1.369067493703428488e-13
1.373655100250687752e-13
1.378221289950930343e-13
1.382771417015910746e-13
1.387310835657383192e-13
1.391844900087101407e-13
