# pp
1.432144421340394333e-07
2.210435151256168041e-07
2.902849520563592889e-07
3.516716835303382228e-07
4.060756355563941209e-07
4.545086540007698993e-07
4.977991247543192845e-07
5.366773745756110485e-07
5.716357481691965617e-07
6.033002832142364203e-07
6.318951977659439236e-07
6.577507936798991473e-07
6.812258454387014269e-07
7.025487085055601109e-07
7.219169724396380213e-07
7.395355822033028144e-07
7.555881960400774422e-07
7.701659699149006772e-07
7.833532701241382769e-07
7.952998065684485412e-07
8.061523582747660329e-07
8.159806371708383527e-07
8.248411764075524410e-07
8.328148611275374418e-07
8.399844594789643722e-07
8.464159196404284801e-07
8.521604645443508234e-07
8.572272361080293508e-07
8.616304659334019450e-07
8.654468253760895448e-07
8.687560155214942061e-07
8.715874166204573859e-07
8.739605561695978905e-07
8.759058714832018730e-07
8.774552779869709861e-07
8.786356937346010018e-07
8.794711150593777982e-07
8.799788487849544046e-07
8.801745293575751610e-07
8.800741783992236550e-07
8.796953662348404613e-07
8.790560503651052962e-07
8.781741882906978757e-07
8.770677375122977040e-07
8.757536980335915378e-07
8.742452398702918609e-07
8.725545755411187271e-07
8.706939175647912372e-07
8.686754784600293391e-07
8.665107433960730199e-07
8.642082881442442227e-07
8.617759611263853537e-07
8.592216107643392423e-07
8.565530854799479768e-07
8.537776856591047442e-07
8.509005195439038430e-07
8.479261473404905647e-07
8.448591292550093536e-07
8.417040254936055009e-07
8.384658807268518894e-07
8.351516774830343083e-07
8.317688827548662438e-07
8.283249635350618178e-07
8.248273868163343048e-07
8.212829675871764961e-07
8.176959128191961793e-07
8.140697774797798115e-07
8.104081165363142734e-07
8.067144849561858103e-07
8.029919534174881498e-07
7.992416554411421938e-07
7.954642402587764324e-07
7.916603571020188262e-07
7.878306552024974417e-07
7.839761995726033637e-07
7.800997183477783743e-07
7.762043554442274854e-07
7.722932547781554975e-07
7.683695602657673169e-07
7.644362596043768180e-07
7.604957156157343827e-07
7.565501349026995733e-07
7.526017240681319517e-07
7.486526897148910798e-07
7.447050634602121517e-07
7.407601769788329947e-07
7.368191869598671738e-07
7.328832500924283600e-07
7.289535230656296950e-07
7.250310723107342473e-07
7.211166032276022531e-07
7.172107309582426052e-07
7.133140706446649374e-07
7.094272374288781424e-07
7.055508464528916423e-07
7.016855128587149650e-07
6.978318517883572150e-07
6.939904783838277086e-07
6.901620077871357620e-07
6.863470551402905855e-07
6.825462355853014953e-07
6.787601642641778076e-07
6.749894563189286269e-07
6.712347268915635871e-07
6.674965911240920044e-07
6.637756641585226656e-07
6.600725611368652045e-07
6.563878972011288316e-07
6.527222874933230747e-07
6.490762643928359208e-07
6.454500292285726865e-07
6.418437005668173591e-07
6.382573969738540317e-07
6.346912370159665858e-07
6.311453392594392204e-07
6.276198222705562405e-07
6.241148046156014215e-07
6.206304048608591744e-07
6.171667415726132746e-07
6.137239333171479212e-07
6.103020986607471015e-07
6.069013561696951203e-07
6.035218244102759651e-07
6.001636219487737290e-07
5.968268673514723992e-07
5.935116791846561749e-07
5.902181760146091491e-07
5.869464764076152034e-07
5.836966989299587485e-07
5.804689273177139401e-07
5.772631059861161370e-07
5.740791445201906546e-07
5.709169525049636554e-07
5.677764395254602429e-07
5.646575151667062621e-07
5.615600890137272401e-07
5.584840706515487040e-07
5.554293696651962869e-07
5.523958956396956218e-07
5.493835581600721302e-07
5.463922668113515507e-07
5.434219311785595167e-07
5.404724608467214492e-07
5.375437654008631932e-07
5.346357544260100640e-07
5.317483375071876947e-07
5.288814242294218242e-07
5.260349241777378738e-07
5.232087469371615825e-07
5.204028005701033805e-07
5.176169870485134162e-07
5.148512068217264236e-07
5.121053603390778777e-07
5.093793480499025124e-07
5.066730704035353793e-07
5.039864278493115298e-07
5.013193208365659097e-07
4.986716498146336764e-07
4.960433152328496696e-07
4.934342175405489409e-07
4.908442571870665418e-07
4.882733346217375239e-07
4.857213502938969387e-07
4.831882046528795201e-07
4.806737981480207431e-07
4.781780312286552359e-07
4.757008043441180498e-07
4.732420179437443953e-07
4.708015724768692181e-07
4.683793683928274108e-07
4.659753061409540780e-07
4.635892861705842711e-07
4.612212089310529888e-07
4.588709748716951238e-07
4.565384754900284759e-07
4.542235664763011503e-07
4.519260945689439473e-07
4.496459065063878262e-07
4.473828490270635346e-07
4.451367688694018199e-07
4.429075127718335884e-07
4.406949274727897464e-07
4.384988597107008828e-07
4.363191562239980624e-07
4.341556637511120860e-07
4.320082290304735420e-07
4.298766988005134427e-07
4.277609197996625886e-07
4.256607387663518860e-07
4.235760024390120294e-07
4.215065575560738722e-07
4.194522508559682678e-07
4.174129290771260167e-07
4.153884389579780251e-07
4.133786272369549347e-07
4.113833406524878106e-07
4.094024259430072416e-07
4.074357298469441868e-07
4.054830991027294996e-07
4.035443886463980611e-07
4.016194862044014982e-07
3.997082877007955184e-07
3.978106890596358291e-07
3.959265862049781907e-07
3.940558750608783108e-07
3.921984515513918438e-07
3.903542116005746562e-07
3.885230511324822964e-07
3.867048660711706839e-07
3.848995523406954201e-07
3.831070058651122126e-07
3.813271225684767688e-07
3.795597983748448492e-07
3.778049292082722142e-07
3.760624109928146772e-07
3.743321396525276808e-07
3.726140111114671444e-07
3.709079212936886696e-07
3.692137661232481756e-07
3.675314415242011581e-07
3.658608434206035894e-07
3.642018677365110180e-07
3.625544103959791514e-07
3.609183673230637502e-07
3.592936344418205216e-07
3.576801076763053322e-07
3.560776829505736775e-07
3.544862561886814239e-07
3.529057233146842259e-07
3.513359802526378969e-07
3.497769229265980914e-07
3.482284472606205169e-07
3.466904491787609338e-07
3.451628246050749438e-07
3.436454694636185189e-07
3.421382796784471550e-07
3.406411511736167183e-07
3.391539798731828634e-07
3.376766617012012448e-07
3.362090925817276758e-07
3.347511684388179169e-07
3.333027851965276756e-07
3.318638387789125005e-07
3.304342251100283639e-07
3.290138401139308143e-07
3.276025797146756651e-07
3.262003398363185180e-07
3.248070164029152392e-07
3.234225053385215363e-07
3.220467095469864299e-07
3.206795598513326174e-07
3.193209940543761097e-07
3.179709499589329703e-07
3.166293653678192098e-07
3.152961780838508920e-07
3.139713259098439216e-07
3.126547466486144681e-07
3.113463781029784894e-07
3.100461580757521548e-07
3.087540243697512633e-07
3.074699147877919845e-07
3.061937671326902760e-07
3.049255192072623075e-07
3.036651088143239836e-07
3.024124737566914210e-07
3.011675518371805774e-07
2.999302808586074635e-07
2.987005986237881959e-07
2.974784429355387852e-07
2.962637515966751893e-07
2.950564624100135246e-07
2.938565131783697489e-07
2.926638417045599259e-07
2.914783857914001722e-07
2.903000832417064454e-07
2.891288718582946503e-07
2.879646894439810095e-07
2.868074738015814278e-07
2.856571627339120746e-07
2.845136940437888547e-07
2.833770055340277789e-07
2.822470350074450166e-07
2.811237202668564727e-07
2.800069991150782108e-07
2.788968093549262945e-07
2.777930887892167345e-07
2.766957752207655415e-07
2.756048064523888320e-07
2.745201202869025110e-07
2.734416545271226419e-07
2.723693469758652884e-07
2.713031354359465142e-07
2.702429577101822241e-07
2.691887516013886405e-07
2.681404549123816153e-07
2.670980054459772650e-07
2.660613410049916533e-07
2.650303993922406850e-07
2.640051184105405296e-07
2.629854401589088106e-07
2.619713239211703968e-07
2.609627332773514523e-07
2.599596318074786175e-07
2.589619830915781095e-07
2.579697507096764099e-07
2.569828982417999473e-07
2.560013892679750447e-07
2.550251873682281837e-07
2.540542561225857930e-07
2.530885591110741955e-07
2.521280599137198199e-07
2.511727221105490420e-07
2.502225092815883963e-07
2.492773850068640999e-07
2.483373128664027403e-07
2.474022564402305873e-07
2.464721793083741227e-07
2.455470450508596693e-07
2.446268172477137617e-07
2.437114594789626168e-07
2.428009353246328752e-07
2.418952083647507538e-07
2.409942421793426813e-07
2.400980003484351393e-07
2.392064464520545038e-07
2.383195440702271504e-07
2.374372567829795608e-07
2.365595481703379785e-07
2.356863818123289645e-07
2.348177212889788681e-07
2.339535301803140916e-07
2.330937720663610372e-07
2.322384105271461337e-07
2.313874091426957568e-07
2.305407314930363353e-07
2.296983411581942450e-07
2.288602017181958880e-07
2.280262767530677196e-07
2.271965298428360892e-07
2.263709245675273724e-07
2.255494245071681568e-07
2.247319932417846330e-07
2.239185943514032825e-07
2.231091914160505342e-07
2.223037480157527638e-07
2.215022277305363734e-07
2.207045941404277920e-07
2.199108108254534217e-07
2.191208413656396382e-07
2.183346519633881234e-07
2.175522193106013587e-07
2.167735227215571848e-07
2.159985415105333892e-07
2.152272549918077065e-07
2.144596424796579243e-07
2.136956832883618565e-07
2.129353567321972378e-07
2.121786421254418823e-07
2.114255187823736039e-07
2.106759660172701373e-07
2.099299631444092435e-07
2.091874894780687631e-07
2.084485243325264307e-07
2.077130470220600337e-07
2.069810368609473599e-07
2.062524731634662231e-07
2.055273352438943316e-07
2.048056024165095523e-07
2.040872539955895933e-07
2.033722692954122688e-07
2.026606276302553926e-07
2.019523083143966465e-07
2.012472906621138975e-07
2.005455539876848802e-07
1.998470776053874350e-07
1.991518408294993230e-07
1.984598229742982789e-07
1.977710033540621167e-07
1.970853612830686240e-07
1.964028760755955353e-07
1.957235270459206646e-07
1.950472935083218791e-07
1.943741547770768073e-07
1.937040901664632898e-07
1.930370789907591935e-07
1.923731005642421472e-07
1.917121342011900444e-07
1.910541592158806196e-07
1.903991549225916603e-07
1.897471006356009542e-07
1.890979756691862888e-07
1.884517593376254252e-07
1.878084309551961509e-07
1.871679698361763065e-07
1.865303552948435471e-07
1.858955666454757397e-07
1.852635832023506719e-07
1.846343842797460783e-07
1.840079491919397728e-07
1.833842587659644354e-07
1.827632998798725795e-07
1.821450609244714787e-07
1.815295302905686181e-07
1.809166963689713241e-07
1.803065475504868703e-07
1.796990722259227417e-07
1.790942587860862913e-07
1.784920956217848455e-07
1.778925711238258895e-07
1.772956736830166437e-07
1.767013916901646200e-07
1.761097135360770917e-07
1.755206276115614911e-07
1.749341223074251182e-07
1.743501860144754581e-07
1.737688071235198108e-07
1.731899740253655292e-07
1.726136751108199926e-07
1.720398987706906597e-07
1.714686333957847776e-07
1.708998673769098314e-07
1.703335891048731475e-07
1.697697869704820523e-07
1.692084493645439517e-07
1.686495646778662780e-07
1.680931213012563044e-07
1.675391076255214900e-07
1.669875120414691344e-07
1.664383229399066966e-07
1.658915287116414234e-07
1.653471177474808266e-07
1.648050784382321796e-07
1.642653991747029147e-07
1.637280683477003319e-07
1.631930743480319163e-07
1.626604055665049149e-07
1.621300503939267864e-07
1.616019972211048839e-07
1.610762344388465335e-07
1.605527504379591942e-07
1.600315336092501657e-07
1.595125723435268540e-07
1.589958550315966383e-07
1.584813700642668980e-07
1.579691058323449066e-07
1.574590507266381756e-07
1.569511931379540052e-07
1.564455214570997745e-07
1.559420240748828630e-07
1.554406896376304469e-07
1.549415078137492082e-07
1.544444685271654404e-07
1.539495617018056754e-07
1.534567772615962333e-07
1.529661051304635136e-07
1.524775352323340481e-07
1.519910574911341568e-07
1.515066618307903187e-07
1.510243381752289068e-07
1.505440764483764000e-07
1.500658665741590918e-07
1.495896984765035141e-07
1.491155620793360400e-07
1.486434473065830689e-07
1.481733440821711062e-07
1.477052423300264719e-07
1.472391319740755920e-07
1.467750029382448925e-07
1.463128451464608787e-07
1.458526485226498178e-07
1.453944029907382416e-07
1.449380984746524966e-07
1.444837248983190352e-07
1.440312721856642835e-07
1.435807302606146410e-07
1.431320890470965069e-07
1.426853384690363340e-07
1.422404684503605215e-07
1.417974689149954690e-07
1.413563297868676553e-07
1.409170409899034007e-07
1.404795924480292368e-07
1.400439740851714573e-07
1.396101758252565676e-07
1.391781875922109671e-07
1.387479993099610553e-07
1.383196009024332583e-07
1.378929822935540018e-07
1.374681334072496591e-07
1.370450441674466824e-07
1.366237044980715242e-07
1.362041043230505575e-07
1.357862335663101818e-07
1.353700821517768231e-07
1.349556400033769602e-07
1.345428970450369132e-07
1.341318432006831876e-07
1.337224683942421562e-07
1.333147625496402187e-07
1.329087161548564341e-07
1.325043219540803421e-07
1.321015732555540623e-07
1.317004633675197939e-07
1.313009855982196304e-07
1.309031332558956913e-07
1.305068996487901761e-07
1.301122780851452308e-07
1.297192618732030018e-07
1.293278443212056353e-07
1.289380187373952512e-07
1.285497784300139956e-07
1.281631167073040413e-07
1.277780268775075345e-07
1.273945022488665950e-07
1.270125361296234221e-07
1.266321218280201090e-07
1.262532526522988021e-07
1.258759219107016739e-07
1.255001229114708708e-07
1.251258489628485126e-07
1.247530933730768250e-07
1.243818494503978482e-07
1.240121105030537816e-07
1.236438698392867713e-07
1.232771207673389636e-07
1.229118565954524783e-07
1.225480706318695146e-07
1.221857561848321659e-07
1.218249065625826312e-07
1.214655150733630040e-07
1.211075750254154570e-07
1.207510797269821363e-07
1.203960224863051883e-07
1.200423966116267328e-07
1.196901954111889689e-07
1.193394121932340164e-07
1.189900402660040349e-07
1.186420729377411309e-07
1.182955035166875035e-07
1.179503253110852328e-07
1.176065316291765579e-07
1.172641157792035454e-07
1.169230710694083682e-07
1.165833908080331856e-07
1.162450683033201308e-07
1.159080968635113501e-07
1.155724697968489895e-07
1.152381804115752087e-07
1.149052220159321407e-07
1.145735880923401621e-07
1.142432728199325715e-07
1.139142705520209110e-07
1.135865756419166830e-07
1.132601824429314033e-07
1.129350853083766008e-07
1.126112785915638441e-07
1.122887566458045828e-07
1.119675138244103987e-07
1.116475444806928074e-07
1.113288429679632983e-07
1.110114036395334399e-07
1.106952208487147082e-07
1.103802889488186720e-07
1.100666022931568335e-07
1.097541552350407615e-07
1.094429421277819055e-07
1.091329573246918209e-07
1.088241951790820233e-07
1.085166500442640947e-07
1.082103162735494713e-07
1.079051882202497614e-07
1.076012602376764279e-07
1.072985266791410128e-07
1.069969818979550319e-07
1.066966202474300405e-07
1.063974360808775544e-07
1.060994237516090760e-07
1.058025776129361210e-07
1.055068920181702580e-07
1.052123613206229630e-07
1.049189798736057915e-07
1.046267420304302723e-07
1.043356421444078947e-07
1.040456745688502008e-07
1.037568336570687593e-07
1.034691137623750196e-07
1.031825092380805505e-07
1.028970144374968676e-07
1.026126237139354998e-07
1.023293314207079628e-07
1.020471319111257591e-07
1.017660195385004706e-07
1.014859886561435731e-07
1.012070336173665958e-07
1.009291487754810807e-07
1.006523284837985435e-07
1.003765670956305131e-07
1.001018589642885185e-07
9.982819844308406220e-08
9.955558008054646071e-08
9.928399920607612857e-08
9.901345134429125474e-08
9.874393201981001496e-08
9.847543675725062464e-08
9.820796108123125951e-08
9.794150051637010854e-08
9.767605058728534744e-08
9.741160681859521812e-08
9.714816473491786983e-08
9.688571986087149154e-08
9.662426772107427220e-08
9.636380384014442724e-08
9.610432374270013238e-08
9.584582295335956336e-08
9.558829699674093560e-08
9.533174139746243807e-08
9.507615168014224648e-08
9.482152336939853656e-08
9.456785198984953698e-08
9.431513306611341022e-08
9.406336212280837173e-08
9.381253468455258397e-08
9.356264627596423593e-08
9.331369242166154302e-08
9.306566864626269421e-08
9.281857047438586522e-08
9.257239343064924501e-08
9.232713303967100931e-08
9.208278482606940001e-08
9.183934431446255314e-08
9.159680702946869736e-08
9.135516849570602163e-08
9.111442423779267521e-08
9.087456978034687352e-08
9.063560064798683200e-08
9.039751236533069990e-08
9.016030045699670588e-08
8.992396044760298597e-08
8.968848786176779530e-08
8.945387822410926989e-08
8.922012705924563841e-08
8.898722989179507658e-08
8.875518224637576012e-08
8.852397964760591770e-08
8.829361762010368534e-08
8.806409168848730495e-08
8.783539737737493900e-08
8.760753021138478970e-08
8.738048571513503276e-08
8.715425956556202012e-08
8.692884804887475554e-08
8.670424760360033956e-08
8.648045466826595216e-08
8.625746568139870711e-08
8.603527708152574468e-08
8.581388530717419188e-08
8.559328679687121545e-08
8.537347798914391594e-08
8.515445532251947330e-08
8.493621523552500133e-08
8.471875416668765352e-08
8.450206855453454365e-08
8.428615483759283845e-08
8.407100945438965171e-08
8.385662884345213693e-08
8.364300944330744758e-08
8.343014769248267100e-08
8.321804002950500037e-08
8.300668289290154949e-08
8.279607272119945860e-08
8.258620595292588121e-08
8.237707902660793111e-08
8.216868838077274853e-08
8.196103045394747376e-08
8.175410168465926027e-08
8.154789851143526155e-08
8.134241737280256494e-08
8.113765470728833714e-08
8.093360695341973166e-08
8.073027054972387552e-08
8.052764193472788250e-08
8.032571754695893257e-08
8.012449382494412628e-08
7.992396720721063035e-08
7.972413413228557180e-08
7.952499103869609090e-08
7.932653436496931467e-08
7.912876054963240983e-08
7.893166603121247694e-08
7.873524724823669596e-08
7.853950063923215419e-08
7.834442264272604485e-08
7.815000969724548172e-08
7.795625824131760506e-08
7.776316471346952865e-08
7.757072555222841921e-08
7.737893719612143025e-08
7.718779608367566232e-08
7.699729865341826890e-08
7.680744148496220811e-08
7.661822172226364339e-08
7.642963665036451629e-08
7.624168355430688751e-08
7.605435971913268539e-08
7.586766242988387797e-08
7.568158897160245978e-08
7.549613662933042532e-08
7.531130268810975587e-08
7.512708443298240626e-08
7.494347914899034451e-08
7.476048412117560486e-08
7.457809663458012887e-08
7.439631397424588459e-08
7.421513342521487978e-08
7.403455227252908248e-08
7.385456780123047396e-08
7.367517729636102228e-08
7.349637804296273518e-08
7.331816732607756748e-08
7.314054243074750045e-08
7.296350064201452862e-08
7.278703924492062001e-08
7.261115552450774269e-08
7.243584676581789117e-08
7.226111025389305995e-08
7.208694327377520386e-08
7.191334311050631741e-08
7.174030704912834216e-08
7.156783237468331235e-08
7.139591637221318279e-08
7.122455632675993474e-08
7.105374952336554950e-08
7.088349324707199511e-08
7.071378478292126609e-08
7.054462141595533047e-08
7.037600043121616955e-08
7.020791911374577783e-08
7.004037474858613659e-08
6.987336462077917418e-08
6.970688601536693806e-08
6.954093621739138302e-08
6.937551251189445066e-08
6.921061218391818841e-08
6.904623251850451139e-08
6.888237080069544059e-08
6.871902431553294404e-08
6.855619034805900304e-08
6.839386618331559885e-08
6.823204910634471276e-08
6.807073651820779203e-08
6.790992628404428018e-08
6.774961638501306026e-08
6.758980480227306822e-08
6.743048951698318710e-08
6.727166851030233965e-08
6.711333976338942213e-08
6.695550125740334405e-08
6.679815097350301491e-08
6.664128689284734421e-08
6.648490699659522822e-08
6.632900926590557644e-08
6.617359168193731162e-08
6.601865222584933002e-08
6.586418887880052791e-08
6.571019962194981480e-08
6.555668243645611342e-08
6.540363530347833328e-08
6.525105620417535741e-08
6.509894311970609531e-08
6.494729403122948296e-08
6.479610691990440340e-08
6.464537976688976612e-08
6.449511055334446739e-08
6.434529726042744319e-08
6.419593786929757655e-08
6.404703036111379021e-08
6.389857271703499368e-08
6.375056291822006998e-08
6.360299894582792863e-08
6.345587878101749235e-08
6.330920040494765742e-08
6.316296179877735982e-08
6.301716094366546933e-08
6.287179582077089547e-08
6.272686441125256098e-08
6.258236469626938858e-08
6.243829465698024809e-08
6.229465227454406223e-08
6.215143553011974052e-08
6.200864240486617922e-08
6.186627087994231430e-08
6.172431893650701557e-08
6.158278455571921899e-08
6.144166571873780761e-08
6.130096040672170415e-08
6.116066660082980490e-08
6.102078228222104581e-08
6.088130543205428346e-08
6.074223403148846706e-08
6.060356615186800982e-08
6.046530022527948543e-08
6.032743477399493157e-08
6.018996832028645212e-08
6.005289938642611124e-08
5.991622649468598632e-08
5.977994816733815476e-08
5.964406292665468073e-08
5.950856929490765485e-08
5.937346579436916114e-08
5.923875094731125053e-08
5.910442327600601365e-08
5.897048130272552128e-08
5.883692354974185082e-08
5.870374853932707966e-08
5.857095479375328520e-08
5.843854083529253161e-08
5.830650518621689627e-08
5.817484636879846983e-08
5.804356290530931645e-08
5.791265331802150690e-08
5.778211612920713843e-08
5.765194986113825536e-08
5.752215303608696155e-08
5.739272417632532117e-08
5.726366180412540499e-08
5.713496444175929703e-08
5.700663061149906806e-08
5.687865883561678226e-08
5.675104763638454348e-08
5.662379553607440928e-08
5.649690105695845704e-08
5.637036272130876418e-08
5.624417905139740145e-08
5.611834856949644628e-08
5.599286979787797604e-08
5.586774125881406814e-08
5.574296147457679336e-08
5.561852896743824233e-08
5.549444225967046598e-08
5.537069987354554832e-08
5.524730033133557998e-08
5.512424215531262513e-08
5.500152386774876116e-08
5.487914399091606548e-08
5.475710104708660224e-08
5.463539355853245545e-08
5.451402004752570914e-08
5.439297903633842747e-08
5.427226904724268782e-08
5.415188866774370493e-08
5.403183674627927586e-08
5.391211219652030856e-08
5.379271393213774404e-08
5.367364086680249685e-08
5.355489191418549477e-08
5.343646598795765897e-08
5.331836200178992386e-08
5.320057886935321721e-08
5.308311550431845358e-08
5.296597082035656736e-08
5.284914373113846649e-08
5.273263315033509861e-08
5.261643799161737825e-08
5.250055716865623322e-08
5.238498959512258467e-08
5.226973418468736701e-08
5.215478985102149477e-08
5.204015550779589576e-08
5.192583006868150437e-08
5.181181244734922853e-08
5.169810155747002249e-08
5.158469631271478757e-08
5.147159562675443832e-08
5.135879841325993561e-08
5.124630358590218075e-08
5.113411005835210815e-08
5.102221674428063235e-08
5.091062255735868776e-08
5.079932641125720215e-08
5.068832721964709670e-08
5.057762389619929258e-08
5.046721535458473079e-08
5.035710050847429943e-08
5.024727827153897259e-08
5.013774755744965159e-08
5.002850727987725098e-08
4.991955635249271840e-08
4.981089368896696177e-08
4.970251820297091550e-08
4.959442880817550738e-08
4.948662441825165194e-08
4.937910394687029022e-08
4.927186630770233014e-08
4.916491041441871272e-08
4.905823518069035251e-08
4.895183952018816406e-08
4.884572234658311486e-08
4.873988257354607975e-08
4.863431911474801961e-08
4.852903092964403118e-08
4.842401716082603270e-08
4.831927699667009151e-08
4.821480962555232791e-08
4.811061423584880263e-08
4.800669001593561609e-08
4.790303615418886874e-08
4.779965183898464116e-08
4.769653625869902716e-08
4.759368860170813380e-08
4.749110805638802181e-08
4.738879381111480486e-08
4.728674505426455692e-08
4.718496097421338503e-08
4.708344075933736978e-08
4.698218359801261823e-08
4.688118867861519772e-08
4.678045518952120869e-08
4.667998231910674495e-08
4.657976925574789371e-08
4.647981518782075540e-08
4.638011930370141061e-08
4.628068079176595314e-08
4.618149884039047021e-08
4.608257263795106225e-08
4.598390137282380984e-08
4.588548423338481341e-08
4.578732040801015355e-08
4.568940908507592408e-08
4.559174945295823206e-08
4.549434070003314481e-08
4.539718201467676280e-08
4.530027258526517982e-08
4.520361160017448970e-08
4.510719824778075980e-08
4.501103171646011700e-08
4.491511119458862866e-08
4.481943587054238861e-08
4.472400493269749726e-08
4.462881756943004184e-08
4.453387296911608967e-08
4.443917032013176767e-08
4.434470881085314981e-08
4.425048762965632990e-08
4.415650596491739513e-08
4.406276300501244596e-08
4.396925793831754972e-08
4.387598995320882009e-08
4.378295823806235088e-08
4.369016198125421606e-08
4.359760039762674210e-08
4.350527280788717283e-08
4.341317855920897814e-08
4.332131699876563451e-08
4.322968747373058534e-08
4.313828933127733359e-08
4.304712191857932929e-08
4.295618458281004893e-08
4.286547667114295575e-08
4.277499753075153288e-08
4.268474650880924356e-08
4.259472295248955104e-08
4.250492620896593183e-08
4.241535562541186241e-08
4.232601054900079280e-08
4.223689032690622596e-08
4.214799430630159868e-08
4.205932183436038744e-08
4.197087225825608198e-08
4.188264492516213231e-08
4.179463918225202155e-08
4.170685437669921294e-08
4.161928985567718297e-08
4.153194496635937506e-08
4.144481905591929877e-08
4.135791147153039090e-08
4.127122156036615440e-08
4.118474866960003268e-08
4.109849214640549561e-08
4.101245133795603292e-08
4.092662559142509462e-08
4.084101425398616382e-08
4.075561667281271040e-08
4.067043219507819100e-08
4.058546016795608872e-08
4.050069993861987343e-08
4.041615085424300178e-08
4.033181226199895687e-08
4.024768350906120858e-08
4.016376394260322015e-08
4.008005290979846147e-08
3.999654975782040240e-08
3.991325383384252606e-08
3.983016448503829570e-08
3.974728105858117457e-08
3.966460290164463917e-08
3.958212936140213289e-08
3.949985978502717856e-08
3.941779351969319972e-08
3.933592991257369933e-08
3.925426833381858432e-08
3.917280824548365543e-08
3.909154913260115708e-08
3.901049048020335351e-08
3.892963177332247592e-08
3.884897249699079518e-08
3.876851213624053585e-08
3.868825017610396219e-08
3.860818610161333186e-08
3.852831939780088264e-08
3.844864954969887880e-08
3.836917604233955152e-08
3.828989836075517167e-08
3.821081598997797044e-08
3.813192841504021870e-08
3.805323512097415425e-08
3.797473559281202150e-08
3.789642931558608471e-08
3.781831577432858830e-08
3.774039445407178329e-08
3.766266483984791410e-08
3.758512641668924499e-08
3.750777866962801375e-08
3.743062108369647803e-08
3.735365314392688225e-08
3.727687433535147742e-08
3.720028414300252782e-08
3.712388205191225799e-08
3.704766754711293884e-08
3.697164011363681476e-08
3.689579923651613678e-08
3.682014440078314932e-08
3.674467509147011664e-08
3.666939079360928315e-08
3.659429099223288665e-08
3.651937517237318477e-08
3.644464281906244841e-08
3.637009341733289551e-08
3.629572645221679694e-08
3.622154140874639712e-08
3.614753777195394707e-08
3.607371502687169121e-08
3.600007265853189380e-08
3.592661015196679264e-08
3.585332699220865199e-08
3.578022266428970302e-08
3.570729665324220338e-08
3.563454844409841734e-08
3.556197752189057607e-08
3.548958337165094384e-08
3.541736548029316420e-08
3.534532334225648388e-08
3.527345645386154878e-08
3.520176431142901801e-08
3.513024641127952421e-08
3.505890224973371989e-08
3.498773132311225092e-08
3.491673312773576981e-08
3.484590715992492244e-08
3.477525291600036131e-08
3.470476989228271906e-08
3.463445758509265482e-08
3.456431549075080784e-08
3.449434310557783063e-08
3.442453992589436907e-08
3.435490544802108227e-08
3.428543916827859627e-08
3.421614058298755695e-08
3.414700918846864327e-08
3.407804448104247465e-08
3.400924595702969698e-08
3.394061311275098259e-08
3.387214544452695091e-08
3.380384244867826767e-08
3.373570362152557214e-08
3.366772845938951019e-08
3.359991645859073432e-08
3.353226711544989043e-08
3.346477992628762438e-08
3.339745438742458206e-08
3.333028999518141598e-08
3.326328624587876539e-08
3.319644263583729603e-08
3.312975866137762732e-08
3.306323381882043160e-08
3.299686760448633490e-08
3.293065951469600296e-08
3.286460904577006843e-08
3.279871569402919704e-08
3.273297895579400820e-08
3.266739832738517426e-08
3.260197330512333450e-08
3.253670338532914140e-08
3.247158806432323423e-08
3.240662683842625888e-08
3.234181920395886123e-08
3.227716465724169377e-08
3.221266269459541563e-08
3.214831281234065283e-08
3.208411450679806449e-08
3.202006729576265958e-08
3.195617078292689282e-08
3.189242459345758203e-08
3.182882835252156485e-08
3.176538168528563924e-08
3.170208421691663626e-08
3.163893557258138693e-08
3.157593537744668922e-08
3.151308325667937418e-08
3.145037883544627283e-08
3.138782173891420300e-08
3.132541159224996263e-08
3.126314802062040263e-08
3.120103064919232756e-08
3.113905910313256185e-08
3.107723300760792993e-08
3.101555198778524299e-08
3.095401566883131884e-08
3.089262367591300174e-08
3.083137563419708305e-08
3.077027116885040043e-08
3.070930990503977829e-08
3.064849146793202121e-08
3.058781548269395363e-08
3.052728157449241319e-08
3.046688936849421108e-08
3.040663848986615851e-08
3.034652856377508651e-08
3.028655921538779966e-08
3.022673006987114223e-08
3.016704075239192541e-08
3.010749088811696702e-08
3.004808010221309148e-08
2.998880801984711659e-08
2.992967426618585355e-08
2.987067846639614663e-08
2.981182024564480042e-08
2.975309922909863271e-08
2.969451504192446793e-08
2.963606730928913051e-08
2.957775565635944156e-08
2.951957970830221229e-08
2.946153909028428033e-08
2.940363342747245359e-08
2.934586234503354986e-08
2.928822546813440019e-08
2.923072242194181577e-08
2.917335283162262765e-08
2.911611632234364370e-08
2.905901251927169827e-08
2.900204104431616531e-08
2.894520150635668299e-08
2.888849351101545220e-08
2.883191666391466725e-08
2.877547057067652905e-08
2.871915483692323521e-08
2.866296906827698332e-08
2.860691287035997099e-08
2.855098584879440575e-08
2.849518760920247858e-08
2.843951775720638379e-08
2.838397589842832889e-08
2.832856163849050157e-08
2.827327458301511267e-08
2.821811433762435317e-08
2.816308050794042399e-08
2.810817269958552272e-08
2.805339051818184035e-08
2.799873356935159435e-08
2.794420145871696576e-08
2.788979379190015220e-08
2.783551017452337111e-08
2.778135021220880356e-08
2.772731351057865378e-08
2.767339967525511935e-08
2.761960831186039789e-08
2.756593902601668701e-08
2.751239142334619091e-08
2.745896510947110059e-08
2.740565969001362358e-08
2.735247477059594755e-08
2.729940995684028003e-08
2.724646485436881532e-08
2.719363906880375103e-08
2.714093220576728144e-08
2.708834387088162070e-08
2.703587366976895319e-08
2.698352120805147981e-08
2.693128609135140148e-08
2.687916792529091580e-08
2.682716631549222038e-08
2.677528086757751281e-08
2.672351118716899732e-08
2.667185687988886820e-08
2.662031755135932306e-08
2.656889280720255950e-08
2.651758225304077843e-08
2.646638549449617746e-08
2.641530213719095419e-08
2.636433178674730952e-08
2.631347406670450071e-08
2.626272867227005328e-08
2.621209531656853255e-08
2.616157371272453032e-08
2.611116357386261190e-08
2.606086461310737238e-08
2.601067654358337709e-08
2.596059907841520788e-08
2.591063193072744994e-08
2.586077481364467849e-08
2.581102744029146879e-08
2.576138952379240270e-08
2.571186077727206208e-08
2.566244091385502217e-08
2.561312964666586483e-08
2.556392668882916532e-08
2.551483175346950218e-08
2.546584455371146059e-08
2.541696480267961247e-08
2.536819221349853969e-08
2.531952649929282081e-08
2.527096737318703769e-08
2.522251454830576557e-08
2.517416773777357969e-08
2.512592665471507184e-08
2.507779101225480404e-08
2.502976052351737468e-08
2.498183490162734578e-08
2.493401385970929589e-08
2.488629711088782011e-08
2.483868436828748706e-08
2.479117534503287530e-08
2.474376975424856669e-08
2.469646730905913316e-08
2.464926772258915989e-08
2.460217070796322874e-08
2.455517597830590832e-08
2.450828324674179375e-08
2.446149222639544703e-08
2.441480263039145664e-08
2.436821417185439451e-08
2.432172656390885244e-08
2.427533951967939243e-08
2.422905275229060626e-08
2.418286597486707250e-08
2.413677890053335978e-08
2.409079124241405325e-08
2.404490271363373478e-08
2.399911302731697963e-08
2.395342189658836964e-08
2.390782903579147628e-08
2.386233416414586911e-08
2.381693700209010729e-08
2.377163727006275329e-08
2.372643468850237289e-08
2.368132897784751863e-08
2.363631985853676290e-08
2.359140705100866487e-08
2.354659027570178039e-08
2.350186925305468184e-08
2.345724370350592509e-08
2.341271334749406598e-08
2.336827790545768023e-08
2.332393709783532367e-08
2.327969064506554885e-08
2.323553826758693810e-08
2.319147968583803733e-08
2.314751462025741564e-08
2.310364279128363218e-08
2.305986391935524612e-08
2.301617772491082654e-08
2.297258392838893591e-08
2.292908225022812678e-08
2.288567241086696822e-08
2.284235413074402271e-08
2.279912713029784610e-08
2.275599112996700416e-08
2.271294585019006599e-08
2.266999101140558413e-08
2.262712633405212104e-08
2.258435153856824581e-08
2.254166634539251760e-08
2.249907047496349557e-08
2.245656364771974220e-08
2.241414558409981663e-08
2.237181600454228796e-08
2.232957462948571535e-08
2.228742117936866457e-08
2.224535537462969147e-08
2.220337693570735853e-08
2.216148558304022822e-08
2.211968103706686630e-08
2.207796301822583525e-08
2.203633124695568762e-08
2.199478544369499579e-08
2.195332532888232224e-08
2.191195062295622282e-08
2.187066104635525668e-08
2.182945631951799623e-08
2.178833616288299731e-08
2.174730030901025761e-08
2.170634853894552227e-08
2.166548064585596506e-08
2.162469642290876632e-08
2.158399566327110643e-08
2.154337816011015583e-08
2.150284370659309818e-08
2.146239209588711055e-08
2.142202312115937331e-08
2.138173657557706020e-08
2.134153225230734827e-08
2.130140994451741789e-08
2.126136944537443951e-08
2.122141054804560341e-08
2.118153304569808334e-08
2.114173673149905635e-08
2.110202139861569621e-08
2.106238684021518326e-08
2.102283284946469457e-08
2.098335921953141050e-08
2.094396574358251143e-08
2.090465221478517108e-08
2.086541842630656653e-08
2.082626417131387814e-08
2.078718924297427966e-08
2.074819343445495144e-08
2.070927653892307387e-08
2.067043834954582398e-08
2.063167865949037223e-08
2.059299726192391221e-08
2.055439395001360444e-08
2.051586851692663259e-08
2.047742075583018364e-08
2.043905045989142141e-08
2.040075742227752959e-08
2.036254143615569183e-08
2.032440229469307859e-08
2.028633979105687023e-08
2.024835371841424711e-08
2.021044386993237967e-08
2.017261003877845158e-08
2.013485201811963991e-08
2.009716960112312502e-08
2.005956258095607734e-08
2.002203075078568056e-08
1.998457390377911172e-08
1.994719183310354789e-08
1.990988433192616612e-08
1.987265119341414678e-08
1.983549221073466692e-08
1.979840718132649075e-08
1.976139591971471786e-08
1.972445824469605484e-08
1.968759397506718182e-08
1.965080292962480208e-08
1.961408492716560235e-08
1.957743978648627600e-08
1.954086732638351968e-08
1.950436736565402346e-08
1.946793972309448068e-08
1.943158421750158471e-08
1.939530066767202890e-08
1.935908889240250660e-08
1.932294871048971118e-08
1.928687994073032938e-08
1.925088240192107109e-08
1.921495591285860982e-08
1.917910029233964554e-08
1.914331535916087493e-08
1.910760093211898803e-08
1.907195683001068150e-08
1.903638287163264540e-08
1.900087887578156646e-08
1.896544466125414797e-08
1.893008004684707997e-08
1.889478485135705583e-08
1.885955889358076228e-08
1.882440199231490261e-08
1.878931396635616024e-08
1.875429463450123516e-08
1.871934381554681740e-08
1.868446132828959703e-08
1.864964699152628062e-08
1.861490062405354169e-08
1.858022204466808353e-08
1.854561107216659947e-08
1.851106752534577959e-08
1.847659122300232384e-08
1.844218198393291566e-08
1.840783962693425503e-08
1.837356397080302868e-08
1.833935483433593991e-08
1.830521203632966882e-08
1.827113539558092202e-08
1.823712473088638293e-08
1.820317986104274160e-08
1.816930060484670132e-08
1.813548678109494883e-08
1.810173820858418078e-08
1.806805470611108724e-08
1.803443609892646475e-08
1.800088223809752599e-08
1.796739298114558349e-08
1.793396818559195975e-08
1.790060770895795407e-08
1.786731140876489224e-08
1.783407914253408021e-08
1.780091076778684707e-08
1.776780614204449212e-08
1.773476512282834117e-08
1.770178756765969684e-08
1.766887333405988161e-08
1.763602227955020471e-08
1.760323426165199194e-08
1.757050913788654593e-08
1.753784676577518584e-08
1.750524700283922092e-08
1.747270970659997365e-08
1.744023473457875327e-08
1.740782194429687895e-08
1.737547119327565994e-08
1.734318233903641539e-08
1.731095523910045126e-08
1.727878975098909333e-08
1.724668573222364753e-08
1.721464304032542972e-08
1.718266153281575908e-08
1.715074106721594485e-08
1.711888150104730619e-08
1.708708269183115235e-08
1.705534449708879920e-08
1.702366677434156259e-08
1.699204938111075839e-08
1.696049217491769583e-08
1.692899501328369410e-08
1.689755775373006904e-08
1.686618025377812991e-08
1.683486237094919588e-08
1.680360396276457618e-08
1.677240488674558999e-08
1.674126500041354656e-08
1.671018416128976835e-08
1.667916222689556131e-08
1.664819905475224461e-08
1.661729450238113410e-08
1.658644842730353904e-08
1.655566068704077858e-08
1.652493113911416529e-08
1.649425964104501172e-08
1.646364605035463372e-08
1.643309022862874212e-08
1.640259205371062754e-08
1.637215140750797555e-08
1.634176817192847836e-08
1.631144222887980832e-08
1.628117346026966423e-08
1.625096174800572838e-08
1.622080697399568633e-08
1.619070902014722698e-08
1.616066776836803591e-08
1.613068310056579870e-08
1.610075489864819762e-08
1.607088304452292487e-08
1.604106742009766273e-08
1.601130790728009676e-08
1.598160438797792248e-08
1.595195674409882216e-08
1.592236485755047145e-08
1.589282861024056586e-08
1.586334788407679097e-08
1.583392256096683567e-08
1.580455252281838223e-08
1.577523765153911954e-08
1.574597782903672656e-08
1.571677293721890211e-08
1.568762285799332185e-08
1.565852747326767796e-08
1.562948666494965272e-08
1.560050031494693172e-08
1.557156830516721045e-08
1.554269051751816788e-08
1.551386683390748960e-08
1.548509713624286448e-08
1.545638130643197481e-08
1.542771922638251278e-08
1.539911077800216396e-08
1.537055584319861064e-08
1.534205430387954170e-08
1.531360604195263941e-08
1.528521093932559928e-08
1.525686887790609696e-08
1.522857973960183127e-08
1.520034340632047125e-08
1.517215975996971901e-08
1.514402868245725352e-08
1.511595005569076368e-08
1.508792376157792844e-08
1.505994968202644662e-08
1.503202769894399718e-08
1.500415769423826570e-08
1.497633955207829405e-08
1.494857316567855253e-08
1.492085843051486114e-08
1.489319524206304316e-08
1.486558349579891526e-08
1.483802308719830238e-08
1.481051391173702616e-08
1.478305586489090988e-08
1.475564884213577188e-08
1.472829273894743875e-08
1.470098745080172716e-08
1.467373287317446206e-08
1.464652890154146673e-08
1.461937543137855785e-08
1.459227235816156201e-08
1.456521957736630084e-08
1.453821698446859269e-08
1.451126447494426082e-08
1.448436194426912854e-08
1.445750928791901747e-08
1.443070640136974760e-08
1.440395318009714221e-08
1.437724951957702294e-08
1.435059531528521143e-08
1.432399046269752930e-08
1.429743485728979820e-08
1.427092839453784141e-08
1.424447096991747892e-08
1.421806247890453069e-08
1.419170281697482500e-08
1.416539187960418015e-08
1.413912956226841447e-08
1.411291576044335623e-08
1.408675036960482209e-08
1.406063328522863533e-08
1.403456440279061760e-08
1.400854361776659383e-08
1.398257082563238070e-08
1.395664592186380315e-08
1.393076880193668448e-08
1.390493936132684134e-08
1.387915749551010200e-08
1.385342309996228478e-08
1.382773607015920965e-08
1.380209630157670157e-08
1.377650368969058217e-08
1.375095812997666812e-08
1.372545951791079097e-08
1.370000774896876410e-08
1.367460271862641410e-08
1.364924432565430570e-08
1.362393248200198760e-08
1.359866710291375493e-08
1.357344810363390278e-08
1.354827539940671965e-08
1.352314890547650728e-08
1.349806853708755415e-08
1.347303420948415703e-08
1.344804583791060772e-08
1.342310333761120464e-08
1.339820662383023463e-08
1.337335561181199611e-08
1.334855021680078585e-08
1.332379035404089068e-08
1.329907593877661234e-08
1.327440688625224097e-08
1.324978311171207002e-08
1.322520453040039296e-08
1.320067105756150489e-08
1.317618260843970258e-08
1.315173909827927288e-08
1.312734044232451915e-08
1.310298655581973156e-08
1.307867735400919858e-08
1.305441275213722362e-08
1.303019266544809185e-08
1.300601700918610499e-08
1.298188569859555320e-08
1.295779864892072663e-08
1.293375577540592700e-08
1.290975699329544281e-08
1.288580221783357248e-08
1.286189136426460781e-08
1.283802434783284059e-08
1.281420108378256595e-08
1.279042148735808231e-08
1.276668547380367814e-08
1.274299295836365188e-08
1.271934385628229203e-08
1.269573808280389864e-08
1.267217555317275857e-08
1.264865618263317353e-08
1.262517988642943203e-08
1.260174657980583249e-08
1.257835617800666670e-08
1.255500859627622646e-08
1.253170374985880690e-08
1.250844155399870808e-08
1.248522192394021519e-08
1.246204477492762664e-08
1.243891002214951536e-08
1.241581758057156052e-08
1.239276736510372736e-08
1.236975929065597784e-08
1.234679327213827223e-08
1.232386922446056753e-08
1.230098706253283228e-08
1.227814670126502346e-08
1.225534805556710468e-08
1.223259104034903623e-08
1.220987557052078003e-08
1.218720156099229639e-08
1.216456892667354724e-08
1.214197758247449452e-08
1.211942744330510019e-08
1.209691842407532617e-08
1.207445043969513111e-08
1.205202340507447860e-08
1.202963723512332893e-08
1.200729184475164239e-08
1.198498714886938422e-08
1.196272306238651472e-08
1.194049950021299251e-08
1.191831637725878286e-08
1.189617360843384108e-08
1.187407110864813408e-08
1.185200879281162546e-08
1.182998657583426888e-08
1.180800437262602960e-08
1.178606209809687287e-08
1.176415966715675402e-08
1.174229699471563663e-08
1.172047399568348266e-08
1.169869058497025570e-08
1.167694667748591107e-08
1.165524218814041899e-08
1.163357703184373147e-08
1.161195112350581543e-08
1.159036437803663114e-08
1.156881671034614220e-08
1.154730803534430394e-08
1.152583826794108493e-08
1.150440732304644047e-08
1.148301511557033749e-08
1.146166156042273626e-08
1.144034657251359376e-08
1.141907006675287360e-08
1.139783195805054102e-08
1.137663216131655135e-08
1.135547059146087150e-08
1.133434716642745766e-08
1.131326181629627287e-08
1.129221447418126946e-08
1.127120507319640969e-08
1.125023354645564753e-08
1.122929982707294029e-08
1.120840384816224857e-08
1.118754554283752634e-08
1.116672484421273256e-08
1.114594168540182784e-08
1.112519599951876283e-08
1.110448771967749981e-08
1.108381677899199607e-08
1.106318311057620889e-08
1.104258664754409392e-08
1.102202732300961011e-08
1.100150507008671639e-08
1.098101982188936512e-08
1.096057151153151853e-08
1.094016007212713392e-08
1.091978543679016693e-08
1.089944753863457651e-08
1.087914631077431831e-08
1.085888168632334794e-08
1.083865359839562768e-08
1.081846198010511482e-08
1.079830676456576334e-08
1.077818788489153219e-08
1.075810527419638031e-08
1.073805886559426335e-08
1.071804859219914025e-08
1.069807438712496665e-08
1.067813618348569985e-08
1.065823391439529879e-08
1.063836751296772077e-08
1.061853691231692308e-08
1.059874204555686301e-08
1.057898284580149785e-08
1.055925924616478656e-08
1.053957117976068312e-08
1.051991857970314978e-08
1.050030137910614053e-08
1.048071951108361432e-08
1.046117290874952843e-08
1.044166150521783852e-08
1.042218523360250518e-08
1.040274402701748404e-08
1.038333781857673076e-08
1.036396654139420758e-08
1.034463012858386683e-08
1.032532851239210556e-08
1.030606162159505161e-08
1.028682938410127921e-08
1.026763172781935430e-08
1.024846858065784119e-08
1.022933987052531242e-08
1.021024552533033395e-08
1.019118547298147504e-08
1.017215964138730328e-08
1.015316795845638793e-08
1.013421035209729660e-08
1.011528675021859191e-08
1.009639708072885140e-08
1.007754127153663770e-08
1.005871925055052173e-08
1.003993094567906778e-08
1.002117628483084510e-08
1.000245519591442460e-08
9.983767606838372235e-09
9.965113445511255598e-09
9.946492639841643946e-09
9.927905117738104881e-09
9.909350807109207659e-09
9.890829635863518226e-09
9.872341531909604184e-09
9.853886423156038096e-09
9.835464237511384255e-09
9.817074902884213572e-09
9.798718347183090337e-09
9.780394498316583808e-09
9.762103284193264893e-09
9.743844632721699540e-09
9.725618471810457003e-09
9.707424729368104885e-09
9.689263333303209131e-09
9.671134211524340652e-09
9.653037291940065394e-09
9.634972502458954268e-09
9.616939770989574874e-09
9.598939025440493160e-09
9.580970193720275071e-09
9.563033203737496481e-09
9.545127983400720028e-09
9.527254460618513313e-09
9.509412563299447246e-09
9.491602219352089428e-09
9.473823356685005806e-09
9.456075903206767289e-09
9.438359786825938171e-09
9.420674935451091015e-09
9.403021279592562653e-09
9.385398760167781730e-09
9.367807320695941161e-09
9.350246904696242129e-09
9.332717455687880856e-09
9.315218917190053565e-09
9.297751232721959786e-09
9.280314345802794086e-09
9.262908199951754341e-09
9.245532738688045046e-09
9.228187905530852496e-09
9.210873643999381184e-09
9.193589897612825679e-09
9.176336609890385510e-09
9.159113724351255245e-09
9.141921184514636069e-09
9.124758933899720895e-09
9.107626916025709254e-09
9.090525074411799022e-09
9.073453352577188075e-09
9.056411694041070980e-09
9.039400042322650578e-09
9.022418340941119780e-09
9.005466533415673155e-09
8.988544563265515196e-09
8.971652374009838817e-09
8.954789909167841893e-09
8.937957112258723954e-09
8.921153926801679570e-09
8.904380296315908269e-09
8.887636164320606275e-09
8.870921474334971462e-09
8.854236169878200054e-09
8.837580194469491580e-09
8.820953491628040608e-09
8.804356004873048323e-09
8.787787677723709292e-09
8.771248453699221393e-09
8.754738276318780845e-09
8.738257089101588835e-09
8.721804835566838276e-09
8.705381459233728698e-09
8.688986903621457977e-09
8.672621112249222335e-09
8.656284028636219648e-09
8.639975596301649448e-09
8.623695758764704646e-09
8.607444459544584774e-09
8.591221642160489363e-09
8.575027250131611324e-09
8.558861228230648110e-09
8.542723526244270650e-09
8.526614095212654413e-09
8.510532886175964942e-09
8.494479850174374397e-09
8.478454938248053282e-09
8.462458101437173757e-09
8.446489290781903019e-09
8.430548457322414883e-09
8.414635552098878199e-09
8.398750526151463472e-09
8.382893330520341208e-09
8.367063916245680257e-09
8.351262234367656090e-09
8.335488235926432592e-09
8.319741871962186887e-09
8.304023093515084518e-09
8.288331851625297643e-09
8.272668097332998423e-09
8.257031781678354055e-09
8.241422855701535043e-09
8.225841270442715202e-09
8.210286976942061729e-09
8.194759926239748437e-09
8.179260069375942523e-09
8.163787357390816147e-09
8.148341741324539815e-09
8.132923172217284031e-09
8.117531601109217646e-09
8.102166979040514475e-09
8.086829257051341715e-09
8.071518386181871524e-09
8.056234317472272755e-09
8.040977001962717566e-09
8.025746390693376464e-09
8.010542434704421607e-09
7.995365085036018539e-09
7.980214292728341072e-09
7.965090008821559713e-09
7.949992184355843313e-09
7.934920770371362377e-09
7.919875717908290718e-09
7.904856978006795535e-09
7.889864501707047331e-09
7.874898240049218267e-09
7.859958144073478848e-09
7.845044164819997925e-09
7.830156253328947658e-09
7.815294360640495244e-09
7.800458437794817804e-09
7.785648430877778557e-09
7.770864266158057883e-09
7.756105864950022259e-09
7.741373148568049741e-09
7.726666038326511769e-09
7.711984455539784744e-09
7.697328321522238451e-09
7.682697557588247638e-09
7.668092085052187053e-09
7.653511825228431442e-09
7.638956699431350592e-09
7.624426628975320903e-09
7.609921535174713815e-09
7.595441339343905731e-09
7.580985962797268088e-09
7.566555326849175635e-09
7.552149352813998157e-09
7.537767962006115363e-09
7.523411075739897040e-09
7.509078615329716279e-09
7.494770502089947830e-09
7.480486657334968093e-09
7.466227002379143546e-09
7.451991458536853898e-09
7.437779947122468934e-09
7.423592389450365057e-09
7.409428706834914532e-09
7.395288820590492108e-09
7.381172652031468396e-09
7.367080122472219798e-09
7.353011153227118581e-09
7.338965665610538664e-09
7.324943580936853969e-09
7.310944820520436762e-09
7.296969305675660963e-09
7.283016957716901320e-09
7.269087697958530926e-09
7.255181447714922047e-09
7.241298128300450259e-09
7.227437661029487000e-09
7.213599967216407019e-09
7.199784968175583408e-09
7.185992585221390915e-09
7.172222739668201806e-09
7.158475352830389175e-09
7.144750346022328597e-09
7.131047640558391510e-09
7.117367157752952663e-09
7.103708818920385148e-09
7.090072545375062887e-09
7.076458286308910641e-09
7.062866102424064811e-09
7.049296082300208502e-09
7.035748314517031437e-09
7.022222887654216724e-09
7.008719890291452430e-09
6.995239411008425798e-09
6.981781538384820761e-09
6.968346361000326214e-09
6.954933967434627745e-09
6.941544446267410115e-09
6.928177886078362219e-09
6.914834375447167991e-09
6.901514002953515499e-09
6.888216857177089505e-09
6.874943026697578904e-09
6.861692600094667628e-09
6.848465665948042094e-09
6.835262312837388715e-09
6.822082629342397214e-09
6.808926704042749044e-09
6.795794625518134755e-09
6.782686482348236625e-09
6.769602363112743551e-09
6.756542356391341947e-09
6.743506550763718228e-09
6.730495034809557154e-09
6.717507897108546794e-09
6.704545226240371082e-09
6.691607110784720567e-09
6.678693639321276701e-09
6.665804900429730036e-09
6.652940982689763676e-09
6.640101974681067345e-09
6.627287964983323321e-09
6.614499042176221329e-09
6.601735294839446128e-09
6.588996811552684961e-09
6.576283680895622586e-09
6.563595991447947074e-09
6.550933831789344012e-09
6.538297290499500642e-09
6.525686456158100896e-09
6.513101417344833671e-09
6.500542262639383727e-09
6.488009080621439133e-09
6.475501959870683823e-09
6.463020988966805864e-09
6.450566256489492500e-09
6.438137851018427663e-09
6.425735758318064621e-09
6.413359552891919095e-09
6.401008706428272008e-09
6.388682690615406759e-09
6.376380977141600135e-09
6.364103037695137192e-09
6.351848343964296369e-09
6.339616367637361895e-09
6.327406580402613864e-09
6.315218453948333197e-09
6.303051459962800814e-09
6.290905070134298462e-09
6.278778756151108718e-09
6.266671989701510847e-09
6.254584242473786598e-09
6.242514986156218545e-09
6.230463692437085127e-09
6.218429833004671401e-09
6.206412879547255806e-09
6.194412303753120917e-09
6.182427577310546827e-09
6.170458171907817767e-09
6.158503559233211347e-09
6.146563210975009316e-09
6.134636598821495904e-09
6.122723194460949548e-09
6.110822469581652825e-09
6.098933895871886655e-09
6.087056945019931958e-09
6.075191088714070483e-09
6.063335798642583977e-09
6.051490546493752533e-09
6.039654803955858728e-09
6.027828042717183481e-09
6.016009734466006058e-09
6.004199350890610690e-09
5.992396363679276643e-09
5.980600244520287318e-09
5.968810465101921154e-09
5.957026497112462382e-09
5.945247812240189440e-09
5.933473882173384904e-09
5.921704178600332175e-09
5.909938173209308038e-09
5.898175337688597550e-09
5.886415143726480804e-09
5.874657063011237894e-09
5.862900567231152223e-09
5.851145128074503882e-09
5.839390217229573794e-09
