# pt
4.052597990897981675e-09
4.846707637594800252e-09
5.227708097080124555e-09
5.387353340507450493e-09
5.424664292008528989e-09
5.393984099057520422e-09
5.316187888073163756e-09
5.201951087710580277e-09
5.067479953720773316e-09
4.932741947702089641e-09
4.805020372561844751e-09
4.681911191036258932e-09
4.560040880327667844e-09
4.438721447471145705e-09
4.318420748610167304e-09
4.201544506489058753e-09
4.089964490301576147e-09
3.981478788438328471e-09
3.873804607910105087e-09
3.768409311011548257e-09
3.667153876212764333e-09
3.569723591401856506e-09
3.475413834297300886e-09
3.384136032521068824e-09
3.296092910068309688e-09
3.212036326523387175e-09
3.132562786759602675e-09
3.057098241216793163e-09
2.984737079316975041e-09
2.914418000844343924e-09
2.845323291277149730e-09
2.777765268507688250e-09
2.712306510045766744e-09
2.649380599457189183e-09
2.589190829111542681e-09
2.531148320537546892e-09
2.474635944909846492e-09
2.419715742827651206e-09
2.366619547246310885e-09
2.315502117620974844e-09
2.266209919405981574e-09
2.218512344555470271e-09
2.172178785023579719e-09
2.126978632764445805e-09
2.082727194755924973e-09
2.039423438070736047e-09
1.997112244805317992e-09
1.955838497056106880e-09
1.915647076919540022e-09
1.876590773491543373e-09
1.838754003865995391e-09
1.802229092136264417e-09
1.767108362395717554e-09
1.733484138737722107e-09
1.701374014508662664e-09
1.670496660066989616e-09
1.640496015024171461e-09
1.611016018991674835e-09
1.581700611580967615e-09
1.552297630474557131e-09
1.522970505639108734e-09
1.493986565112328055e-09
1.465613136931920516e-09
1.438117549135590922e-09
1.411706003623236004e-09
1.386340197743514417e-09
1.361920702707277569e-09
1.338348089725375216e-09
1.315522930008657733e-09
1.293350710120004204e-09
1.271756578030407302e-09
1.250670597062887994e-09
1.230022830540467664e-09
1.209743341786167277e-09
1.189774379351276561e-09
1.170106932700159034e-09
1.150744176525447387e-09
1.131689285519773690e-09
1.112945434375770013e-09
1.094515765449281201e-09
1.076403291749000096e-09
1.058610993946832728e-09
1.041141852714684301e-09
1.023998848724459811e-09
1.007185291492368057e-09
9.907058059118260160e-10
9.745653457205550888e-10
9.587688646562748148e-10
9.433213164567061809e-10
9.282253830053647187e-10
9.134746587689477574e-10
8.990604663599474812e-10
8.849741283908566948e-10
8.712069674741679957e-10
8.577503062223735683e-10
8.445954672479663204e-10
8.317337731634384363e-10
8.191565465812827204e-10
8.068551101139916671e-10
7.948207863740574607e-10
7.830448979739729056e-10
7.715187675262305996e-10
7.602337176433230371e-10
7.491810709377424023e-10
7.383521500219817064e-10
7.277382775085331337e-10
7.173307760098893852e-10
7.071209681385427487e-10
6.971001765069861320e-10
6.872605327527221924e-10
6.775974046132963072e-10
6.681069688512640163e-10
6.587854022291808600e-10
6.496288815096022750e-10
6.406335834550842150e-10
6.317956848281821166e-10
6.231113623914516235e-10
6.145767929074483792e-10
6.061881531387279237e-10
5.979416198478459005e-10
5.898333697973578499e-10
5.818595797498195187e-10
5.740164264677863436e-10
5.663000867138141750e-10
5.587067372504585529e-10
5.512325548402747073e-10
5.438737162458187988e-10
5.366263982296459538e-10
5.294867775543123328e-10
5.224515166623923395e-10
5.155192207165380028e-10
5.086889805594206287e-10
5.019598870337111097e-10
4.953310309820807518e-10
4.888015032472007577e-10
4.823703946717422266e-10
4.760367960983764645e-10
4.697997983697744672e-10
4.636584923286072824e-10
4.576119688175462677e-10
4.516593186792624707e-10
4.457996327564271457e-10
4.400320018917113920e-10
4.343555169277864638e-10
4.287692687073234088e-10
4.232723480729933261e-10
4.178638458674675735e-10
4.125428529334170952e-10
4.073084601135132488e-10
4.021597028171368108e-10
3.970953947205078348e-10
3.921142940665558964e-10
3.872151590982108815e-10
3.823967480584023657e-10
3.776578191900600282e-10
3.729971307361137031e-10
3.684134409394931211e-10
3.639055080431278062e-10
3.594720902899476443e-10
3.551119459228823144e-10
3.508238331848614439e-10
3.466065103188147635e-10
3.424587355676721075e-10
3.383792671743630515e-10
3.343668633818173261e-10
3.304202824329646623e-10
3.265382825707347908e-10
3.227196220380573906e-10
3.189630590778621924e-10
3.152673519330788754e-10
3.116312588466372220e-10
3.080535380614668079e-10
3.045329478204974673e-10
3.010682463666589308e-10
2.976582143165807863e-10
2.943017217816931356e-10
2.909976612471257305e-10
2.877449251980085298e-10
2.845424061194714924e-10
2.813889964966444734e-10
2.782835888146574835e-10
2.752250755586403780e-10
2.722123492137230121e-10
2.692443022650354998e-10
2.663198271977076448e-10
2.634378164968693540e-10
2.605971626476505863e-10
2.577967581351813004e-10
2.550354954445912483e-10
2.523122670610105437e-10
2.496259654695689905e-10
2.469754831553965989e-10
2.443597126036232245e-10
2.417775462993787742e-10
2.392278767277932068e-10
2.367095963739964810e-10
2.342215977231184523e-10
2.317627732602890794e-10
2.293320154706382692e-10
2.269283834546272685e-10
2.245516027740428370e-10
2.222015656060029448e-10
2.198781641276257428e-10
2.175812905160291495e-10
2.153108369483312642e-10
2.130666956016501602e-10
2.108487586531038336e-10
2.086569182798103837e-10
2.064910666588878322e-10
2.043510959674542008e-10
2.022368983826275631e-10
2.001483660815259407e-10
1.980853912412674331e-10
1.960478660389700103e-10
1.940356826517518233e-10
1.920487332567307646e-10
1.900869100310250110e-10
1.881501051517525327e-10
1.862382107960314548e-10
1.843511191409796698e-10
1.824887223637154580e-10
1.806509126413566602e-10
1.788375821510214273e-10
1.770486230698277296e-10
1.752839275748936921e-10
1.735433878433373107e-10
1.718268960522766331e-10
1.701343443788297327e-10
1.684656250001146313e-10
1.668206300932493765e-10
1.651992518353520417e-10
1.636013824035406230e-10
1.620269139749332195e-10
1.604757387266478272e-10
1.589477488358025196e-10
1.574428364795153443e-10
1.559608938349043489e-10
1.545018130790875552e-10
1.530654863891830624e-10
1.516518059423088148e-10
1.502606639155829376e-10
1.488919524861235041e-10
1.475455638310484587e-10
1.462213901274759266e-10
1.449193235525239552e-10
1.436392562833104888e-10
1.423810804969537302e-10
1.411446883705715976e-10
1.399299720812822164e-10
1.387367805558369951e-10
1.375647897195211233e-10
1.364136322472531516e-10
1.352829408139517080e-10
1.341723480945352915e-10
1.330814867639225043e-10
1.320099894970319228e-10
1.309574889687820718e-10
1.299236178540916570e-10
1.289080088278791514e-10
1.279102945650631314e-10
1.269301077405621994e-10
1.259670810292949316e-10
1.250208471061798529e-10
1.240910386461356173e-10
1.231772883240807494e-10
1.222792288149337999e-10
1.213964927936133969e-10
1.205287129350380651e-10
1.196755219141264068e-10
1.188365524057969984e-10
1.180114370849684163e-10
1.171998086265592112e-10
1.164012997054879853e-10
1.156155429966732892e-10
1.148421711750336994e-10
1.140808169154877921e-10
1.133311128929541569e-10
1.125926917823513443e-10
1.118651862585979565e-10
1.111482289966125442e-10
1.104414526713136838e-10
1.097444899576199646e-10
1.090569735304499372e-10
1.083785360647221909e-10
1.077088102353553023e-10
1.070474287172678348e-10
1.063940241853783648e-10
1.057482293146054946e-10
1.051096767798677489e-10
1.044779992560837043e-10
1.038528294181719887e-10
1.032337999410511269e-10
1.026205434996397213e-10
1.020126927688563353e-10
1.014098804236195324e-10
1.008117391388478890e-10
1.002179015894600075e-10
9.962800045037441256e-11
9.904166839650971936e-11
9.845857062627055562e-11
9.787850243200588334e-11
9.730129162955068993e-11
9.672676603474002744e-11
9.615475346340888327e-11
9.558508173139228361e-11
9.501757865452524174e-11
9.445207204864278383e-11
9.388838972957991023e-11
9.332635951317167298e-11
9.276580921525305949e-11
9.220656665165907011e-11
9.164845963822475686e-11
9.109131599078513301e-11
9.053496352517519891e-11
8.997923005722998074e-11
8.942394340278449177e-11
8.886893137767374526e-11
8.831402179773276740e-11
8.775904247879657145e-11
8.720382123670015776e-11
8.664818588727857835e-11
8.609196424636682066e-11
8.553498412979991086e-11
8.497707335341286223e-11
8.441805973304070094e-11
8.385777108451844026e-11
8.329603522368109347e-11
8.273267996636366089e-11
8.216753312840120749e-11
8.160042252562868191e-11
8.103117597388116205e-11
8.045962128899363530e-11
7.988558628680112787e-11
7.930889878313864010e-11
7.872938659384122401e-11
7.814687753474385411e-11
7.756119942168159535e-11
7.697218007048940930e-11
7.637964729700234799e-11
7.578342891705541178e-11
7.518335274648362684e-11
7.457924660112201937e-11
7.397093829680557678e-11
7.335825564936933818e-11
7.274102647464832977e-11
7.211907858847755188e-11
7.149223980669201778e-11
7.086033794512676658e-11
7.022320081961678569e-11
6.958077863612098442e-11
6.893351116109376573e-11
6.828196055111342863e-11
6.762668896275824625e-11
6.696825855260647884e-11
6.630723147723646416e-11
6.564416989322643659e-11
6.497963595715470806e-11
6.431419182559956465e-11
6.364839965513927950e-11
6.298282160235215161e-11
6.231801982381644122e-11
6.165455647611044732e-11
6.099299371581244307e-11
6.033389369950074038e-11
5.967781858375359950e-11
5.902533052514931941e-11
5.837699168026617327e-11
5.773336420568245362e-11
5.709501025797644653e-11
5.646249199372641869e-11
5.583637156951067557e-11
5.521721114190749679e-11
5.460557286749516194e-11
5.400201890285195711e-11
5.340711140455616838e-11
5.282141252918608182e-11
5.224548443331997059e-11
5.167988927353613368e-11
5.112518920641285717e-11
5.058194638852841421e-11
5.005072297646109087e-11
4.953208112678917971e-11
4.902658299609095386e-11
4.853479074094470587e-11
4.805726651792872827e-11
4.759457248362129421e-11
4.714727079460067686e-11
4.671592360744518813e-11
4.630109307873310117e-11
4.590334136504268267e-11
4.552323062295224456e-11
4.516132300904006000e-11
4.481818067988440858e-11
4.449436579206358286e-11
4.419044050215586891e-11
4.390696696673953988e-11
4.364450734239288184e-11
4.340362378569419380e-11
4.318487845322174891e-11
4.298863976924067658e-11
4.281450122876346668e-11
4.266186259448946535e-11
4.253012362911800579e-11
4.241868409534842767e-11
4.232694375588005774e-11
4.225430237341224212e-11
4.220015971064432049e-11
4.216391553027562605e-11
4.214496959500550494e-11
4.214272166753327098e-11
4.215657151055828321e-11
4.218591888677987486e-11
4.223016355889737267e-11
4.228870528961012276e-11
4.236094384161746480e-11
4.244627897761873201e-11
4.254411046031325760e-11
4.265383805240038768e-11
4.277486151657944255e-11
4.290658061554978127e-11
4.304839511201073057e-11
4.319970476866163013e-11
4.335990934820181315e-11
4.352840861333061284e-11
4.370460232674738180e-11
4.388789025115144677e-11
4.407767214924214096e-11
4.427334778371881050e-11
4.447431691728078860e-11
4.467997931262742138e-11
4.488973473245801622e-11
4.510298293947194508e-11
4.531912369636853471e-11
4.553755676584711187e-11
4.575768191060702267e-11
4.597889889334760033e-11
4.620060747676819098e-11
4.642220742356812783e-11
4.664309849644674408e-11
4.686268045810336648e-11
4.708035307123735409e-11
4.729551609854803365e-11
4.750756930273473190e-11
4.771591244649680790e-11
4.791994529253358841e-11
4.811906760354440661e-11
4.831267914222860219e-11
4.850017967128551482e-11
4.868096895341448415e-11
4.885459156094005877e-11
4.902117130468766804e-11
4.918097680510796963e-11
4.933427668265162119e-11
4.948133955776924161e-11
4.962243405091150794e-11
4.975782878252906492e-11
4.988779237307255081e-11
5.001259344299261681e-11
5.013250061273992705e-11
5.024778250276511334e-11
5.035870773351883333e-11
5.046554492545173823e-11
5.056856269901446630e-11
5.066802967465768167e-11
5.076421447283202908e-11
5.085738571398815325e-11
5.094781201857670539e-11
5.103576200704834316e-11
5.112150429985369837e-11
5.120530751744342220e-11
5.128744028026818526e-11
5.136817120877863227e-11
5.144776892342538213e-11
5.152650204465911833e-11
5.160463919293047915e-11
5.168244898869011579e-11
5.176020005238866006e-11
5.183816100447677609e-11
5.191660046540512798e-11
5.199578705562433464e-11
5.207598939558507311e-11
5.215747610573797519e-11
5.224051580653369209e-11
5.232537711842286854e-11
5.241232866185617512e-11
5.250163905728424365e-11
5.259357692515772532e-11
5.268841088592727133e-11
5.278640956004353934e-11
5.288784156795715470e-11
5.299297553011878799e-11
5.310208006697909041e-11
5.321542379898870023e-11
5.333327534659827512e-11
5.345590333025845981e-11
5.358357637041989256e-11
5.371656308753323751e-11
5.385513210204914585e-11
5.399955203441825586e-11
5.414997190160975328e-11
5.430606230666693624e-11
5.446737424915163744e-11
5.463345872862567662e-11
5.480386674465088001e-11
5.497814929678908676e-11
5.515585738460211663e-11
5.533654200765180876e-11
5.551975416549997644e-11
5.570504485770847176e-11
5.589196508383909509e-11
5.608006584345369202e-11
5.626889813611408232e-11
5.645801296138210515e-11
5.664696131881956732e-11
5.683529420798834677e-11
5.702256262845021155e-11
5.720831757976702020e-11
5.739211006150059248e-11
5.757349107321276753e-11
5.775201161446536511e-11
5.792722268482023083e-11
5.809867528383917153e-11
5.826592041108400697e-11
5.842850906611659567e-11
5.858599224849874448e-11
5.873792095779229899e-11
5.888384619355907898e-11
5.902331895536090421e-11
5.915589024275962027e-11
5.928111105531703400e-11
5.939853239259499102e-11
5.950770525415532401e-11
5.960818063955983980e-11
5.969950954837037107e-11
5.978124298014877637e-11
5.985293193445684959e-11
5.991412741085643636e-11
5.996438040890936935e-11
6.000324192817745539e-11
6.003026296822252718e-11
6.004499452860643031e-11
6.004698760889099748e-11
6.003579320863803552e-11
6.001096232740937711e-11
5.997204596476686787e-11
5.991859512027231462e-11
5.985016079348755005e-11
5.976629398397440685e-11
5.966654569129473062e-11
5.955059298862888092e-11
5.941861724363149278e-11
5.927092589757572812e-11
5.910782639173480054e-11
5.892962616738185902e-11
5.873663266579009133e-11
5.852915332823267229e-11
5.830749559598277674e-11
5.807196691031360536e-11
5.782287471249832652e-11
5.756052644381010859e-11
5.728522954552213287e-11
5.699729145890758712e-11
5.669701962523965262e-11
5.638472148579149130e-11
5.606070448183630382e-11
5.572527605464724564e-11
5.537874364549751744e-11
5.502141469566028113e-11
5.465359664640872446e-11
5.427559693901602873e-11
5.388772301475538170e-11
5.349028231489993881e-11
5.308358228072288136e-11
5.266793035349740357e-11
5.224363397449668673e-11
5.181100058499389922e-11
5.137033762626220940e-11
5.092195253957481150e-11
5.046615276620488680e-11
5.000324574742560369e-11
4.953353892451014992e-11
4.905733973873170678e-11
4.857495563136343618e-11
4.808669404367853235e-11
4.759286241695016364e-11
4.709376819245152429e-11
4.658971881145577620e-11
4.608102171523611359e-11
4.556798434506570484e-11
4.505091414221773122e-11
4.453011854796537405e-11
4.400590500358180816e-11
4.347858095034021484e-11
4.294845382951377538e-11
4.241583108237566461e-11
4.188102015019906385e-11
4.134432847425714791e-11
4.080606349582311101e-11
4.026653265617010861e-11
3.972600460670227170e-11
3.918459283934741376e-11
3.864237205616432384e-11
3.809941695921176511e-11
3.755580225054848786e-11
3.701160263223328110e-11
3.646689280632488865e-11
3.592174747488209954e-11
3.537624133996366404e-11
3.483044910362837118e-11
3.428444546793495830e-11
3.373830513494222090e-11
3.319210280670890925e-11
3.264591318529378653e-11
3.209981097275562885e-11
3.155387087115320588e-11
3.100816758254527432e-11
3.046277580899061030e-11
2.991777025254798347e-11
2.937322561527614408e-11
2.882921659923387149e-11
2.828581790647994180e-11
2.774310423907309883e-11
2.720115029907212836e-11
2.666003078853578714e-11
2.611982040952284481e-11
2.558059386409207748e-11
2.504242585430224188e-11
2.450539108221210442e-11
2.396956424988043477e-11
2.343502005936600903e-11
2.290183321272757423e-11
2.237007841202391296e-11
2.183983035931379162e-11
2.131116375665596694e-11
2.078415330610921828e-11
2.025887370973230235e-11
1.973539966958398881e-11
1.921380588772305699e-11
1.869416706620825394e-11
1.817655790709835899e-11
1.766105311245213857e-11
1.714772738432835586e-11
1.663665542478577729e-11
1.612791193588317250e-11
1.562157161967931437e-11
1.511770917823295317e-11
1.461639931360287471e-11
1.411771672784783409e-11
1.362173612302660097e-11
1.312852500562938972e-11
1.263812209987218068e-11
1.215055893440240537e-11
1.166586703786749534e-11
1.118407793891487725e-11
1.070522316619198102e-11
1.022933424834623495e-11
9.756442714025070560e-12
9.286580091875916149e-12
8.819777910546203244e-12
8.356067698683353680e-12
7.895480984934805446e-12
7.438049297947985223e-12
6.983804166370317268e-12
6.532777118849241187e-12
6.084999684032175582e-12
5.640503390566556020e-12
5.199319767099810798e-12
4.761480342279368210e-12
4.327016644752656554e-12
3.895960203167108974e-12
3.468342546170152148e-12
3.044195202409213970e-12
2.623549700531726776e-12
2.206437569185118860e-12
1.792890337016818520e-12
1.382939532674256880e-12
9.766166848048610229e-13
5.739533220560622752e-13
1.749809730752901448e-13
-2.202688334900284857e-13
-6.117645689924620890e-13
-9.994747047845823686e-13
-1.383367712218960221e-12
-1.763412062648164521e-12
-2.139576227424767984e-12
-2.511828677901341102e-12
-2.880137885430452951e-12
-3.244472321364676046e-12
-3.604800457056580068e-12
-3.961090763858735511e-12
-4.313311713123712866e-12
-4.661431776204085050e-12
-5.005419424452419726e-12
-5.345243129221289406e-12
-5.680871361863264178e-12
-6.012272593730914938e-12
-6.339415296176812583e-12
-6.662267940553526392e-12
-6.980798998213629685e-12
-7.294987919752462536e-12
-7.604858072736449808e-12
-7.910443803974792815e-12
-8.211779460276688022e-12
-8.508899388451335124e-12
-8.801837935307927358e-12
-9.090629447655667650e-12
-9.375308272303749235e-12
-9.655908756061373426e-12
-9.932465245737738302e-12
-1.020501208814203710e-11
-1.047358363008347275e-11
-1.073821421837124332e-11
-1.099893819981454206e-11
-1.125578992122257028e-11
-1.150880372940452767e-11
-1.175801397116960585e-11
-1.200345499332700613e-11
-1.224516114268592822e-11
-1.248316676605556857e-11
-1.271750621024512527e-11
-1.294821382206379479e-11
-1.317532394832077681e-11
-1.339887093582526458e-11
-1.361888913138646425e-11
-1.383541288181356744e-11
-1.404847653391577385e-11
-1.425811443450228156e-11
-1.446436093038228542e-11
-1.466725036836498998e-11
-1.486681709525958684e-11
-1.506309545787527572e-11
-1.525611980302125791e-11
-1.544592447750672505e-11
-1.563254382814087843e-11
-1.581601220173291615e-11
-1.599636394509203629e-11
-1.617363340502743369e-11
-1.634785492834831289e-11
-1.651906286186386229e-11
-1.668729155238328966e-11
-1.685257534671578662e-11
-1.701494859167055125e-11
-1.717444563405678486e-11
-1.733110082068367908e-11
-1.748494849836043843e-11
-1.763602301389625778e-11
-1.778435871410033198e-11
-1.792998994578186879e-11
-1.807295105575005661e-11
-1.821325114153862616e-11
-1.835079830357944512e-11
-1.848547539302889447e-11
-1.861716526104337777e-11
-1.874575075877927921e-11
-1.887111473739299266e-11
-1.899314004804090877e-11
-1.911170954187942464e-11
-1.922670607006492447e-11
-1.933801248375381183e-11
-1.944551163410246766e-11
-1.954908637226728908e-11
-1.964861954940466672e-11
-1.974399401667099771e-11
-1.983509262522266623e-11
-1.992179822621607261e-11
-2.000399367080760427e-11
-2.008156181015365185e-11
-2.015438549541061247e-11
-2.022234757773487031e-11
-2.028533090828282248e-11
-2.034321833821086932e-11
-2.039589271867538532e-11
-2.044323690083277404e-11
-2.048513373583942938e-11
-2.052146607485173874e-11
-2.055211676902609276e-11
-2.057696866951888857e-11
-2.059590462748651357e-11
-2.060880749408536164e-11
-2.061556012047182665e-11
-2.061604535780229927e-11
-2.061014605723317335e-11
-2.059774506992083633e-11
-2.057872524702168207e-11
-2.055296943969210768e-11
-2.052036049908850059e-11
-2.048078127636725789e-11
-2.043411462268476054e-11
-2.038024338919741212e-11
-2.031905042706159680e-11
-2.025041858743371170e-11
-2.017423072147015070e-11
-2.009036968032729797e-11
-1.999871831516155709e-11
-1.989915947712930901e-11
-1.979157601738695084e-11
-1.967585078709087645e-11
-1.955186663739747327e-11
-1.941950641946313841e-11
-1.927871822001923156e-11
-1.912971106809702420e-11
-1.897275922830275365e-11
-1.880813696524265074e-11
-1.863611854352295602e-11
-1.845697822774990678e-11
-1.827099028252974680e-11
-1.807842897246870369e-11
-1.787956856217302768e-11
-1.767468331624894638e-11
-1.746404749930269710e-11
-1.724793537594052361e-11
-1.702662121076865998e-11
-1.680037926839334675e-11
-1.656948381342082123e-11
-1.633420911045732072e-11
-1.609482942410907929e-11
-1.585161901898233749e-11
-1.560485215968333261e-11
-1.535480311081830844e-11
-1.510174613699349580e-11
-1.484595550281513202e-11
-1.458770547288946085e-11
-1.432727031182270990e-11
-1.406492428422112619e-11
-1.380094165469094540e-11
-1.353559668783840321e-11
-1.326916364826973856e-11
-1.300191680059118874e-11
-1.273413040940899591e-11
-1.246607873932938930e-11
-1.219803605495861267e-11
-1.193027662090290334e-11
-1.166307470176849699e-11
-1.139670456216163093e-11
-1.113144046668854731e-11
-1.086755667995548021e-11
-1.060532746656866531e-11
-1.034502709113434639e-11
-1.008692981825875752e-11
-9.831309912548136004e-12
-9.578441638608720767e-12
-9.328599261046750729e-12
-9.082057044468463197e-12
-8.839089253480092245e-12
-8.599970152687880026e-12
-8.364974006698060615e-12
-8.134375080116876164e-12
-7.908447637550562365e-12
-7.687465943605354908e-12
-7.471633237678314767e-12
-7.260868658329780629e-12
-7.055020318910912423e-12
-6.853936332772874119e-12
-6.657464813266821610e-12
-6.465453873743917250e-12
-6.277751627555320161e-12
-6.094206188052191890e-12
-5.914665668585693176e-12
-5.738978182506984758e-12
-5.566991843167225757e-12
-5.398554763917576914e-12
-5.233515058109198158e-12
-5.071720839093250229e-12
-4.913020220220894672e-12
-4.757261314843291419e-12
-4.604292236311597977e-12
-4.453961097976979124e-12
-4.306116013190592366e-12
-4.160605095303599251e-12
-4.017276457667159710e-12
-3.875978213632435288e-12
-3.736558476550585109e-12
-3.598865359772769507e-12
-3.462746976650149221e-12
-3.328051440533884586e-12
-3.194626864775136744e-12
-3.062321362725064415e-12
-2.930983047734829548e-12
-2.800460033155592075e-12
-2.670600432338511926e-12
-2.541252358634750244e-12
-2.412263925395466959e-12
-2.283483245971822407e-12
-2.154758433714976922e-12
-2.025937601976092051e-12
-1.896868864106326512e-12
-1.767400333456841044e-12
-1.637380123378797194e-12
-1.506656347223354085e-12
-1.375077118341672859e-12
-1.242490550084913446e-12
-1.108744755804236587e-12
-9.736878488508024128e-13
-8.371679425757712587e-13
-6.990331503303040652e-13
-5.591315854655606623e-13
-4.173113613327016370e-13
-2.734205912828874755e-13
-1.273073886672782854e-13
2.113528903858514139e-14
1.718351078616424054e-13
3.246748897044524510e-13
4.795374564695746898e-13
6.363056300595682966e-13
7.948622323769922693e-13
9.550900853244063131e-13
1.116872010804369022e-12
1.280090830719439899e-12
1.444629366972178750e-12
1.610370441465143766e-12
1.777196876100894954e-12
1.944991492781991110e-12
2.113637113410991838e-12
2.283016559890455734e-12
2.453012654122943005e-12
2.623508218011012247e-12
2.794386073457221650e-12
2.965529042364132231e-12
3.136819946634302182e-12
3.308141608170291306e-12
3.479376848874658604e-12
3.650408490649963073e-12
3.821119355398764114e-12
3.991392265023620727e-12
4.161110041427092312e-12
4.330155506511739080e-12
4.498411482180118818e-12
4.665760790334789311e-12
4.832086252878313193e-12
4.997270691713249058e-12
5.161196928742154693e-12
5.323747785867589499e-12
5.484806084992112879e-12
5.644254648018284234e-12
5.801976296848662966e-12
5.957853853385807670e-12
6.111770139532278556e-12
6.263607977190634217e-12
6.413250188263434057e-12
6.560579594653236668e-12
6.705479018262603068e-12
6.847831280994089429e-12
6.987519204750258383e-12
7.124425611433666910e-12
7.258433322946875219e-12
7.389425161192439480e-12
7.517283948072925558e-12
7.641892505490885586e-12
7.763133655348884619e-12
7.880914375580850317e-12
7.995238268246215684e-12
8.106133091435776325e-12
8.213626603240339157e-12
8.317746561750701400e-12
8.418520725057663509e-12
8.515976851252030782e-12
8.610142698424602058e-12
8.701046024666179404e-12
8.788714588067563275e-12
8.873176146719555738e-12
8.954458458712958862e-12
9.032589282138571485e-12
9.107596375087195675e-12
9.179507495649635117e-12
9.248350401916690264e-12
9.314152851979161568e-12
9.376942603927846252e-12
9.436747415853554461e-12
9.493595045847078572e-12
9.547513251999223884e-12
9.598529792400794082e-12
9.646672425142588002e-12
9.691968908315406097e-12
9.734447000010048822e-12
9.774134458317323091e-12
9.811059041328022894e-12
9.845248507132953533e-12
9.876730613822917075e-12
9.905533119488712357e-12
9.931683782221143065e-12
9.955210360111006419e-12
9.976140611249109336e-12
9.994502293726249037e-12
1.001032316563322597e-11
1.002363098506084383e-11
1.003445351009990468e-11
1.004281849884121059e-11
1.004875370937555717e-11
1.005228689979375294e-11
1.005344582818659189e-11
1.005225825264488095e-11
1.004875193125941895e-11
1.004295462212100634e-11
1.003489408332045004e-11
1.002459807294854242e-11
1.001209434909609201e-11
9.997410669853896045e-12
9.980574793312758197e-12
9.961614477563478922e-12
9.940559984116125885e-12
9.917451588157832368e-12
9.892332068295002093e-12
9.865244203134037171e-12
9.836230771281334862e-12
9.805334551343298890e-12
9.772598321926331364e-12
9.738064861636829547e-12
9.701776949081200392e-12
9.663777362865841162e-12
9.624108881597153965e-12
9.582814283881542525e-12
9.539936348325400874e-12
9.495517853535139196e-12
9.449601578117153139e-12
9.402230300677846427e-12
9.353446799823619552e-12
9.303293854160873007e-12
9.251814242296008901e-12
9.199050742835429342e-12
9.145046134385533208e-12
9.089843195552725838e-12
9.033484704943402878e-12
8.976013441163969668e-12
8.917472182820825086e-12
8.857903708520374471e-12
8.797350796869011853e-12
8.735856226473147419e-12
8.673462775939173584e-12
8.610213223873498919e-12
8.546150348882522301e-12
8.481316929572639377e-12
8.415755744550261947e-12
8.349509572421782428e-12
8.282621191793606158e-12
8.215133381272132016e-12
8.147088919463763725e-12
8.078530584974903393e-12
8.009501156411946668e-12
7.940043412381302119e-12
7.870200131489367009e-12
7.800014092342541830e-12
7.729528073547228691e-12
7.658784853709829700e-12
7.587827211436746966e-12
7.516697925334379365e-12
7.445439774009127392e-12
7.374095536067396386e-12
7.302707990115583608e-12
7.231319914760093590e-12
7.159964435587710546e-12
7.088636066106760839e-12
7.017319666805957784e-12
6.946000098174013889e-12
6.874662220699638430e-12
6.803290894871543915e-12
6.731870981178443659e-12
6.660387340109048553e-12
6.588824832152069490e-12
6.517168317796222208e-12
6.445402657530212752e-12
6.373512711842756861e-12
6.301483341222564619e-12
6.229299406158348533e-12
6.156945767138821111e-12
6.084407284652693244e-12
6.011668819188677441e-12
5.938715231235483785e-12
5.865531381281826399e-12
5.792102129816415367e-12
5.718412337327963196e-12
5.644446864305184011e-12
5.570190571236784663e-12
5.495628318611480891e-12
5.420744966917981971e-12
5.345525376645002835e-12
5.269954408281252758e-12
5.194016922315444248e-12
5.117697779236289813e-12
5.040981839532500343e-12
4.963853963692788348e-12
4.886299012205865525e-12
4.808301845560442768e-12
4.729847324245233392e-12
4.650920308748948287e-12
4.571505659560299154e-12
4.491588237167997693e-12
4.411152902060756411e-12
4.330184514727287008e-12
4.248667935656301183e-12
4.166588025336511443e-12
4.083929644256627065e-12
4.000677652905364596e-12
3.916816911771430081e-12
3.832332281343540872e-12
3.747208622110404633e-12
3.661430794560734677e-12
3.574983659183243511e-12
3.487852076466642029e-12
3.400020906899642737e-12
3.311484025379019006e-12
3.222271364433790490e-12
3.132421871001040128e-12
3.041974492017850457e-12
2.950968174421303204e-12
2.859441865148480907e-12
2.767434511136465292e-12
2.674985059322338898e-12
2.582132456643184258e-12
2.488915650036083507e-12
2.395373586438118371e-12
2.301545212786370984e-12
2.207469476017924689e-12
2.113185323069860407e-12
2.018731700879261885e-12
1.924147556383209237e-12
1.829471836518787017e-12
1.734743488223075541e-12
1.640001458433157951e-12
1.545284694086116379e-12
1.450632142119033158e-12
1.356082749468990422e-12
1.261675463073070504e-12
1.167449229868354931e-12
1.073442996791926642e-12
9.796957107808677709e-13
8.862463187722604487e-13
7.931337677031870098e-13
7.003970045107295866e-13
6.080749761319705131e-13
5.162066295039917197e-13
4.248309115638755406e-13
3.339867692487045622e-13
2.437131494955606141e-13
1.540489992415260302e-13
6.503326542368329629e-14
-2.329510502088579623e-14
-1.108971651550987996e-13
-1.977339680418734932e-13
-2.837665667441275556e-13
-3.689560143247790059e-13
-4.532633638467454090e-13
-5.366496683729446327e-13
-6.190759809662942418e-13
-7.005033546897125080e-13
-7.808928426061165923e-13
-8.602054977784245644e-13
-9.384023732695543930e-13
-1.015444522142423340e-12
-1.091292997459949879e-12
-1.165913270252162916e-12
-1.239288483417539548e-12
-1.311406197821667911e-12
-1.382253974330136947e-12
-1.451819373808534993e-12
-1.520089957122450589e-12
-1.587053285137472274e-12
-1.652696918719188183e-12
-1.717008418733187057e-12
-1.779975346045057637e-12
-1.841585261520388462e-12
-1.901825726024767466e-12
-1.960684300423783591e-12
-2.018148545583025781e-12
-2.074206022368081363e-12
-2.128844291644539684e-12
-2.182050914277989283e-12
-2.233813451134017892e-12
-2.284119463078214857e-12
-2.332956510976168717e-12
-2.380312155693468012e-12
-2.426173958095700069e-12
-2.470529479048454639e-12
-2.513366279417319856e-12
-2.554671920067883857e-12
-2.594433961865735989e-12
-2.632639965676463982e-12
-2.669277492365656375e-12
-2.704334102798902516e-12
-2.737797357841790136e-12
-2.769654818359907371e-12
-2.799894045218843970e-12
-2.828502599284187665e-12
-2.855468041421526996e-12
-2.880777932496449694e-12
-2.904419833374545913e-12
-2.926381304921403385e-12
-2.946649908002610245e-12
-2.965213203483755840e-12
-2.982058752230427498e-12
-2.997174115108214968e-12
-3.010546852982705983e-12
-3.022164526719489082e-12
-3.032014697184152804e-12
-3.040084925242286091e-12
-3.046362771759477080e-12
-3.050835797601314308e-12
-3.053491563633385912e-12
-3.054317630721281239e-12
-3.053301559730588423e-12
-3.050438080337666211e-12
-3.045750597461955794e-12
-3.039269684833668169e-12
-3.031025916183014734e-12
-3.021049865240206888e-12
-3.009372105735455626e-12
-2.996023211398972751e-12
-2.981033755960968855e-12
-2.964434313151655741e-12
-2.946255456701244807e-12
-2.926527760339947049e-12
-2.905281797797973866e-12
-2.882548142805536657e-12
-2.858357369092846821e-12
-2.832740050390114949e-12
-2.805726760427553249e-12
-2.777348072935372715e-12
-2.747634561643784343e-12
-2.716616800282999935e-12
-2.684325362583230487e-12
-2.650790822274686994e-12
-2.616043753087581663e-12
-2.580114728752124681e-12
-2.543034322998527852e-12
-2.504833109557002574e-12
-2.465541662157760246e-12
-2.425190554531012267e-12
-2.383810360406969634e-12
-2.341431653515843340e-12
-2.298085007587845189e-12
-2.253800996353186176e-12
-2.208610193542077700e-12
-2.162543172884731564e-12
-2.115630508111358360e-12
-2.067902772952169486e-12
-2.019390541137376341e-12
-1.970124386397190325e-12
-1.920134882461822837e-12
-1.869452603061485276e-12
-1.818108121926388435e-12
-1.766132012786743511e-12
-1.713554849372762509e-12
-1.660407205414656626e-12
-1.606719654642636858e-12
-1.552522770786914402e-12
-1.497847127577700655e-12
-1.442723298745207019e-12
-1.387181858019644892e-12
-1.331253379131225268e-12
-1.274968435810159750e-12
-1.218353526673045257e-12
-1.161418849882021806e-12
-1.104170528485615135e-12
-1.046614685532351388e-12
-9.887574440707556990e-13
-9.306049271493546143e-13
-8.721632578166730656e-13
-8.134385591212377011e-13
-7.544369541115739570e-13
-6.951645658362077746e-13
-6.356275173436645903e-13
-5.758319316824704464e-13
-5.157839319011510821e-13
-4.554896410482322367e-13
-3.949551821722399525e-13
-3.341866783216997668e-13
-2.731902525451375199e-13
-2.119720278910790015e-13
-1.505381274080500773e-13
-8.889467414457638542e-14
-2.704779114918401870e-14
3.499639852960151710e-14
9.723177184325431227e-14
1.596522057432486212e-13
2.222515771810585973e-13
2.850237631081584761e-13
3.479626404760223415e-13
4.110620862361248834e-13
4.743159773399396051e-13
5.377181907389410198e-13
6.012626033846035397e-13
6.649430922284013245e-13
7.287535342218082309e-13
7.926878063162987217e-13
8.567397854633467546e-13
9.209033486144271962e-13
9.851723727210137013e-13
1.049540734734580531e-12
1.114002311606601945e-12
1.178550980288552204e-12
1.243180617731905167e-12
1.307885100888135698e-12
1.372658306708717453e-12
1.437494112145124894e-12
1.502386394148832283e-12
1.567329029671313475e-12
1.632315895664042934e-12
1.697340869078495123e-12
1.762397826866143695e-12
1.827480645978463316e-12
1.892582157707624548e-12
1.957691010708584571e-12
2.022794807976995856e-12
2.087881152508513704e-12
2.152937647298790990e-12
2.217951895343480589e-12
2.282911499638236589e-12
2.347804063178712270e-12
2.412617188960561315e-12
2.477338479979438215e-12
2.541955539230994636e-12
2.606455969710885067e-12
2.670827374414764001e-12
2.735057356338283101e-12
2.799133518477097264e-12
2.863043463826859363e-12
2.926774795383223892e-12
2.990315116141843321e-12
3.053652029098371334e-12
3.116773137248462424e-12
3.179666043587768656e-12
3.242318351111944524e-12
3.304717662816644114e-12
3.366851581697519091e-12
3.428707710750225158e-12
3.490273652970414786e-12
3.551537011353740851e-12
3.612485388895858652e-12
3.673106388592419450e-12
3.733387613439078544e-12
3.793316666431488809e-12
3.852881150565304333e-12
3.912068668836179204e-12
3.970866824239765085e-12
4.029263219771716063e-12
4.087245458427686228e-12
4.144801143203329665e-12
4.201917877094298847e-12
4.258583263096247861e-12
4.314784904204829987e-12
4.370510403415698504e-12
4.425747363724508309e-12
4.480483388126911064e-12
4.534706079618561665e-12
4.588403041195113392e-12
4.641561875852219524e-12
4.694170186585532534e-12
4.746215576390708124e-12
4.797685648263399574e-12
4.848568005199258548e-12
4.898851037404056001e-12
4.948526283924023083e-12
4.997586071015510238e-12
5.046022724934865482e-12
5.093828571938433604e-12
5.140995938282566661e-12
5.187517150223612672e-12
5.233384534017919654e-12
5.278590415921834011e-12
5.323127122191707799e-12
5.366986979083885807e-12
5.410162312854717669e-12
5.452645449760553017e-12
5.494428716057737448e-12
5.535504438002622211e-12
5.575864941851554516e-12
5.615502553860882383e-12
5.654409600286953829e-12
5.692578407386118488e-12
5.730001301414722764e-12
5.766670608629115482e-12
5.802578655285648700e-12
5.837717767640665590e-12
5.872080271950516593e-12
5.905658494471550536e-12
5.938444761460115437e-12
5.970431399172560123e-12
6.001610733865231803e-12
6.031975091794477689e-12
6.061516799216649838e-12
6.090228182388094652e-12
6.118101567565160959e-12
6.145129281004195969e-12
6.171303648961546891e-12
6.196616997693564977e-12
6.221061653456598244e-12
6.244629942506993095e-12
6.267314191101099165e-12
6.289106725495265279e-12
6.309999871945838648e-12
6.329985956709166483e-12
6.349057306041600841e-12
6.367206246199487317e-12
6.384425103439176353e-12
6.400706204017013545e-12
6.416041874189348525e-12
6.430424440212528505e-12
6.443846228342903926e-12
6.456299564836822808e-12
6.467776775950632360e-12
6.478272558392187844e-12
6.487791090675371875e-12
6.496338921765573504e-12
6.503922600628181782e-12
6.510548676228584145e-12
6.516223697532171257e-12
6.520954213504329747e-12
6.524746773110450281e-12
6.527607925315921909e-12
6.529544219086133683e-12
6.530562203386472229e-12
6.530668427182328214e-12
6.529869439439090688e-12
6.528171789122147087e-12
6.525582025196887268e-12
6.522106696628701092e-12
6.517752352382975992e-12
6.512525541425101019e-12
6.506432812720463608e-12
6.499480715234456042e-12
6.491675797932464947e-12
6.483024609779880990e-12
6.473533699742089991e-12
6.463209616784483423e-12
6.452058909872447913e-12
6.440088127971375744e-12
6.427303820046652735e-12
6.413712535063667937e-12
6.399320821987811208e-12
6.384135229784472407e-12
6.368162307419038969e-12
6.351408603856899136e-12
6.333880668063443575e-12
6.315585049004059721e-12
6.296528295644136625e-12
6.276716956949064146e-12
6.256157581884229717e-12
6.234856719415024006e-12
6.212820918506835256e-12
6.190056728125050901e-12
6.166570697235059992e-12
6.142369374802254004e-12
6.117459309792018756e-12
6.091847051169745721e-12
6.065539147900822336e-12
6.038542148950637650e-12
6.010862603284579099e-12
5.982507059868038157e-12
5.953482067666402259e-12
5.923794175645060455e-12
5.893450140842406002e-12
5.862457552588849784e-12
5.830824208287807698e-12
5.798557905342696449e-12
5.765666441156928705e-12
5.732157613133920362e-12
5.698039218677088125e-12
5.663319055189847084e-12
5.628004920075612328e-12
5.592104610737801372e-12
5.555625924579826880e-12
5.518576659005103943e-12
5.480964611417050881e-12
5.442797579219080360e-12
5.404083359814609894e-12
5.364829750607053765e-12
5.325044548999828676e-12
5.284735552396347296e-12
5.243910558200028752e-12
5.202577363814284903e-12
5.160743766642534070e-12
5.118417564088190534e-12
5.075606553554669384e-12
5.032318532445386520e-12
4.988561298163757029e-12
4.944342648113196810e-12
4.899670379697120953e-12
4.854552290318946161e-12
4.808996177382085102e-12
4.763009838289956096e-12
4.716601070445972618e-12
4.669777671253551372e-12
4.622547438116107449e-12
4.574918168437055937e-12
4.526897659619811119e-12
4.478493709067792123e-12
4.429714114184410808e-12
4.380566672373083878e-12
4.331059181037226424e-12
4.281199437580255959e-12
4.230995239405583533e-12
4.180454383916629082e-12
4.129584668516806081e-12
4.078393890609528811e-12
4.026889847598216401e-12
3.975080336886279902e-12
3.922973155877137634e-12
3.870576101974203880e-12
3.817896972580894536e-12
3.764943565100624692e-12
3.711724596618364174e-12
3.658252462945296906e-12
3.604540479574162757e-12
3.550601961997699580e-12
3.496450225708646437e-12
3.442098586199741181e-12
3.387560358963724085e-12
3.332848859493332598e-12
3.277977403281305782e-12
3.222959305820383104e-12
3.167807882603301205e-12
3.112536449122801167e-12
3.057158320871619629e-12
3.001686813342496867e-12
2.946135242028170328e-12
2.890516922421380690e-12
2.834845170014864594e-12
2.779133300301360698e-12
2.723394628773609278e-12
2.667642470924347377e-12
2.611890142246315674e-12
2.556150958232250808e-12
2.500438234374892651e-12
2.444765286166979054e-12
2.389145429101249887e-12
2.333591978670443003e-12
2.278118250367297464e-12
2.222737559684551526e-12
2.167463222114944252e-12
2.112308553151214705e-12
2.057286868286100332e-12
2.002411483012341004e-12
1.947695712822674978e-12
1.893152873209840911e-12
1.838796279666577464e-12
1.784639247685623698e-12
1.730695092759717871e-12
1.676977130381599044e-12
1.623498676044005877e-12
1.570273045239676626e-12
1.517313553461350151e-12
1.464633516201765718e-12
1.412246248953661177e-12
1.360165067209775593e-12
1.308403286462848230e-12
1.256974222205616738e-12
1.205891189930820180e-12
1.155167505131197820e-12
1.104816483299487713e-12
1.054851439928428719e-12
1.005283515198651648e-12
9.561151480423546962e-13
9.073466020796285128e-13
8.589781409305639496e-13
8.110100282152509490e-13
7.634425275537798577e-13
7.162759025662416280e-13
6.695104168727266064e-13
6.231463340933250386e-13
5.771839178481278768e-13
5.316234317572249627e-13
4.864651394407071478e-13
4.417093045186647786e-13
3.973561906111883025e-13
3.534060613383684196e-13
3.098591803202955268e-13
2.667158111770597687e-13
2.239762175287520220e-13
1.816406629954624060e-13
1.397094111972816963e-13
9.818272575430023956e-14
5.706087028660853371e-14
1.634410841429705151e-14
-2.396729624254391101e-14
-6.387308006382360342e-14
-1.033729794294517297e-13
-1.424667307193377413e-13
-1.811540703133913422e-13
-2.194347345915217315e-13
-2.573084599336386384e-13
-2.947749827196517164e-13
-3.318340393294703918e-13
-3.684853661430039140e-13
-4.047286995401622901e-13
-4.405637759008547190e-13
-4.759903316049908039e-13
-5.110081030324802485e-13
-5.456168265632322520e-13
-5.798162385771566699e-13
-6.136060754541627517e-13
-6.469860735741603527e-13
-6.799559693170587227e-13
-7.125154990627673131e-13
-7.446643991911960803e-13
-7.764024060822541728e-13
-8.077292561158512443e-13
-8.386446856718967461e-13
-8.691484311303003318e-13
-8.992402288709716548e-13
-9.289198152738198637e-13
-9.581859172196050438e-13
-9.870332235924874931e-13
-1.015455413777478446e-12
-1.043446167159588532e-12
-1.070999163123828782e-12
-1.098108081055209625e-12
-1.124766600338742294e-12
-1.150968400359437822e-12
-1.176707160502306233e-12
-1.201976560152359365e-12
-1.226770278694607446e-12
-1.251081995514061506e-12
-1.274905389995732580e-12
-1.298234141524631092e-12
-1.321061929485768077e-12
-1.343382433264154567e-12
-1.365189332244801392e-12
-1.386476305812719182e-12
-1.407237033352918968e-12
-1.427465194250411381e-12
-1.447154467890207451e-12
-1.466298533657318213e-12
-1.484891070936754093e-12
-1.502925759113526123e-12
-1.520396277572645336e-12
-1.537296305699122361e-12
-1.553619522877968230e-12
-1.569359608494193573e-12
-1.584510241932809220e-12
-1.599065102578826406e-12
-1.613017869817255759e-12
-1.626362223033107706e-12
-1.639091841611394088e-12
-1.651200404937124523e-12
-1.662681592395310852e-12
-1.673529083370963503e-12
-1.683736557249093507e-12
-1.693297693414711291e-12
-1.702206171252828292e-12
-1.710455670148454937e-12
-1.718039869486602056e-12
-1.724952448652280885e-12
-1.731187087030502253e-12
-1.736737464006276588e-12
-1.741597258964614921e-12
-1.745760151290528085e-12
-1.749219820369027112e-12
-1.751969945585122831e-12
-1.754004206323825873e-12
-1.755316281970147067e-12
-1.755903039337360150e-12
-1.755774094951788457e-12
-1.754942252768018635e-12
-1.753420316740636723e-12
-1.751221090824228962e-12
-1.748357378973381392e-12
-1.744841985142681062e-12
-1.740687713286713204e-12
-1.735907367360064665e-12
-1.730513751317321686e-12
-1.724519669113070712e-12
-1.717937924701897175e-12
-1.710781322038388328e-12
-1.703062665077129805e-12
-1.694794757772708050e-12
-1.685990404079709506e-12
-1.676662407952720415e-12
-1.666823573346326413e-12
-1.656486704215114549e-12
-1.645664604513670660e-12
-1.634370078196581190e-12
-1.622615929218432380e-12
-1.610414961533810674e-12
-1.597779979097301505e-12
-1.584723785863491923e-12
-1.571259185786968170e-12
-1.557398982822316284e-12
-1.543155980924122709e-12
-1.528542984046973080e-12
-1.513572796145454448e-12
-1.498258221174152852e-12
-1.482612063087654532e-12
-1.466647125840545327e-12
-1.450376213387412286e-12
-1.433812129682840843e-12
-1.416967678681417642e-12
-1.399855664337729330e-12
-1.382488890606361542e-12
-1.364880161441900923e-12
-1.347042280798933512e-12
-1.328988052632045553e-12
-1.310730280895823285e-12
-1.292281769544853556e-12
-1.273655322533722002e-12
-1.254863743817015066e-12
-1.235919837349318788e-12
-1.216836407085219611e-12
-1.197626256979303979e-12
-1.178302190986157728e-12
-1.158877013060367708e-12
-1.139360854116580025e-12
-1.119753152909683889e-12
-1.100050675154627773e-12
-1.080250186566361155e-12
-1.060348452859832710e-12
-1.040342239749991918e-12
-1.020228312951787452e-12
-1.000003438180168187e-12
-9.796643811500840063e-13
-9.592079075764835842e-13
-9.386307831743155931e-13
-9.179297736585295137e-13
-8.971016447440740189e-13
-8.761431621458985895e-13
-8.550510915789521001e-13
-8.338221987581837287e-13
-8.124532493985420471e-13
-7.909410092149767379e-13
-7.692822439224364741e-13
-7.474737192358704334e-13
-7.255122008702276926e-13
-7.033944545404573284e-13
-6.811172459615084177e-13
-6.586773408483296334e-13
-6.360715049158705570e-13
-6.132965038790798616e-13
-5.903491034529070277e-13
-5.672260693523006274e-13
-5.439241672922099393e-13
-5.204401629875841412e-13
-4.967708221533722089e-13
-4.729129105045230172e-13
-4.488631937559858449e-13
-4.246184376227095669e-13
-4.001754078196433609e-13
-3.755308700617363541e-13
-3.506815900639374214e-13
-3.256243335411956901e-13
-3.003558662084602369e-13
-2.748729537806801387e-13
-2.491723619728043713e-13
-2.232508564997820619e-13
-1.971052030765622621e-13
-1.707321674180939729e-13
-1.441285152393262712e-13
-1.172910122552082336e-13
-9.021642418068893708e-14
-6.290151673071738260e-14
-3.534305562024265959e-14
-7.537806564213805381e-15
2.051444134999732365e-14
4.880180554532780021e-14
7.730938007229185586e-14
1.060222589814037995e-13
1.349255363231778675e-13
1.640043061481283150e-13
1.932436625067694478e-13
2.226286994496154959e-13
2.521445110271806893e-13
2.817761912899794600e-13
3.115088342885258361e-13
3.413275340733342493e-13
3.712173846949188794e-13
4.011634802037941078e-13
4.311509146504740634e-13
4.611647820854731783e-13
4.911901765593055815e-13
5.212121921224853010e-13
5.512159228255271727e-13
5.811864627189451237e-13
6.111089058532532830e-13
6.409683462789663855e-13
6.707498780465981563e-13
7.004385952066631283e-13
7.300195918096755316e-13
7.594779619061497981e-13
7.887987995465999559e-13
8.179671987815404369e-13
8.469682536614851682e-13
8.757870582369488847e-13
9.044087065584456144e-13
9.328182926764896884e-13
9.610009106415953365e-13
9.889416545042768899e-13
1.016625618315048175e-12
1.044037896124423825e-12
1.071163581982918474e-12
1.097987769941046150e-12
1.124495554049320679e-12
1.150672028358256696e-12
1.176502286918368228e-12
1.201971423780169909e-12
1.227064532994175969e-12
1.251766708610900235e-12
1.276063044680857542e-12
1.299938635254561715e-12
1.323378574382527188e-12
1.346367956115267989e-12
1.368891874503298952e-12
1.390935423597133905e-12
1.412486741484709459e-12
1.433546142403650544e-12
1.454116984629004673e-12
1.474202626435818956e-12
1.493806426099140906e-12
1.512931741894017432e-12
1.531581932095496450e-12
1.549760354978624667e-12
1.567470368818449797e-12
1.584715331890019152e-12
1.601498602468379641e-12
1.617823538828578574e-12
1.633693499245663869e-12
1.649111841994682231e-12
1.664081925350680973e-12
1.678607107588708012e-12
1.692690746983810053e-12
1.706336201811034408e-12
1.719546830345428591e-12
1.732325990862039912e-12
1.744677041635915281e-12
1.756603340942102815e-12
1.768108247055649020e-12
1.779195118251601407e-12
1.789867312805007492e-12
1.800128188990914585e-12
1.809981105084369595e-12
1.819429419360420438e-12
1.828476490094113417e-12
1.837125675560496650e-12
1.845380334034617854e-12
1.853243823791522723e-12
1.860719503106260591e-12
1.867810730253877151e-12
1.874520863509420120e-12
1.880853261147937618e-12
1.886811281444475743e-12
1.892398282674082616e-12
1.897617623111805144e-12
1.902472661032690638e-12
1.906966754711786815e-12
1.911103262424140177e-12
1.914885542444798845e-12
1.918316953048809726e-12
1.921400852511220131e-12
1.924140599107077776e-12
1.926539551111428761e-12
1.928601066799321609e-12
1.930328504445803631e-12
1.931725222325921332e-12
1.932794613631624400e-12
1.933540211222470819e-12
1.933965582874919736e-12
1.934074296365430705e-12
1.933869919470462875e-12
1.933356019966477009e-12
1.932536165629931449e-12
1.931413924237286959e-12
1.929992863565001880e-12
1.928276551389536976e-12
1.926268555487351395e-12
1.923972443634903883e-12
1.921391783608655205e-12
1.918530143185064507e-12
1.915391090140591344e-12
1.911978192251695268e-12
1.908295017294836235e-12
1.904345133046472990e-12
1.900132107283065894e-12
1.895659507781074499e-12
1.890930902316957953e-12
1.885949858667176214e-12
1.880719944608188430e-12
1.875244727916454558e-12
1.869527776368434149e-12
1.863572657740586758e-12
1.857382939809371935e-12
1.850962190351249235e-12
1.844313977142678209e-12
1.837441867960118410e-12
1.830349430580029794e-12
1.823040232778871108e-12
1.815517842333103315e-12
1.807785827019184759e-12
1.799847754613575192e-12
1.791707192892734976e-12
1.783367709633122653e-12
1.774832872611198786e-12
1.766106249603422523e-12
1.757191408386253216e-12
1.748091916736150416e-12
1.738811342429574282e-12
1.729353253242984165e-12
1.719721216952839213e-12
1.709918801335599585e-12
1.699949574167724834e-12
1.689817103225673704e-12
1.679524956285906959e-12
1.669076701124883547e-12
1.658475905519063020e-12
1.647725711379360138e-12
1.636827557154509284e-12
1.625782455427700449e-12
1.614591418782122821e-12
1.603255459800965987e-12
1.591775591067419740e-12
1.580152825164673264e-12
1.568388174675916554e-12
1.556482652184338795e-12
1.544437270273130181e-12
1.532253041525479495e-12
1.519930978524576730e-12
1.507472093853611475e-12
1.494877400095773117e-12
1.482147909834251247e-12
1.469284635652235857e-12
1.456288590132915930e-12
1.443160785859481057e-12
1.429902235415121432e-12
1.416513951383025837e-12
1.402996946346384468e-12
1.389352232888386711e-12
1.375580823592221954e-12
1.361683731041079787e-12
1.347661967818150001e-12
1.333516546506621983e-12
1.319248479689685727e-12
1.304858779950530013e-12
1.290348459872344634e-12
1.275718532038319785e-12
1.260970009031644450e-12
1.246103903435508418e-12
1.231121227833101079e-12
1.216022994807612425e-12
1.200810216942231239e-12
1.185483906820147916e-12
1.170045077024551643e-12
1.154494740138632008e-12
1.138833908745578602e-12
1.123063595428580812e-12
1.107184812770828429e-12
1.091198573355511245e-12
1.075105889765818444e-12
1.058907774584939617e-12
1.042605240396064352e-12
1.026199299782382644e-12
1.009690965327083273e-12
9.930812496133564349e-13
9.763711652243917191e-13
9.595617247433783109e-13
9.426540998013372794e-13
9.256500982206141977e-13
9.085516868713868256e-13
8.913608326238322158e-13
8.740795023481270173e-13
8.567096629144489896e-13
8.392532811929749837e-13
8.217123240538822544e-13
8.040887583673480563e-13
7.863845510035495432e-13
7.686016688326639700e-13
7.507420787248681874e-13
7.328077475503398542e-13
7.148006421792556192e-13
6.967227294817932421e-13
6.785759763281294728e-13
6.603623495884414650e-13
6.420838161329067765e-13
6.237423428317022580e-13
6.053398965550052654e-13
5.868784441729927505e-13
5.683599525558423719e-13
5.497863885737306775e-13
5.311597190968352251e-13
5.124819109953331684e-13
4.937549311394015603e-13
4.749807463992177565e-13
4.561613236449588097e-13
4.372986297468019243e-13
4.183946315749242541e-13
3.994512959995030033e-13
3.804705898907153761e-13
3.614544801187385770e-13
3.424049335537497091e-13
3.233239170659258757e-13
3.042133975254444832e-13
2.850753418024825842e-13
2.659117167672172316e-13
2.467244892898258822e-13
2.275156262404854877e-13
2.082870944893733029e-13
1.890408609066665321e-13
1.697788923625423543e-13
1.505031557271778729e-13
1.312156178707503172e-13
1.119182456634369043e-13
9.261300597541473737e-14
7.330186567686108386e-14
5.398679163795304073e-14
3.466975072886781858e-14
