1.844756557252069978e-06
0.000000000000000000e+00
1.845038544738850292e-06
0.000000000000000000e+00
0.000000000000000000e+00
1.845419826176246031e-06
1.845776410286845116e-06
1.846086709246178647e-06
1.846407009231211332e-06
1.846825599190096267e-06
1.847109468807910722e-06
1.847336112703327668e-06
1.848077035251831108e-06
1.848774098573054046e-06
1.849251018579844668e-06
1.849835670609392840e-06
1.850603981712168841e-06
1.851370234529515436e-06
1.852424296545301474e-06
1.853621647751611288e-06
1.854804298173949795e-06
1.856034853835692452e-06
1.857221302473994517e-06
1.858945397480308906e-06
1.860720300158171523e-06
1.862555933248321143e-06
1.864587371958709942e-06
1.866857560944127347e-06
1.869238625295122442e-06
1.871760994940764957e-06
1.874312718317496502e-06
1.876996477517291297e-06
1.880111766510023438e-06
1.883525912987251231e-06
1.887052174469134966e-06
1.890927828514141073e-06
1.895633686919544386e-06
1.901418012520770921e-06
1.908402600611800804e-06
1.916134449843070195e-06
1.926194298606620160e-06
1.939016910449443010e-06
1.953273168209578051e-06
1.970276983799105334e-06
1.992033196233075387e-06
2.015397817534283214e-06
2.041022082577387503e-06
2.069661806509954497e-06
2.098471011661030320e-06
2.125625596619705949e-06
2.147815560931832075e-06
2.162708810922366409e-06
2.166521204925304059e-06
2.155344940338414546e-06
2.126282011491770754e-06
2.078793306153522151e-06
2.012101008958951862e-06
1.929926294651098795e-06
1.835810747998182147e-06
1.741232470679707513e-06
1.657084479712504747e-06
1.590318954752609718e-06
1.546414630007751465e-06
1.523547305554636193e-06
1.510954129483521303e-06
1.490645440363503395e-06
1.444154422322962993e-06
1.361808106161379471e-06
1.248018310812326710e-06
1.124193680433641183e-06
1.018350411287911229e-06
9.492934009593578251e-07
9.097385415426485808e-07
8.677612216838399979e-07
7.930743220469502968e-07
6.852987127557819970e-07
5.808912883952455538e-07
5.124400391292135367e-07
4.706295372874947225e-07
4.191603736569007643e-07
3.468140263199305509e-07
2.830333715124075652e-07
2.429769442963603652e-07
2.041714552805299983e-07
1.572511796524871848e-07
1.208715055958516031e-07
9.440581760012681658e-08
6.730257927028229616e-08
5.063891322662957747e-08
