4.463867563744520906e-07
0.000000000000000000e+00
4.465008643039613122e-07
0.000000000000000000e+00
0.000000000000000000e+00
4.467440454255170573e-07
4.469285084848112518e-07
4.471095539249853939e-07
4.472874301325812746e-07
4.475003139681833558e-07
4.476717783330921881e-07
4.477718412557963267e-07
4.480181783530724153e-07
4.482289638745234887e-07
4.484784516010646336e-07
4.488187774586809691e-07
4.491121238321714378e-07
4.493965188995907684e-07
4.497409587496423002e-07
4.500981845704897302e-07
4.505732894543175134e-07
4.510161359219540505e-07
4.514564314361737047e-07
4.518663265868596794e-07
4.523215544203514180e-07
4.528757093292751791e-07
4.533858569062968395e-07
4.538771238921463765e-07
4.544618087195236795e-07
4.550004442884154668e-07
4.555320688193295047e-07
4.561277832020120641e-07
4.566923189152711254e-07
4.572290816552231572e-07
4.578446479731241755e-07
4.585396029614844236e-07
4.592439700022163971e-07
4.599608811369570387e-07
4.608345338351760314e-07
4.618250655259373604e-07
4.630706242018978903e-07
4.645933475117025276e-07
4.664609244144094130e-07
4.686249927728837095e-07
4.713272744738787073e-07
4.744826012915379503e-07
4.779380953039633071e-07
4.822985669672020511e-07
4.871836741301038757e-07
4.921033918782244441e-07
4.971164728875251531e-07
5.021850392782754984e-07
5.066196879395682220e-07
5.098701427555608910e-07
5.114656831303606175e-07
5.106529580961276184e-07
5.069020456057409740e-07
4.996946132937633092e-07
4.887639332617840194e-07
4.740594973550478620e-07
4.563449440082473577e-07
4.369625495312197818e-07
4.175867549527329182e-07
3.999686451222822380e-07
3.854622590800372027e-07
3.746823586583780052e-07
3.673968627346215305e-07
3.617826382282990844e-07
3.549379525293597615e-07
3.440295136061627947e-07
3.267164652491824203e-07
3.033528653861877746e-07
2.770894929590982237e-07
2.528186757587149605e-07
2.345987634982333119e-07
2.220802133770023665e-07
2.111515685413643314e-07
1.964327373931435347e-07
1.754671783673449305e-07
1.515925302899488163e-07
1.319414074910643840e-07
1.189362377908748745e-07
1.082328709435049231e-07
9.450195058249960671e-08
7.859561536814291646e-08
6.575962728161298915e-08
5.662591977395427077e-08
4.706261140401414323e-08
3.669934501811062061e-08
