1.446509889257067109e-06
0.000000000000000000e+00
1.446706623354035679e-06
0.000000000000000000e+00
0.000000000000000000e+00
1.446986255674015122e-06
1.447241901565961311e-06
1.447468081295256049e-06
1.447700766056019952e-06
1.448002509529168632e-06
1.448212239982206692e-06
1.448373898319417339e-06
1.448738590081439473e-06
1.449013452482625296e-06
1.449418199758848238e-06
1.449927493754100700e-06
1.450396208545323543e-06
1.450864158630372247e-06
1.451471740016761272e-06
1.452089323318079037e-06
1.452969402583014969e-06
1.453840396791427730e-06
1.454749283955770980e-06
1.455629336564985368e-06
1.456659351638728484e-06
1.458000680876418622e-06
1.459299644845050391e-06
1.460642029485628907e-06
1.462334249077485092e-06
1.464002438633857449e-06
1.465746012838511205e-06
1.467818641803694206e-06
1.469888782099304731e-06
1.471953624200578208e-06
1.474413200156247555e-06
1.477285983628581988e-06
1.480266746692855489e-06
1.483340855109201735e-06
1.487098680212011074e-06
1.491342774016074743e-06
1.496627381213810919e-06
1.503002754110030516e-06
1.510702337937703273e-06
1.519490371145944761e-06
1.530296887625854667e-06
1.542738785295820588e-06
1.556175097226480309e-06
1.572898208391071797e-06
1.591362751336290930e-06
1.609669999436844256e-06
1.628005393982582460e-06
1.646136632328799880e-06
1.661490832317795417e-06
1.672039014254356059e-06
1.675987907213823719e-06
1.670764537047305050e-06
1.654618099853152246e-06
1.625886348787548573e-06
1.584007000884466911e-06
1.529272111638725380e-06
1.465056317602579025e-06
1.396774415276384052e-06
1.330829135577410235e-06
1.273601370196681966e-06
1.229745936296543097e-06
1.200913058971587184e-06
1.185023926173723553e-06
1.174226683952461482e-06
1.156769089828268288e-06
1.121793221872825815e-06
1.061500344428490992e-06
9.786550179391554363e-07
8.867814795197068805e-07
8.053106653889446978e-07
7.490034321831882446e-07
7.150915878987876323e-07
6.858972527350988718e-07
6.395592550585672345e-07
5.677111608347307650e-07
4.853177759598154201e-07
4.207197229352845908e-07
3.822973626556224948e-07
3.513271496735503735e-07
3.064829181823290557e-07
2.523840889190015717e-07
2.105511757115023189e-07
1.828533607226651496e-07
1.522391825327579581e-07
1.175909723889936622e-07
