1.030655538017295214e+01
1.093846138074144925e+01
1.160911021815751454e+01
1.232087725743690854e+01
1.307628349978047311e+01
1.387800451168537208e+01
1.472887990150969983e+01
1.563192337705550550e+01
1.659033341979304765e+01
1.760750461353318030e+01
1.868703966767290581e+01
1.983276217759900106e+01
2.104873016744571501e+01
2.233925046317354912e+01
2.370889394687693397e+01
2.516251174634994214e+01
2.670525241725167120e+01
2.834258017872870994e+01
3.008029426708321807e+01
3.192454947603520310e+01
3.388187795633042754e+01
3.595921235190571963e+01
3.816391035455738034e+01
4.050378076408291861e+01
4.298711114619796803e+01
4.562269718618989600e+01
4.841987384227546443e+01
5.138854840900447840e+01
5.453923560781618107e+01
5.788309482903541436e+01
6.143196965721580227e+01
6.519842981982399976e+01
6.919581570784310998e+01
7.343828562598214660e+01
7.794086593984670230e+01
8.271950429768645563e+01
8.779112611522549514e+01
9.317369452363837468e+01
9.888627399300085585e+01
1.049490978565630428e+02
1.113836399750084354e+02
1.182126907945256136e+02
1.254604380680822260e+02
1.331525525258074367e+02
1.413162787979169366e+02
1.499805319122212950e+02
1.591759997079998925e+02
1.689352515289788812e+02
1.792928535803947057e+02
1.902854913587209467e+02
2.019520995876947609e+02
2.143340001208610772e+02
2.274750482990691012e+02
2.414217882813052825e+02
2.562236178990272037e+02
2.719329636178922556e+02
2.886054662265802335e+02
3.063001779103964282e+02
3.250797714076693410e+02
3.450107619897520408e+02
3.661637430508576472e+02
3.886136361421589527e+02
4.124399563357493435e+02
4.377270938583535553e+02
4.645646129923032959e+02
4.930475693024542352e+02
5.232768463126269580e+02
5.553595128240408485e+02
5.894092021413283646e+02
6.255465145493028558e+02
6.638994444660077079e+02
7.046038337849852269e+02
7.478038530124401859e+02
7.936525119034452018e+02
8.423122014058009199e+02
8.939552688310551503e+02
9.487646282898781465e+02
1.006934408553888716e+03
1.068670640638581517e+03
1.134191987542707466e+03
1.203730518728761353e+03
1.277532532087697291e+03
1.355859426299188272e+03
1.438988626677233697e+03
1.527214567780352354e+03
1.620849736266666696e+03
1.720225777687558093e+03
1.825694671140022365e+03
1.937629975938233656e+03
