7.258545403929178941e-07
0.000000000000000000e+00
7.259866846288842634e-07
0.000000000000000000e+00
0.000000000000000000e+00
7.261119468319688368e-07
7.262524748044641511e-07
7.263603308333783856e-07
7.264750774195488257e-07
7.266345794434760932e-07
7.267230477910648485e-07
7.268165245554085923e-07
7.270797668318854252e-07
7.273400461489242821e-07
7.274943359955431415e-07
7.277131693691486618e-07
7.279791285361940351e-07
7.282580498553363594e-07
7.286199086977238087e-07
7.290338646528899764e-07
7.294413479469984141e-07
7.298607211439406700e-07
7.302563451078818801e-07
7.308275898196116081e-07
7.314035062523591835e-07
7.319892971163888613e-07
7.326220780008993627e-07
7.333094221467103558e-07
7.340102720129568250e-07
7.347240415661614790e-07
7.354215888272236461e-07
7.361257288032223678e-07
7.369178865206926113e-07
7.377597914049032352e-07
7.386181093758587490e-07
7.395624124326140319e-07
7.407236772938071178e-07
7.421879054541849174e-07
7.440109084906223029e-07
7.460915408018038831e-07
7.488757370484013823e-07
7.525136890480336448e-07
7.566427916508310965e-07
7.616482367969665249e-07
7.681397092839765286e-07
7.751835116879981847e-07
7.829681311464166055e-07
7.917118079063797056e-07
8.005248892696285577e-07
8.088142694933142933e-07
8.155185071383554966e-07
8.198544284014296077e-07
8.205943884395759011e-07
8.164255126840968800e-07
8.063752624433078916e-07
7.902334272359462089e-07
7.676548955447126381e-07
7.397781000438334926e-07
7.076236068779082354e-07
6.748821051202969739e-07
6.450668035283896761e-07
6.203820388079113359e-07
6.026539141551241020e-07
5.914476954254943703e-07
5.835030798293410256e-07
5.730310976143216554e-07
5.541650650154667525e-07
5.238090563156755146e-07
4.831674242861621179e-07
4.389208747812927709e-07
3.998987071879995406e-07
3.721995848738753526e-07
3.538264149536622731e-07
3.348316994353397931e-07
3.056870556321075390e-07
2.662075621743891515e-07
2.278979888200674712e-07
2.010635065411562882e-07
1.828951419533726724e-07
1.621100143519893702e-07
1.351777159815338843e-07
1.112851474030329380e-07
9.512581889464113798e-08
7.970668934729321991e-08
6.221391053715807480e-08
4.850336297589747320e-08
3.835929155705607135e-08
2.849788007559237635e-08
2.226073697140121515e-08
