1.521739616252573475e-06
0.000000000000000000e+00
1.521951904740602005e-06
0.000000000000000000e+00
0.000000000000000000e+00
1.522257660693945251e-06
1.522535535504124870e-06
1.522782443960086014e-06
1.523036227491299527e-06
1.523364663219209511e-06
1.523594394278655103e-06
1.523769858305704626e-06
1.524358730166345808e-06
1.524908658095909398e-06
1.525293810263305934e-06
1.525755610504582168e-06
1.526370634706111546e-06
1.526979904281744653e-06
1.527826913306380832e-06
1.528789436291896539e-06
1.529742479186209584e-06
1.530737694169332852e-06
1.531702361094596506e-06
1.533109267323838519e-06
1.534566633942673421e-06
1.536083193372613304e-06
1.537774143929925529e-06
1.539680999026792768e-06
1.541700156290926308e-06
1.543864408779639417e-06
1.546080370459959699e-06
1.548440903987055653e-06
1.551212690222108287e-06
1.554282179210819018e-06
1.557468335594882811e-06
1.560967898559676576e-06
1.565189754695601836e-06
1.570313295547392156e-06
1.576397963605473739e-06
1.583012502720505874e-06
1.591460294416350673e-06
1.602037366199374713e-06
1.613605663533345729e-06
1.627205827677797803e-06
1.644372174535438482e-06
1.662582344247048682e-06
1.682312921345215414e-06
1.704097867947580534e-06
1.725689015715672024e-06
1.745638459593452381e-06
1.761397560155300340e-06
1.771098101479653864e-06
1.771876643595684397e-06
1.760656557244555560e-06
1.735300020956095851e-06
1.695578872615551261e-06
1.640911198638671735e-06
1.574378616712705859e-06
1.498826919457927481e-06
1.423387708867231176e-06
1.356613226432737458e-06
1.303839758090121688e-06
1.269165071720811157e-06
1.250837878035021769e-06
1.240044504366916526e-06
1.222291537296480416e-06
1.182905447905112829e-06
1.114482039722088648e-06
1.020939169711138302e-06
9.198124659024230495e-07
8.337377262982809679e-07
7.776697525112103788e-07
7.453450465769360735e-07
7.106560240184267406e-07
6.490741103077864228e-07
5.605787253575027375e-07
4.751245087623021535e-07
4.193340109699976975e-07
3.854752103935928872e-07
3.436675023573085642e-07
2.845664227857145951e-07
2.322886743153027786e-07
1.994347020851145985e-07
1.676290018743206980e-07
1.290464637682246726e-07
9.904701933222685209e-08
7.731015297833925779e-08
5.520990682416486345e-08
4.159773642419965355e-08
