# cl_cibdesi_delens
2.535948080394239204e-02
2.573237664145089712e-02
2.611345469442875183e-02
2.650288313483929389e-02
2.690083302372188456e-02
2.730747832903826500e-02
2.772299595190209215e-02
2.814756576122882242e-02
2.858137062477746418e-02
2.902459643182826038e-02
2.947743210608704673e-02
2.994006960394893918e-02
3.041270390169864210e-02
3.089553298631450562e-02
3.138875785825628179e-02
3.189258254363703388e-02
3.240721411163316468e-02
3.293286268646548887e-02
3.346974143683836833e-02
3.401806654448578937e-02
3.457805716280452912e-02
3.514993537852231786e-02
3.573392618125561387e-02
3.633025744226681120e-02
3.693915990543258920e-02
3.756086717109691220e-02
3.819561565419914845e-02
3.884364451235158833e-02
3.950519555309808806e-02
4.018051313401826974e-02
4.086984407413541548e-02
4.157343757920427263e-02
4.229154516850661127e-02
4.302442059741496544e-02
4.377231976276785286e-02
4.453550058246921739e-02
4.531422285201198302e-02
4.610874808210670833e-02
4.691933932300985238e-02
4.774626098812670416e-02
4.858977868691417845e-02
4.945015907155093926e-02
5.032766968544333253e-02
5.122257878370797823e-02
5.213515510805209058e-02
5.306566761603605936e-02
5.401438518437615827e-02
5.498157633117081028e-02
5.596750896906814432e-02
5.697245015961279607e-02
5.799666583485536819e-02
5.904042045001889338e-02
6.010397658257165404e-02
6.118759452267379106e-02
6.229153187931022601e-02
6.341604322512935099e-02
6.456137977129064454e-02
6.572778902325362993e-02
6.691551434336653892e-02
6.812479442274885222e-02
6.935586269145954663e-02
7.060894670974450504e-02
7.188426759645308306e-02
7.318203947538154397e-02
7.450246902688258122e-02
7.584575511825060457e-02
7.721208833651806158e-02
7.860165046659910171e-02
8.001461363167408636e-02
8.145113918604114656e-02
8.291137663885518594e-02
8.439546259221060442e-02
8.590352025016596837e-02
8.743565920713181061e-02
8.899197519494314590e-02
9.057255002231698326e-02
9.217745210021353885e-02
9.380673679250840780e-02
9.546044623553520680e-02
9.713860511405135456e-02
9.884120700281109895e-02
1.005682020441066582e-01
1.023194879736045726e-01
1.040949273735888581e-01
1.058943994810492562e-01
1.077178412168217220e-01
1.095652728217550165e-01
1.114367244702701154e-01
1.133321009729569284e-01
1.152510786316258279e-01
1.171930384721387303e-01
1.191571343028775959e-01
1.211423911507728685e-01
1.231477836705657108e-01
1.251723439556438888e-01
1.272153210869136908e-01
1.292763069755334671e-01
1.313553044656678437e-01
1.334525754772914463e-01
1.355683098401834208e-01
1.377023985393400485e-01
1.398543132924528754e-01
1.420232289102691114e-01
1.442082111434338509e-01
1.464083313865398028e-01
1.486227125035683438e-01
1.508504802848876780e-01
1.530907092996459662e-01
1.553423815555905474e-01
1.576043643451705834e-01
1.598754081603128430e-01
1.621541613148358707e-01
1.644392078267398472e-01
1.667291259314684360e-01
1.690225417120821971e-01
1.713181316156134615e-01
1.736145436432939282e-01
1.759102638202592606e-01
1.782035227149314782e-01
1.804923195648629741e-01
1.827745459266117978e-01
1.850481157729742532e-01
1.873109979738430131e-01
1.895611452362337135e-01
1.917964017890780026e-01
1.940144616773958886e-01
1.962128940719449488e-01
1.983891912023729442e-01
2.005407896469524054e-01
2.026650658504296487e-01
2.047593247010324191e-01
2.068207904016694243e-01
2.088466111703498329e-01
2.108338635122866955e-01
2.127795618512092202e-01
2.146806757466452054e-01
2.165341459056384366e-01
2.183368868773777616e-01
2.200856826789135134e-01
2.217770399680571436e-01
2.234070800932090872e-01
2.249716279359920412e-01
2.264667217083133621e-01
2.278890831022286623e-01
2.292364579840883987e-01
2.305073346350124952e-01
2.317002458920321695e-01
2.328132300456924042e-01
2.338434331908776642e-01
2.347870848525353549e-01
2.356395724234124356e-01
2.363956120238205338e-01
2.370497646216265797e-01
2.375971495315706283e-01
2.380338799814460393e-01
2.383570373168024115e-01
2.385638048924267063e-01
2.386506189013269663e-01
2.386127828650834171e-01
2.384449532623158230e-01
2.381423478865879184e-01
2.377015969726926081e-01
2.371210501861210629e-01
2.364002629498287433e-01
2.355393659279132745e-01
2.345387848485314397e-01
2.333991689132229597e-01
2.321212868000681051e-01
2.307059046144818715e-01
2.291537005747382727e-01
2.274654710787139267e-01
2.256425058416660634e-01
2.236867215073180537e-01
2.216005099755534447e-01
2.193865293323079557e-01
2.170476770242132369e-01
2.145876146088308012e-01
2.120112382631297587e-01
2.093249266947024845e-01
2.065363325101079173e-01
2.036537330028755921e-01
2.006854635498073469e-01
1.976397325172240260e-01
1.945248952676356113e-01
1.913497883446022563e-01
1.881237865082719951e-01
1.848566175126613587e-01
1.815580766658269340e-01
1.782378529571523595e-01
1.749055202232433770e-01
1.715705723109484104e-01
1.682426025291552663e-01
1.649315055026947807e-01
1.616475842247855343e-01
1.584012784417549724e-01
1.552024058093862124e-01
1.520595422345447645e-01
1.489798186918082357e-01
1.459691952183340413e-01
1.430328132154493892e-01
1.401750114963094540e-01
1.373990930824214030e-01
1.347070342129771114e-01
1.320992860648515232e-01
1.295746543770457393e-01
1.271302977386327693e-01
1.247617137838163276e-01
1.224626957810475980e-01
1.202255327575151023e-01
1.180416753350785053e-01
1.159022733787503368e-01
1.137984470283336103e-01
1.117211321104081972e-01
1.096607101067558210e-01
1.076067953098104740e-01
1.055485056054668302e-01
1.034755055697459541e-01
1.013789220270745611e-01
9.925196252628629145e-02
9.709004535173876294e-02
9.489071080332041330e-02
9.265362135083836381e-02
9.038049291964141141e-02
8.807494456486213152e-02
8.574248464509015566e-02
8.339072917183563971e-02
8.102931877798294491e-02
7.866962675124931914e-02
7.632435792492138493e-02
7.400660213208236360e-02
7.172840118273093868e-02
6.949969063623688548e-02
6.732796233556030685e-02
6.521865522539117832e-02
6.317566423702911105e-02
6.120130510243863842e-02
5.929589954733903434e-02
5.745754520598305576e-02
5.568206100305732320e-02
5.396335167958027368e-02
5.229464743201545085e-02
5.066984712714057287e-02
4.908431024040436907e-02
4.753519814264314802e-02
4.602131565492662696e-02
4.454299725834046791e-02
4.310199438680723666e-02
4.170095548251243067e-02
4.034268235268071573e-02
3.902957626787249834e-02
3.776318041383366908e-02
3.654374697298635316e-02
3.536989015040288564e-02
3.423816259823091179e-02
3.314335801849229574e-02
3.207930827254588252e-02
3.103968342212495846e-02
3.001891114705049560e-02
2.901319035022771262e-02
2.802131619828047288e-02
2.704512286386319755e-02
2.608856453306567652e-02
2.515625498040578722e-02
2.425259699964246729e-02
2.338134164332930642e-02
2.254520774679305561e-02
2.174531326171622730e-02
2.098063882073341463e-02
2.024860766707228810e-02
1.954616214591960166e-02
1.887038301945708624e-02
1.821877543433741975e-02
1.758928594494929901e-02
1.698045035264948016e-02
1.639140049865172449e-02
1.582151323791618908e-02
1.527008150048251092e-02
1.473637062157373730e-02
1.421983802937346920e-02
1.372027339405518416e-02
1.323771503840956779e-02
1.277245881670620309e-02
1.232488999545426275e-02
1.189517441902905592e-02
1.148282161442528392e-02
1.108656729309404586e-02
1.070498324754217724e-02
1.033711966927051105e-02
9.982706381944907170e-03
9.641766043337326314e-03
9.314070794702960371e-03
8.999047611958608389e-03
8.695999823491673553e-03
8.404282905923408237e-03
8.123284405040348197e-03
7.852378117627956122e-03
7.591044867874921151e-03
7.339129516403858702e-03
7.096837092427634060e-03
6.864404481089700361e-03
6.641686575241153266e-03
6.427968390669614764e-03
6.222244001820412783e-03
6.023666905412391331e-03
5.831863516205384491e-03
5.646899177759508864e-03
5.468962933307530173e-03
5.298050065804116825e-03
5.133850911160148765e-03
4.975848067056460808e-03
4.823543154288520776e-03
4.676598295795361855e-03
4.534855309265415323e-03
4.398238585819253844e-03
4.266636366082618079e-03
4.139855536689503179e-03
4.017634259922403875e-03
3.899711155915515457e-03
3.785868932060938372e-03
3.675944781155590299e-03
