# cl_cibdes_delens
4.702546682160008151e-02
4.767652417202250525e-02
4.834063122898623471e-02
4.901799556826607479e-02
4.970884013095933779e-02
5.041337508069340667e-02
5.113182051448495608e-02
5.186438281006737483e-02
5.261128443766942969e-02
5.337274362618462525e-02
5.414897058842884497e-02
5.494019513697400575e-02
5.574663257805120148e-02
5.656850003135450999e-02
5.740600684533861409e-02
5.825937209116925641e-02
5.912882108286265925e-02
6.001455076160772117e-02
6.091678830788137267e-02
6.183573899170166643e-02
6.277161778725533214e-02
6.372461772713468309e-02
6.469495514726200658e-02
6.568283155692014597e-02
6.668843034373796164e-02
6.771196057893046072e-02
6.875359823075517796e-02
6.981353159353494153e-02
7.089196203635321492e-02
7.198904739813123677e-02
7.310494007871705391e-02
7.423982748740441673e-02
7.539385933541484230e-02
7.656719062280073484e-02
7.775994706876440676e-02
7.897227585216758106e-02
8.020431033489555661e-02
8.145617353340398048e-02
8.272796728578972469e-02
8.401979264870773623e-02
8.533175135322861038e-02
8.666393047680370776e-02
8.801639438586200681e-02
8.938922634797479005e-02
9.078246787369970150e-02
9.219615364211800057e-02
9.363030658986035148e-02
9.508494485143480224e-02
9.656004556039884945e-02
9.805558430392954938e-02
9.957150773825060308e-02
1.011077547559856293e-01
1.026642228172666566e-01
1.042407939128169314e-01
1.058373334487272832e-01
1.074536696088091436e-01
1.090896119436603612e-01
1.107449444690233875e-01
1.124194312507299370e-01
1.141128221358837097e-01
1.158248579705231235e-01
1.175552539999028812e-01
1.193037419319906145e-01
1.210700237126535045e-01
1.228537881340790033e-01
1.246546955088866926e-01
1.264723616055756228e-01
1.283063700798748874e-01
1.301562350069785379e-01
1.320214292626429031e-01
1.339013841384886772e-01
1.357954851064639146e-01
1.377030936312991227e-01
1.396235760991705044e-01
1.415562004448089051e-01
1.435002216025571542e-01
1.454548664968912108e-01
1.474192070811172206e-01
1.493923537001405621e-01
1.513733379199727336e-01
1.533611287523977129e-01
1.553547553288901206e-01
1.573531776441039753e-01
1.593553276962364762e-01
1.613600787054918773e-01
1.633661739595279327e-01
1.653723443376259317e-01
1.673772408406158096e-01
1.693795133365512129e-01
1.713778469274977734e-01
1.733709857939047527e-01
1.753576434070410750e-01
1.773364660133824877e-01
1.793060267856966261e-01
1.812646825729442579e-01
1.832106946756611454e-01
1.851422139386052490e-01
1.870573402074511282e-01
1.889541674394545900e-01
1.908307878677304170e-01
1.926853261196294631e-01
1.945158816158087667e-01
1.963205279927545677e-01
1.980972437146910903e-01
1.998439450127977857e-01
2.015584123425918084e-01
2.032384294043553252e-01
2.048817771298093449e-01
2.064862678727052703e-01
2.080496542012396366e-01
2.095696943630925013e-01
2.110441040743763486e-01
2.124705690556957516e-01
2.138467423704537018e-01
2.151702631749569383e-01
2.164386991598953869e-01
2.176496148234995098e-01
2.188005954176154289e-01
2.198891561101197767e-01
2.209128148051053564e-01
2.218690925757919596e-01
2.227555382858887323e-01
2.235697659937022352e-01
2.243094405964894955e-01
2.249722704485870306e-01
2.255560501326138445e-01
2.260586444198377232e-01
2.264779391851619583e-01
2.268119476909817023e-01
2.270588279408445875e-01
2.272168419004028939e-01
2.272845393269367076e-01
2.272605942336632379e-01
2.271438531364817492e-01
2.269331937053489789e-01
2.266275676228802771e-01
2.262259647710735955e-01
2.257274798504635138e-01
2.251313919513058537e-01
2.244372261363831167e-01
2.236447414231272079e-01
2.227538512797807013e-01
2.217644760061731890e-01
2.206764312879412604e-01
2.194894631711115096e-01
2.182033839349005189e-01
2.168184070005350350e-01
2.153351992311145491e-01
2.137552370166950766e-01
2.120803800040488851e-01
2.103127646018255192e-01
2.084545365730289812e-01
2.065077600272556546e-01
2.044744630725371937e-01
2.023568626636152445e-01
2.001575873013029805e-01
1.978797727133160822e-01
1.955270337242324685e-01
1.931033509194861331e-01
1.906128512240248540e-01
1.880596846252907406e-01
1.854478686471523474e-01
1.827813376096410758e-01
1.800641358237974055e-01
1.773006219967720731e-01
1.744955663385182321e-01
1.716540688906111056e-01
1.687813573499409026e-01
1.658826320979781554e-01
1.629630017269817210e-01
1.600275325503191237e-01
1.570813032326875691e-01
1.541293980120815310e-01
1.511768443477921608e-01
1.482285413573308508e-01
1.452892246335851512e-01
1.423634323325213835e-01
1.394554628047152134e-01
1.365692843800745959e-01
1.337085030848345346e-01
1.308764186849664113e-01
1.280761643496718116e-01
1.253107104126467697e-01
1.225828945772779177e-01
1.198953724060703024e-01
1.172506621402744226e-01
1.146510818195277670e-01
1.120987292831189808e-01
1.095953936716068250e-01
1.071424654697152867e-01
1.047409116893086439e-01
1.023912339174598146e-01
1.000934852981534562e-01
9.784725509802895405e-02
9.565170123856396589e-02
9.350556929009706808e-02
9.140719438813604825e-02
8.935445411889314515e-02
8.734476220674783353e-02
8.537509221023478756e-02
8.344201328376489590e-02
8.154173075726481312e-02
7.967019015338601406e-02
7.782321985465243119e-02
7.599670113803116966e-02
7.418674914673013820e-02
7.238987693628325115e-02
7.060313747696607412e-02
6.882424519092381066e-02
6.705166467641708594e-02
6.528469757009471020e-02
6.352349630869413843e-02
6.176907182308559452e-02
6.002326446831947326e-02
5.828869464068489603e-02
5.656867210176229344e-02
5.486692923555747115e-02
5.318735740055094419e-02
5.153378478790986844e-02
4.990982047772414554e-02
4.831875159458325075e-02
4.676351329005687396e-02
4.524664519271320851e-02
4.377027116514346089e-02
4.233602447450755812e-02
4.094501788150758936e-02
3.959781975742322074e-02
3.829447879226091644e-02
3.703461316585105606e-02
3.581750807084527199e-02
3.464220598570324355e-02
3.350761213434052394e-02
3.241251922718767914e-02
3.135557359255976284e-02
3.033528773960385283e-02
2.935005443252715340e-02
2.839820384147484500e-02
2.747812378510709405e-02
2.658823098264467832e-02
2.572704867111788932e-02
2.489315101580775666e-02
2.408510050982371267e-02
2.330134889405351475e-02
2.254025465570953443e-02
2.180020996879147507e-02
2.107973533086522633e-02
2.037754891237128496e-02
1.969268609937792694e-02
1.902461535896987632e-02
1.837330356994138283e-02
1.773917213204189228e-02
1.712296479128965279e-02
1.652569923040083516e-02
1.594861001448832222e-02
1.539289064503095508e-02
1.485938499484854014e-02
1.434845053086267717e-02
1.385990058726289248e-02
1.339298901963447211e-02
1.294629404867930766e-02
1.251788350126881166e-02
1.210562208194193405e-02
1.170756393943741223e-02
1.132213500326406837e-02
1.094816426623618048e-02
1.058503418164245986e-02
1.023268861866918206e-02
9.891492132321967612e-03
9.561914226700300376e-03
9.244237946282646626e-03
8.938509996538493083e-03
8.644606026817281894e-03
8.362213894787489180e-03
8.090859568608506358e-03
7.829989033021135178e-03
7.579128343333691419e-03
7.337891077646824765e-03
7.105858486290360897e-03
6.882426205545562857e-03
6.666876118136214752e-03
6.458588318217260184e-03
6.257170118800426360e-03
6.062495766662272072e-03
5.874565190454276477e-03
5.693415752163632007e-03
5.519065492110559849e-03
5.351435992773164764e-03
5.190275354208118835e-03
5.035132895438530938e-03
4.885455635721077695e-03
4.740770297634764111e-03
4.600803779420924167e-03
4.465468539736765045e-03
4.334757402353079520e-03
4.208617453927991116e-03
4.086910001720222077e-03
3.969430920444630591e-03
3.855958645946659484e-03
3.746280648435787106e-03
3.640202956666565778e-03
3.537553893800895414e-03
3.438189596233708588e-03
3.341996513920720939e-03
3.248878721424839754e-03
3.158736595310830675e-03
3.071453204925948203e-03
2.986896719639808417e-03
2.904934686288536058e-03
2.825448352809761809e-03
2.748337717986960253e-03
2.673516515331483129e-03
2.600902357189897873e-03
2.530412132724412302e-03
2.461962241101064292e-03
2.395470884453684141e-03
2.330859875954866597e-03
2.268055358991205410e-03
2.206987687198915492e-03
2.147590745301473317e-03
2.089802331490935808e-03
2.033564237432063885e-03
1.978821309507135598e-03
1.925520540476997151e-03
1.873610671381161982e-03
1.823042399681914930e-03
1.773770250466145905e-03
1.725749610217458541e-03
1.678939101904089719e-03
1.633299471867644950e-03
1.588793240135349992e-03
1.545384671835123248e-03
1.503039886091005759e-03
1.461726581307562197e-03
1.421414068680218164e-03
1.382073451678052754e-03
1.343676944105595380e-03
1.306198555014463809e-03
1.269613047190882660e-03
1.233896800054484419e-03
1.199027156060415321e-03
1.164982500972606668e-03
1.131742330094634387e-03
1.099287090412634851e-03
1.067597989520965591e-03
1.036657234119066004e-03
1.006447693955976608e-03
9.769529990669217553e-04
9.481575058394116264e-04
9.200461619865526368e-04
8.926046245307224600e-04
