# cl_cibcib_delens
1.042744646411762733e+04
1.057368282454349355e+04
1.072315858496473993e+04
1.087594253266592386e+04
1.103210248082845646e+04
1.119170920414972352e+04
1.135483473242999207e+04
1.152155243536604576e+04
1.169193703323932459e+04
1.186606457772401700e+04
1.204401286031818563e+04
1.222585941513543366e+04
1.241168571040001189e+04
1.260157283785073923e+04
1.279560373896590136e+04
1.299386643054742672e+04
1.319644064407791848e+04
1.340341004782887285e+04
1.361486785321064963e+04
1.383091758084930916e+04
1.405163231465468562e+04
1.427711087014512486e+04
1.450744804697424115e+04
1.474273950897476425e+04
1.498308260346759562e+04
1.522857594005050123e+04
1.547931980502426450e+04
1.573541577733633858e+04
1.599693171560383598e+04
1.626404217422520014e+04
1.653682427607992940e+04
1.681538509180395704e+04
1.709983201664403168e+04
1.739027118554832123e+04
1.768678018870772212e+04
1.798952086088431315e+04
1.829859223003429724e+04
1.861414610771426305e+04
1.893618548403022214e+04
1.926496201498275332e+04
1.960049860324340261e+04
1.994297456321039863e+04
2.029249015675785631e+04
2.064916841879220374e+04
2.101313358823889939e+04
2.138450704923171361e+04
2.176341907800493937e+04
2.214999000177401467e+04
2.254435160631082181e+04
2.294662978822257355e+04
2.335695308675150227e+04
2.377545046377130711e+04
2.420225075363757423e+04
2.463743621724296099e+04
2.508127973175992156e+04
2.553377187579263045e+04
2.599508623620287835e+04
2.646535430782306139e+04
2.694470764112910183e+04
2.743327477346116211e+04
2.793118668940115822e+04
2.843857111520319086e+04
2.895527182092228759e+04
2.948203624007457620e+04
3.001884295674547320e+04
3.056539495635066123e+04
3.112205093673060765e+04
3.168893571998520929e+04
3.226616591441136552e+04
3.285386330184075632e+04
3.345214394482864736e+04
3.406112150826089783e+04
3.468090818748825404e+04
3.531161233866341354e+04
3.595333931321126875e+04
3.660619220389390102e+04
3.727026888515252358e+04
3.794566210549803509e+04
3.863246505339940632e+04
3.933076165281412977e+04
4.004063290961594612e+04
4.076215433975004271e+04
4.149539534882056614e+04
4.224015666967455036e+04
4.299728641497856734e+04
4.376604514284872130e+04
4.454674022913891531e+04
4.533940619121667260e+04
4.614407811568353645e+04
4.696077113391350576e+04
4.778949635921329900e+04
4.862891979366048326e+04
4.948305066070321482e+04
5.034785332288732752e+04
5.122464000477120862e+04
5.211332247792890121e+04
5.301399576717054151e+04
5.392645205590096157e+04
5.485066757690967643e+04
5.578654438596548425e+04
5.673399219111305138e+04
5.769288617954654183e+04
5.866310178485303186e+04
5.964448999231564812e+04
6.063689162019451032e+04
6.164012415883325593e+04
6.265396354095257993e+04
6.367831815281041781e+04
6.471279300864191464e+04
6.575723605277325260e+04
6.681135264985907997e+04
6.787486152780566772e+04
6.894745302912734041e+04
7.002880138614600583e+04
7.111854195179417729e+04
7.221632169891020749e+04
7.332173661554743012e+04
7.443437682133101043e+04
7.555379755859251600e+04
7.667953234110344783e+04
7.781110037414554972e+04
7.894798421749504632e+04
8.008965108796402637e+04
8.123553562676745059e+04
8.238505157955600589e+04
8.353758012009442609e+04
8.469248324824268639e+04
8.584908877721376484e+04
8.700669546703176457e+04
8.816485549218038796e+04
8.932196702471341996e+04
9.047807685919631331e+04
9.163207911275785591e+04
9.278311083097831579e+04
9.393027495551720494e+04
9.507263454528192233e+04
9.620921684234040731e+04
9.733900697086322180e+04
9.846095340094066341e+04
9.957398406415511272e+04
1.006769645483826462e+05
1.017687497182354709e+05
1.028481599775153591e+05
1.039139811741528101e+05
1.049649848447792465e+05
1.059999051456798916e+05
1.070174554328820814e+05
1.080163209339499881e+05
1.089951577523001470e+05
1.099526028614046809e+05
1.108872582012751373e+05
1.117977245932325895e+05
1.126825467865446262e+05
1.135402773253937194e+05
1.143694400145906693e+05
1.151685426599464699e+05
1.159360948949750164e+05
1.166705745888895472e+05
1.173704641780690727e+05
1.180342523742505437e+05
1.186604144574201637e+05
1.192474211941696412e+05
1.197937915844327508e+05
1.202979889468597539e+05
1.207585552144684334e+05
1.211740335098000942e+05
1.215429832544094097e+05
1.218639946776095312e+05
1.221357172370322805e+05
1.223568052377705171e+05
1.225259917974021228e+05
1.226420386510862445e+05
1.227037888142402808e+05
1.227101063316781219e+05
1.226599812091295025e+05
1.225524301084414328e+05
1.223865448461318883e+05
1.221615393165310379e+05
1.218766746830720658e+05
1.215313184483916848e+05
1.211249257147461612e+05
1.206570843568946002e+05
1.201274307315757615e+05
1.195357810971853032e+05
1.188820403667431819e+05
1.181662758718317491e+05
1.173886878364009608e+05
1.165496939303965773e+05
1.156498990744675248e+05
1.146901862433777569e+05
1.136716778666934260e+05
1.125958170353452733e+05
1.114643489366827416e+05
1.102793016425362875e+05
1.090429912037127651e+05
1.077579725766637130e+05
1.064270001287616906e+05
1.050530076036988903e+05
1.036390692169803660e+05
1.021883852586821740e+05
1.007042496923116123e+05
9.919006029962997127e+04
9.764928300420333107e+04
9.608540764598568785e+04
9.450197490986283810e+04
9.290251276780349144e+04
9.129054003298679891e+04
8.966953180159634212e+04
8.804299815236304130e+04
8.641439584094900056e+04
8.478721226063452195e+04
8.316490932894800790e+04
8.155092839455619105e+04
7.994863108752394328e+04
7.836127777659585990e+04
7.679194619852954929e+04
7.524346959122348926e+04
7.371842710445748526e+04
7.221905166838053265e+04
7.074721715154369303e+04
6.930443006976884499e+04
6.789181215611087100e+04
6.651008411240404530e+04
6.515959646102201805e+04
6.384031992204556445e+04
6.255184172760746878e+04
6.129338496868321090e+04
6.006382022304223210e+04
5.886165261236095103e+04
5.768507548722648062e+04
5.653198003375109693e+04
5.540000216806424578e+04
5.428655985718664306e+04
5.318891063312558981e+04
5.210421230597539397e+04
5.102958364237772912e+04
4.996218563646121765e+04
4.889929307283801609e+04
4.783837707316593151e+04
4.677717558522836043e+04
4.571377347845268378e+04
4.464665686390556948e+04
4.357477061531320214e+04
4.249755653906345105e+04
4.141499091149321612e+04
4.032757267807331664e+04
3.923638339686393738e+04
3.814301701817179128e+04
3.704958650580009999e+04
3.595867083873210504e+04
3.487324427639706846e+04
3.379659896492709231e+04
3.273224449932980133e+04
3.168379840758127466e+04
3.065487084725036402e+04
2.964894646526912766e+04
2.866926150915349717e+04
2.771869935381616597e+04
2.679965946970669029e+04
2.591399484171873337e+04
2.506289748972424059e+04
2.424685602671948800e+04
2.346563072912609277e+04
2.271825949087127083e+04
2.200311401309318535e+04
2.131798633395902289e+04
2.066020616006078126e+04
2.002678723379709118e+04
1.941458416848425259e+04
1.882046474847292848e+04
1.824147501957165878e+04
1.767499971247270878e+04
1.711889855513929797e+04
1.657160727524969116e+04
1.603220622473185540e+04
1.550042692341054681e+04
1.497661897065295307e+04
1.446166802899637332e+04
1.395687197013769946e+04
1.346379163586490540e+04
1.298408058970722777e+04
1.251931417744803184e+04
1.207083248559285857e+04
1.163960963393324164e+04
1.122615764835986920e+04
1.083048472756531010e+04
1.045210171575574168e+04
1.009008293971259445e+04
9.743173305865633665e+03
9.409923383956311227e+03
9.088842940120168350e+03
8.778545122238323529e+03
8.477868221881264617e+03
8.185960216240495356e+03
7.902314923077793537e+03
7.626757892757344962e+03
7.359389797170239945e+03
7.100494801876118800e+03
6.850429023312077334e+03
6.609512693804455921e+03
6.377936722909904347e+03
6.155703287464354617e+03
5.942607742614018207e+03
5.738260484526923392e+03
5.542142389424260728e+03
5.353678508319131652e+03
5.172313615912081332e+03
4.997574662307633844e+03
4.829106085516889834e+03
4.666676260259255287e+03
4.510154323724986170e+03
4.359469140232877180e+03
4.214561836319504437e+03
4.075345602288943610e+03
3.941681577786548132e+03
3.813374754421499347e+03
3.690188468147678122e+03
3.571869207299102072e+03
3.458173402070858629e+03
3.348886334864134369e+03
