# cl_des_weakcib_delens
1.621551778689316525e-03
1.643418859750324758e-03
1.665714870288183963e-03
1.688446286343279947e-03
1.711619892894383375e-03
1.735242570944312349e-03
1.759320958637429835e-03
1.783864065333796338e-03
1.808874094911595972e-03
1.834362244248512663e-03
1.860333871029285630e-03
1.886796532533446206e-03
1.913757221600337777e-03
1.941222127364287996e-03
1.969199756433277597e-03
1.997694279825280514e-03
2.026715816599774025e-03
2.056269716663259445e-03
2.086362950967906010e-03
2.117002217424533879e-03
2.148194930346000731e-03
2.179947625496938754e-03
2.212266710687812478e-03
2.245159376110914158e-03
2.278632281045132098e-03
2.312690968116822877e-03
2.347342534620945262e-03
2.382593447061483443e-03
2.418448552481042377e-03
2.454915642502888788e-03
2.491999345208606876e-03
2.529706548417845913e-03
2.568041723066013388e-03
2.607011501136587313e-03
2.646621061334883829e-03
2.686875479321363443e-03
2.727779837449375092e-03
2.769339374021868166e-03
2.811557384267094391e-03
2.854438496019952049e-03
2.897987966884832487e-03
2.942208836200230562e-03
2.987104516417024569e-03
3.032679117054225618e-03
3.078934548514370827e-03
3.125872947281526249e-03
3.173500310998837899e-03
3.221810055976128979e-03
3.270810359675070840e-03
3.320501942375520509e-03
3.370883213199271471e-03
3.421952438731910417e-03
3.473718435313863286e-03
3.526171744493447613e-03
3.579314562093690276e-03
3.633145216975124884e-03
3.687661554190300051e-03
3.742860677869574472e-03
3.798739000957422271e-03
3.855292181078196021e-03
3.912515313107564272e-03
3.970402902986413553e-03
4.028948487248123003e-03
4.088148476836727871e-03
4.147991274091396459e-03
4.208472668737076559e-03
4.269584151411683418e-03
4.331314680379538470e-03
4.393653565616310701e-03
4.456592488044628687e-03
4.520114593363766531e-03
4.584210017373259102e-03
4.648862994318300572e-03
4.714061084246654217e-03
4.779788033106928749e-03
4.846027621578432101e-03
4.912762483587877413e-03
4.979973860236617568e-03
5.047642421347720357e-03
5.115746089016580574e-03
5.184263758275289499e-03
5.253173403038057659e-03
5.322450919975054741e-03
5.392071271750274210e-03
5.462008560443136311e-03
5.532235890284393880e-03
5.602725133260284124e-03
5.673446763051752384e-03
5.744369933727301245e-03
5.815462254485446146e-03
5.886691764697891266e-03
5.958021319720157444e-03
6.029417958894263928e-03
6.100843242412837958e-03
6.172259050686906313e-03
6.243626475558451509e-03
6.314904572086862782e-03
6.386051899334000727e-03
6.457024055858571684e-03
6.527777127570889848e-03
6.598264917006721811e-03
6.668441191637694207e-03
6.738256677658211423e-03
6.807663361401597273e-03
6.876610385537263587e-03
6.945047020415636395e-03
7.012919860382588362e-03
7.080174218427799128e-03
7.146754722613940861e-03
7.212604322811261293e-03
7.277665101630340430e-03
7.341877915905993535e-03
7.405183358730690196e-03
7.467520653784077284e-03
7.528828979387627851e-03
7.589045962342965725e-03
7.648108686080614879e-03
7.705952616814968313e-03
7.762518304304255774e-03
7.817725352247173465e-03
7.871510863216935397e-03
7.923816480955430189e-03
7.974569547532780328e-03
8.023704304787309532e-03
8.071152597724390657e-03
8.116848690893976870e-03
8.160725704720872553e-03
8.202712914661755214e-03
8.242743091482469461e-03
8.280746787828061756e-03
8.316657139927269293e-03
8.350407851013753185e-03
8.381934499895020083e-03
8.411172160572315606e-03
8.438061502044203258e-03
8.462538281155689360e-03
8.484542380884413718e-03
8.504016454184923704e-03
8.520901001827747151e-03
8.535139922555700850e-03
8.546685564743302516e-03
8.555483831927437541e-03
8.561483038287154637e-03
8.564643033147871856e-03
8.564916495485892442e-03
8.562263880752351772e-03
8.556654726957243010e-03
8.548044504877717192e-03
8.536411001495996728e-03
8.521726267426196072e-03
8.503962526413886766e-03
8.483106560671336421e-03
8.459141097852529781e-03
8.432057719246485034e-03
8.401848400468411859e-03
8.368512511194990677e-03
8.332057113624532010e-03
8.292490697497012855e-03
8.249824126759543186e-03
8.204079367754730720e-03
8.155281280190442364e-03
8.103461062630641296e-03
8.048652914754952231e-03
7.990900767059118046e-03
7.930252442946450833e-03
7.866758901308676735e-03
7.800483144759819999e-03
7.731487563841592768e-03
7.659842220711707630e-03
7.585624009364545610e-03
7.508914246415216570e-03
7.429799670733691630e-03
7.348376243857935794e-03
7.264739481694442239e-03
7.178993244511385798e-03
7.091257112475254053e-03
7.001601477169562202e-03
6.910186320182620454e-03
6.817116507141904660e-03
6.722515463068783927e-03
6.626513457241755417e-03
6.529237935205346559e-03
6.430824170614850288e-03
6.331406604116161102e-03
6.231122160105895952e-03
6.130108808943515036e-03
6.028504429709900109e-03
5.926446197211564931e-03
5.824070586020381295e-03
5.721510331511732959e-03
5.618898925502911930e-03
5.516365329604885556e-03
5.414033902846432551e-03
5.312024207290241655e-03
5.210448504854059935e-03
5.109415430689868282e-03
5.009025993376316384e-03
4.909377382017254127e-03
4.810559323055529218e-03
4.712658137106618371e-03
4.615743354594538904e-03
4.519885785235625182e-03
4.425141957869708521e-03
4.331567781418708095e-03
4.239209128451834965e-03
4.148103757667796765e-03
4.058280819150635391e-03
3.969761441619828850e-03
3.882558905635135824e-03
3.796679396665478094e-03
3.712123584646802657e-03
3.628879405352915949e-03
3.546935421272981535e-03
3.466270526973797093e-03
3.386860360201043689e-03
3.308676866262381683e-03
3.231686999870642119e-03
3.155858901984706644e-03
3.081154512618828473e-03
3.007537811599225556e-03
2.934972872285748074e-03
2.863424317226349186e-03
2.792858378741536023e-03
2.723243878519593635e-03
2.654552404064538466e-03
2.586759851867994654e-03
2.519844877651038900e-03
2.453792789971595729e-03
2.388601643492639127e-03
2.324254447553142540e-03
2.260768371681392067e-03
2.198148209295995494e-03
2.136413034493539736e-03
2.075580037986725357e-03
2.015675932404973735e-03
1.956730217091773218e-03
1.898776287508085071e-03
1.841848765308920499e-03
1.785987430704838929e-03
1.731230999558265636e-03
1.677618620289740873e-03
1.625187362977326740e-03
1.573976873831000765e-03
1.524010059531780018e-03
1.475322753639462300e-03
1.427933145292943629e-03
1.381856901718430492e-03
1.337101719876415250e-03
1.293666097788028716e-03
1.251553742524207351e-03
1.210744074044079605e-03
1.171221463949162359e-03
1.132949999718707839e-03
1.095923339295006536e-03
1.060080919202168077e-03
1.025388866908340376e-03
9.918036967663066295e-04
9.592804850889873882e-04
9.277735142278872773e-04
8.972376548409759884e-04
8.676256347390436758e-04
8.389015534238160755e-04
8.110397430746634851e-04
7.839875657272566941e-04
7.577254926549475446e-04
7.322263776030874622e-04
7.074746776867552739e-04
6.834538166712142600e-04
6.601490252728093016e-04
6.375579347684358009e-04
6.156667292488034442e-04
5.944715521755499204e-04
5.739694883687401078e-04
5.541471632819446654e-04
5.349988419267050731e-04
5.165132836363839309e-04
4.986728632698070101e-04
4.814740056292383594e-04
4.648865000810670721e-04
4.488929736199666560e-04
4.334800144902362985e-04
4.186157768066468962e-04
4.042830833384734564e-04
3.904584601167250969e-04
3.771228631003099982e-04
3.642548174635001023e-04
3.518353194475591118e-04
3.398521924566370238e-04
3.282844494552095713e-04
3.171279549669790850e-04
3.063470364206353873e-04
2.959758985154875696e-04
2.859629676347055002e-04
2.763129980547204866e-04
2.670087748991371011e-04
2.580447774796998947e-04
2.494082154172250817e-04
2.410866190334898620e-04
2.330689477205894638e-04
2.253426255015600105e-04
2.179112421257226506e-04
2.107192576205207002e-04
2.038007252141003814e-04
1.971292363320441472e-04
1.907008416774493898e-04
1.845010574677904828e-04
1.785234545818201147e-04
1.727598273742094858e-04
1.672026609420121965e-04
1.618440759978535630e-04
1.566764715827229201e-04
1.516925534001920830e-04
1.468851429172739090e-04
1.422472497154143303e-04
1.377721295398546273e-04
1.334534827850033655e-04
1.292851562136492546e-04
1.252612887479573670e-04
1.213762714795744958e-04
1.176246963348234314e-04
