# cl_des_weakdes_weak_delens
4.573706989572198927e-08
4.607751231534488108e-08
4.641210594649947304e-08
4.675841405957471288e-08
4.710699653487741550e-08
4.745762778893060055e-08
4.781014438309240413e-08
4.816444684339263482e-08
4.852062331790156045e-08
4.887880464668213413e-08
4.923906926301590015e-08
4.960141609712635194e-08
4.996569230374775524e-08
5.033166356058170279e-08
5.069919751699770594e-08
5.109669682812500127e-08
5.146935513411905113e-08
5.249467818662515907e-08
5.221611145492057235e-08
5.259005405945206509e-08
5.296423005575160025e-08
5.331225868027714482e-08
5.369027680413891589e-08
5.406891793521203768e-08
5.444818138946129598e-08
5.482785873026620704e-08
5.520756002734340058e-08
5.558676129267962866e-08
5.596498671015419715e-08
5.633219131816682603e-08
5.671315559728617557e-08
5.709197461242412158e-08
5.746846987202944815e-08
5.784280637520607015e-08
5.821517971973356633e-08
5.858571666953910703e-08
5.895456670556939385e-08
5.932184070984470719e-08
5.967939126912836411e-08
6.004044715830506513e-08
6.039921619399979379e-08
6.075533765133100938e-08
6.110837007474041295e-08
6.145793927701165385e-08
6.180402196054518130e-08
6.214683724108192011e-08
6.263201499974245178e-08
6.294512951631450845e-08
6.325005540524271874e-08
6.349012106859764841e-08
6.381642171738212615e-08
6.412929978022103059e-08
6.444438456452457080e-08
6.475894755043441877e-08
6.506018103594651296e-08
6.535533049990296150e-08
6.564053881644607493e-08
6.594873455954543039e-08
6.625349865976649374e-08
6.655219816889661231e-08
6.672024516114356458e-08
6.696699846398218831e-08
6.720567518778340470e-08
6.743691278221279345e-08
6.772097322893044947e-08
6.794126721946005771e-08
6.815387116848561112e-08
6.835634238061263021e-08
6.855011519902033896e-08
6.873558063933749007e-08
6.891241656380872967e-08
6.907967924593358838e-08
6.922045363783248119e-08
6.940428791034679341e-08
6.952291190005649638e-08
6.962218136969706668e-08
6.973384530680630638e-08
6.983592237683642082e-08
6.992840722413278923e-08
7.001061287131667985e-08
7.008130477451483852e-08
6.977179277675859166e-08
7.018432887628542895e-08
7.021542515181897293e-08
7.006003527955386842e-08
7.048068275102812088e-08
7.049871063043989440e-08
7.006115895269079012e-08
7.007920034118361313e-08
7.008957958447095383e-08
7.001628092129341729e-08
6.992745196797967958e-08
6.982377872330683717e-08
6.970663025239458748e-08
6.957737784714413952e-08
6.943659071902268104e-08
6.928398673094565483e-08
6.911875400485302835e-08
6.893953420788890851e-08
6.874576473483378831e-08
6.853725903094776491e-08
6.831373502722180294e-08
6.807457387526516947e-08
6.781822147144584601e-08
6.758692212234496568e-08
6.729152532428473953e-08
6.697727971405655440e-08
6.664490481482910669e-08
6.626293311980196868e-08
6.590257785935782463e-08
6.552843441729069105e-08
6.514162054056245078e-08
6.464597384070246452e-08
6.419305428188214419e-08
6.383985880796545406e-08
6.347056697123079460e-08
6.302953967005143270e-08
6.328074508016829102e-08
6.097861203804734524e-08
6.160490833610546457e-08
6.110067160636786816e-08
6.058163346720817832e-08
6.004763193157357949e-08
5.952902934131129333e-08
5.898027601552275031e-08
5.841481765393570177e-08
5.776989682344030076e-08
5.717160024089427321e-08
5.656487468142806350e-08
5.595091502043164427e-08
5.533041539435881008e-08
5.470341773062249033e-08
5.406906651618761587e-08
5.348607940094494678e-08
5.278448915898242470e-08
5.211528703916924793e-08
5.137812323367927219e-08
5.070210967992542160e-08
5.002422082194769176e-08
4.934460945777002998e-08
4.840237895979451305e-08
4.766679121679754898e-08
4.729237589743140231e-08
4.662760974511029010e-08
4.599841483332745684e-08
4.518268699083098529e-08
4.446112321370694171e-08
4.373217019469611338e-08
4.299744113477802581e-08
4.225925547528232308e-08
4.152036436276208997e-08
4.091488887673389629e-08
4.019090220012868709e-08
3.933095838385100245e-08
3.861557877026117406e-08
3.790776205547116989e-08
3.720708324040531484e-08
3.651255464109504528e-08
3.582267125284855971e-08
3.513516073010620444e-08
3.444855991277510639e-08
3.376253911313714316e-08
3.299232378856149093e-08
3.224825917032637970e-08
3.170659061070871908e-08
3.102762964762845023e-08
3.035537240405538440e-08
2.970268518928518898e-08
2.909252823872765958e-08
2.794497524346899479e-08
2.776314631416656368e-08
2.714511019620560467e-08
2.653973108670419999e-08
2.594643090312390341e-08
2.536299534131274857e-08
2.478576675752700806e-08
2.421115515380196350e-08
2.358116409976057644e-08
2.299841951608997474e-08
2.264300374568940966e-08
2.188443191981453220e-08
2.135407951183025212e-08
2.084145383432980219e-08
2.034428195074264584e-08
1.985884858900386202e-08
1.938241952590219556e-08
1.891340452639218038e-08
1.844995371243159807e-08
1.799098912759918911e-08
1.753386107148532448e-08
1.707637526237725721e-08
1.662008251464042262e-08
1.593709902865744153e-08
1.548088039111614280e-08
1.528732400710840361e-08
1.492094679330513892e-08
1.456657463617580845e-08
1.406024537991248989e-08
1.368458987575220595e-08
1.332467928937828845e-08
1.309343394564086111e-08
1.271162137936134909e-08
1.232795773676211436e-08
1.194608875387133355e-08
1.157223522791082735e-08
1.136486921489175988e-08
1.105960128240338160e-08
1.054451948180881783e-08
1.023825411829431721e-08
9.949090996468838269e-09
9.847940054266446874e-09
9.533774483674358565e-09
9.213604635384589951e-09
8.890187533793410837e-09
8.571323792557434272e-09
8.265697282730662981e-09
7.980161898936235457e-09
7.719322877728441459e-09
7.484129789560386156e-09
7.272053958069910721e-09
7.079003404578408611e-09
6.900524931439212695e-09
6.730958632041573968e-09
6.563720809905453509e-09
6.392724344304693944e-09
6.213822458133756204e-09
6.027489121893907814e-09
5.836137300788226236e-09
5.640708401533212726e-09
5.442341985873741883e-09
5.266948435615828989e-09
5.100138454655551625e-09
4.871048115929272511e-09
4.704635293757423583e-09
4.552324618395629184e-09
4.412834792759676343e-09
4.284509383048917689e-09
4.164436461847926547e-09
4.048678554102756773e-09
3.934148247882275322e-09
3.820987670499293474e-09
3.709874751725270451e-09
3.601121175361166113e-09
3.493218130080879862e-09
3.385114309317701805e-09
3.277017600661404500e-09
3.169404044864983819e-09
3.063071509506940133e-09
2.959275746044556759e-09
2.859529375261546813e-09
2.766179079626154163e-09
2.680271827744948459e-09
2.601710271940221886e-09
2.529941323899255519e-09
2.462821299888441440e-09
2.397639229612020123e-09
2.331348751230315597e-09
2.261855676624549378e-09
2.190138294554082650e-09
2.118499299588738888e-09
2.049347999807762754e-09
1.984077383919854188e-09
1.922759380012584948e-09
1.865279286518364889e-09
1.811408337389101695e-09
1.760434697636510628e-09
1.711513540110301710e-09
1.663713545760307206e-09
1.616387993854268308e-09
1.569479620503504224e-09
1.523022781848828654e-09
1.477455001491545861e-09
1.433338164205925150e-09
1.390964481033279718e-09
1.350498911659907826e-09
1.311596570570516107e-09
1.274172042718072008e-09
1.238204337478508464e-09
1.203688251665700493e-09
1.170364176400935798e-09
1.137743973225533874e-09
1.105382151057569051e-09
1.073344561347175073e-09
1.042055584013006745e-09
1.012014601816931913e-09
9.852664200516953004e-10
9.575933024485187365e-10
9.311274549337430445e-10
9.055540948801019105e-10
8.805636044330477597e-10
8.560248642990320187e-10
8.319069016128485652e-10
8.082796146102865370e-10
7.836498551897243715e-10
7.617096646342909461e-10
7.404284299577993463e-10
7.197351549375065715e-10
6.995853765152857302e-10
6.799310711411121553e-10
6.607578817682284966e-10
6.420816404135752983e-10
6.239258435291393166e-10
6.063032526692442840e-10
5.891906460245961456e-10
5.725425213091940860e-10
5.563075711826231678e-10
5.404592650400395187e-10
5.250039307741175741e-10
5.099552543604211814e-10
4.953205303830813884e-10
4.810871478011125622e-10
4.672309044677686752e-10
4.537248177222139713e-10
4.405526692473274710e-10
4.277118379561912773e-10
4.152012242047286561e-10
4.030173815323632851e-10
3.911526339776129737e-10
3.795960428811777635e-10
3.683354623233905730e-10
3.573615983543848014e-10
3.466687870604478851e-10
3.362510004791718842e-10
3.261017259037297911e-10
3.162151836807237737e-10
3.065851042246539202e-10
2.972047460835836588e-10
2.880682589343968517e-10
2.791706659953237288e-10
2.705062076331914749e-10
2.620690100930864503e-10
2.538542354783726132e-10
2.458567747596553035e-10
2.380712439418599619e-10
2.304928714777140777e-10
2.231174138411638167e-10
2.159400614023297763e-10
2.089561195685622938e-10
2.021617407727115181e-10
1.955528119027404208e-10
1.891251182954202241e-10
1.828747946056296939e-10
1.767982117498049304e-10
1.708912946492219849e-10
1.651500893562821083e-10
1.595712160283200813e-10
1.541509103560254640e-10
1.488853339163810586e-10
1.437710620389811617e-10
1.388049016820962675e-10
