# cl_des_weakdesi_delens
1.184117682518984671e-08
1.201488668920968600e-08
1.219239247723769714e-08
1.237377142112577966e-08
1.255910205232917064e-08
1.274846420377496791e-08
1.294193901932209515e-08
1.313960896020354164e-08
1.334155780627928448e-08
1.354787065720259833e-08
1.375863394159321712e-08
1.397393541323204845e-08
1.419386415315282384e-08
1.441851057595149330e-08
1.464796641496148118e-08
1.488232472539039472e-08
1.512167987927319664e-08
1.536612755906596259e-08
1.561576474213025589e-08
1.587068969240347996e-08
1.613100193225668844e-08
1.639680222423388493e-08
1.666819255407591437e-08
1.694527612144212045e-08
1.722815730756700787e-08
1.751694167158400361e-08
1.781173591647062958e-08
1.811264785949219122e-08
1.841978639120773538e-08
1.873326143331958980e-08
1.905318387300808348e-08
1.937966549485527382e-08
1.971281894501451322e-08
2.005275763440295763e-08
2.039959567706107644e-08
2.075344785869575466e-08
2.111442957165582678e-08
2.148265675338716578e-08
2.185824581323887534e-08
2.224131353943635463e-08
2.263197698034987097e-08
2.311169745697156664e-08
2.351932944208904348e-08
2.393493642581440953e-08
2.435863587898731091e-08
2.479054498673877011e-08
2.523078054615871032e-08
2.567945885277224557e-08
2.613669556482936227e-08
2.660260552821185013e-08
2.707730257682788382e-08
2.756089933989216189e-08
2.805350706909966996e-08
2.855523548567862887e-08
2.906619261425188076e-08
2.958648459388612610e-08
3.011621549243265134e-08
3.065548710975134137e-08
3.120439874827979842e-08
3.176304694053247999e-08
3.233152512862606783e-08
3.290992336236148247e-08
3.349832804097004258e-08
3.409682174135962150e-08
3.470548303679634590e-08
3.532438624747348343e-08
3.595360118913911605e-08
3.659319292693294032e-08
3.724322148218542888e-08
3.790374134515707182e-08
3.857480056584301155e-08
3.925644000508569060e-08
3.994869283912709609e-08
4.065158504114826076e-08
4.136513589304242717e-08
4.208935811816241519e-08
4.282425816434593457e-08
4.356983654553299876e-08
4.432608799639952525e-08
4.509299730133690881e-08
4.587052807556054950e-08
4.665861467253869128e-08
4.745716269683073686e-08
4.826607570572617717e-08
4.908527760906918337e-08
4.991472540212469854e-08
5.075439572360610130e-08
5.160426567996743626e-08
5.246429902285898916e-08
5.333436675619500040e-08
5.421412614563317916e-08
5.510294116392458382e-08
5.599995000537594850e-08
5.690432121388805248e-08
5.782555360654573274e-08
5.874318054957780947e-08
5.966709897096673076e-08
6.059749395335089316e-08
6.153476465780555422e-08
6.247930098232122446e-08
6.343126819889540632e-08
6.439049613175113973e-08
6.535656659348756569e-08
6.632893845934088309e-08
6.730702825367497654e-08
6.829025947816514470e-08
6.927807961616120228e-08
7.026996421850030972e-08
7.126537334698662300e-08
7.226371532914047581e-08
7.326432576785891270e-08
7.426648354368366461e-08
7.526944495801326183e-08
7.627246901175465036e-08
7.727482327673785512e-08
7.827575800107170964e-08
7.927448403085827825e-08
8.027016079914031625e-08
8.126189726866715148e-08
8.224875742649296342e-08
8.322976759685937077e-08
8.420392865859401157e-08
8.517022240328494506e-08
8.612760904205241954e-08
8.707501654999020121e-08
8.801133370526891741e-08
8.893541144933801224e-08
8.984606478168672759e-08
9.074207297752047975e-08
9.162217850647224207e-08
9.248508245123406873e-08
9.332943854324548280e-08
9.415385150024066444e-08
9.495689717422656903e-08
9.573715791645271631e-08
9.649324574894408802e-08
9.722377585300826376e-08
9.792729320616401245e-08
9.860222872062551386e-08
9.924687681670780663e-08
9.985939781374292969e-08
1.004378161934992340e-07
1.009801901110623340e-07
1.014850300126411741e-07
1.019516060446078772e-07
1.023799011773874058e-07
1.027699809293480657e-07
1.031215615362190753e-07
1.034337087433120402e-07
1.037047227332864134e-07
1.039319823218761146e-07
1.041121202139706717e-07
1.042418027384880551e-07
1.043184051087992462e-07
1.043402572667486869e-07
1.043061166702271065e-07
1.042147089263063737e-07
1.040644185979068252e-07
1.038533401477374612e-07
1.035793547871688847e-07
1.032403498072985510e-07
1.028347254359747689e-07
1.023618595903861647e-07
1.018223140188542364e-07
1.012174722391312089e-07
1.005491366527791621e-07
9.981927075634903286e-08
9.902978223791777473e-08
9.818236870023800505e-08
9.727845852254508043e-08
9.631927912540874351e-08
9.530588210424982605e-08
9.423916061171746592e-08
9.312008588095107800e-08
9.195005973058536082e-08
9.073115594979816086e-08
8.946611779711094569e-08
8.815826275565999449e-08
8.681142114406789079e-08
8.542976127798263222e-08
8.401757669172084261e-08
8.257918357774213155e-08
8.111896401811107493e-08
7.964144638932063666e-08
7.815137859840865113e-08
7.665368027175426531e-08
7.515328715623533981e-08
7.365501785136097020e-08
7.216351633413250273e-08
7.068329877201291406e-08
6.921880333589761808e-08
6.776509450918298560e-08
6.634556052131383497e-08
6.495511563487875751e-08
6.359807005923624391e-08
6.227816292590847224e-08
6.099830371867077059e-08
5.976053575921378450e-08
5.856617188855083763e-08
5.741583237964952615e-08
5.630946619593220158e-08
5.524632541916914805e-08
5.422494119184815354e-08
5.324308822666207663e-08
5.229779748792693780e-08
5.138533088310123724e-08
5.050117111323904224e-08
4.964003180931052662e-08
4.879586101368212421e-08
4.796208548649683441e-08
4.713223648463533757e-08
4.630035760829758688e-08
4.546106173306550015e-08
4.460917432021066299e-08
4.373954577861146919e-08
4.284718426290775621e-08
4.192793232515929380e-08
4.097889865724891540e-08
3.999870582488007269e-08
3.898751281408111044e-08
3.794715961121998388e-08
3.688118770279495705e-08
3.579462401220803093e-08
3.469375444085519886e-08
3.358591463340107306e-08
3.247926057373980436e-08
3.138269470072571281e-08
3.036468230980672634e-08
2.931435467885922484e-08
2.830141829771404248e-08
2.733280494783014693e-08
2.641360096252247404e-08
2.554644145116444053e-08
2.473164927056675164e-08
2.396764729212485512e-08
2.325084706356268420e-08
2.257591495495001586e-08
2.193610320591893239e-08
2.132357041571548032e-08
2.072987184219806954e-08
2.014688499107155615e-08
1.956786535390099652e-08
1.898783345688966842e-08
1.840376998321465251e-08
1.781529919453237632e-08
1.722440153221207388e-08
1.663475685037085069e-08
1.605138270697534659e-08
1.547989778483912353e-08
1.492581009108897993e-08
1.439359895965370738e-08
1.388630960756238840e-08
1.340537541023757155e-08
1.294997520887522001e-08
1.251730354828388197e-08
1.210334912824050333e-08
1.170358625429637254e-08
1.131379663629765071e-08
1.093061696401664486e-08
1.055248743050076537e-08
1.017974373831465544e-08
9.813971967562253304e-09
9.457652076195073066e-09
9.113414876526235673e-09
8.783531837854434206e-09
8.469082382530465986e-09
8.169674368634247678e-09
7.883999539321292194e-09
7.610087792942757905e-09
7.345854272324257185e-09
7.089444333057781009e-09
6.839869536044539249e-09
6.597172269768316903e-09
6.361900365840548260e-09
6.134755239455115360e-09
5.916125510246227656e-09
5.706122171747220198e-09
5.504407431316699841e-09
5.310322631849158797e-09
5.123199585199554802e-09
4.942605622363388688e-09
4.768514044473895175e-09
4.601029293833090153e-09
4.440214342514444820e-09
4.285832072970255233e-09
4.137451559919465631e-09
3.994593521043484539e-09
3.856881438360004242e-09
3.724099257218320645e-09
3.596154689169263587e-09
3.473065544610414256e-09
3.354847408001576817e-09
3.241419340313061099e-09
3.132525147445331097e-09
3.027819928678537501e-09
2.926999366925118831e-09
2.829875368931733881e-09
2.736369767391406675e-09
2.646444126471456997e-09
2.560047869569543779e-09
2.477071740115934227e-09
2.397345614888106251e-09
2.320659391618392206e-09
2.246829080294023646e-09
2.175731483790638153e-09
2.107295500029234801e-09
2.041458585705690429e-09
1.978133644920391390e-09
1.917207014516927225e-09
1.858560065583044273e-09
1.802084802189292853e-09
1.747685331095368770e-09
1.695276167916594110e-09
1.644777566513244202e-09
1.596112935825821686e-09
1.549207430130037959e-09
1.503985700711444984e-09
1.460371905377260431e-09
1.418293664695151023e-09
1.377683409843054301e-09
