# cl_desdes_delens
1.599692953067594359e-06
1.620727223786826447e-06
1.642168362671078086e-06
1.664022175100728466e-06
1.686141537011563323e-06
1.708835580769452301e-06
1.731959341527911905e-06
1.755518858012311173e-06
1.779520081383133296e-06
1.803968840705034492e-06
1.828870892133586887e-06
1.854231732163334512e-06
1.880056531317265062e-06
1.906350603873810131e-06
1.933119862748199042e-06
1.960369665162312132e-06
1.988103903613824387e-06
2.016332402527071421e-06
2.045057953428473690e-06
2.074286231124630218e-06
2.104022281135166903e-06
2.134270659839549009e-06
2.165037590805238021e-06
2.196322450704644124e-06
2.228129956620453890e-06
2.260463576435463246e-06
2.293327637982418366e-06
2.326726288937976927e-06
2.360664205263405830e-06
2.395144308163912260e-06
2.430169490667142325e-06
2.465741870076260927e-06
2.501862630124683563e-06
2.538532710425763432e-06
2.575751294668760148e-06
2.613518857787599771e-06
2.651835545843841586e-06
2.690703008773000817e-06
2.729760782936090770e-06
2.769742263993065267e-06
2.810275258127076799e-06
2.851357632282384238e-06
2.892986742613420897e-06
2.935160272841219509e-06
2.977876544492450918e-06
3.021134130452388122e-06
3.064931277343331606e-06
3.109264750294294248e-06
3.154112669376358456e-06
3.199503613518883390e-06
3.245416601804114911e-06
3.291847296045984166e-06
3.338787922057241779e-06
3.386228175842205818e-06
3.434155199174773274e-06
3.482557435297653503e-06
3.531423468320994762e-06
3.580738402989200275e-06
3.630485899222436357e-06
3.680645551572394930e-06
3.731201419498625127e-06
3.782139048923154473e-06
3.833445242390179808e-06
3.885105073154450059e-06
3.937102033577080192e-06
3.989423765734799385e-06
4.042059650154510429e-06
4.094997664460218164e-06
4.148223221928297925e-06
4.201714873509359872e-06
4.255451340836751922e-06
4.309406161805083208e-06
4.363552607595485928e-06
4.417862665825150772e-06
4.472303703744448712e-06
4.526845881674194499e-06
4.581453007013017615e-06
4.636088400586923341e-06
4.690713923529271544e-06
4.745287977980045095e-06
4.799769108353991525e-06
4.854104103206794614e-06
4.908260486233239947e-06
4.962137080864055912e-06
5.015918756873064360e-06
5.069482091576018679e-06
5.122699699300674633e-06
5.175474799350794882e-06
5.227709812200809870e-06
5.279145618293476673e-06
5.331669013717216105e-06
5.384488109511091877e-06
5.433561550919420829e-06
5.482821915302182632e-06
5.531521433475307066e-06
5.579461872517195223e-06
5.626314809773286514e-06
5.672174208503907649e-06
5.717118879441422168e-06
5.761078781898274834e-06
5.803942402044839278e-06
5.845624209624126518e-06
5.886051332381458240e-06
5.925154415743812621e-06
5.962862537910758688e-06
5.999102942342083318e-06
6.033799233749414744e-06
6.066879036231250229e-06
6.098273002864521448e-06
6.127915946682090487e-06
6.155739413399750342e-06
6.181680742524033299e-06
6.205679844153124799e-06
6.227683967427725031e-06
6.247640860661857677e-06
6.265500777107648724e-06
6.281210517540889013e-06
6.294713704202820986e-06
6.305950174943271294e-06
6.314855489463803997e-06
6.321363347822408295e-06
6.325407366185299754e-06
6.326923984142194926e-06
6.325856436208364827e-06
6.322155565090424016e-06
6.315783022151244704e-06
6.306705820711764799e-06
6.294896495985052901e-06
6.280328976747830044e-06
6.262982209723185033e-06
6.242842639020519327e-06
6.219908565855111938e-06
6.194194847999660205e-06
6.165731425876044742e-06
6.134562040530980434e-06
6.100733547562173780e-06
6.064295491408558251e-06
6.025293476895755328e-06
5.983770863266694325e-06
5.939770496725759841e-06
5.893342897506609602e-06
5.844546577358252994e-06
5.793447252775502045e-06
5.740111767013345339e-06
5.684608731225757337e-06
5.627007811736815472e-06
5.567383195017745734e-06
5.505815211740464440e-06
5.442395686723329289e-06
5.377237915862844883e-06
5.310453079135568432e-06
5.242182406631963123e-06
5.172559342010500177e-06
5.101710034396787904e-06
5.029753546990194587e-06
4.956807958522848859e-06
4.882993980957308441e-06
4.808437672843437989e-06
4.733268971694946757e-06
4.657621104682875839e-06
4.581626409379928028e-06
4.505411345410805960e-06
4.429092812349539422e-06
4.352779125538656673e-06
4.276570554295990975e-06
4.200560950679635599e-06
4.124836524398471211e-06
4.049476286709082298e-06
3.974553083466950826e-06
3.900134176287672326e-06
3.826283233810694131e-06
3.753060506181142443e-06
3.680487429187504919e-06
3.608683190818478695e-06
3.537648645991058173e-06
3.467408490744318899e-06
3.397985905342747565e-06
3.329354773961838093e-06
3.261516795378007159e-06
3.194457916651209402e-06
3.128162410317038273e-06
3.062615170957293648e-06
2.997798020376299397e-06
2.933692490359171232e-06
2.870277540753894177e-06
2.807533017249266583e-06
2.745438748498473764e-06
2.683983979349735309e-06
2.623167477171317294e-06
2.563003280636991118e-06
2.503533998464525278e-06
2.444763993588078473e-06
2.386756531304306468e-06
2.329561909731594532e-06
2.273231547683721906e-06
2.217817339320395796e-06
2.163368619879788659e-06
2.109929195868089378e-06
2.057531900022516556e-06
2.006194003030578216e-06
1.955910489876245866e-06
1.906650585664626620e-06
1.858357604803431519e-06
1.811018169916836352e-06
1.764403514676718377e-06
1.718488539060856537e-06
1.673166171982866671e-06
1.628344943362728961e-06
1.583951027521186690e-06
1.539938298542959214e-06
1.496282716002585311e-06
1.452986143150910699e-06
1.410078644492735677e-06
1.367638842698333049e-06
1.325757252044385604e-06
1.284584789682226528e-06
1.244273234977172137e-06
1.204955579729068378e-06
1.163306065861090543e-06
1.129927316876593085e-06
1.094390267512568869e-06
1.060241658026235736e-06
1.027515800747869149e-06
9.961292466800891902e-07
9.660514209131391183e-07
9.371943977952450404e-07
9.094492945639034107e-07
8.827000114370328660e-07
8.568321574304247349e-07
8.317435410309843484e-07
8.073489772690090693e-07
7.835851531149124445e-07
7.604081451311032950e-07
7.377890804021322159e-07
7.157091992920357850e-07
6.940415442827229505e-07
6.731297675130434571e-07
6.526273618849274516e-07
6.326627204718863650e-07
6.131562304050646569e-07
5.943415495797169933e-07
5.762360972886529005e-07
5.586706717194417916e-07
5.400407997279048541e-07
5.254103995614663862e-07
5.098728700911222500e-07
4.948161405671406575e-07
4.803312442788321553e-07
4.664127214924721315e-07
4.529742334228662849e-07
4.400465567681336021e-07
4.274216468887256960e-07
4.151830516261620049e-07
4.033272598448028771e-07
3.919141607479447263e-07
3.808844186376175428e-07
3.701506411970316806e-07
3.599020044600671665e-07
3.499893093040151140e-07
3.405145176621341752e-07
3.313813676199091381e-07
3.225949262942468124e-07
3.141280554050263861e-07
3.059528865746793996e-07
2.980442395140370966e-07
2.904114945994953879e-07
2.829958539148639523e-07
2.758242448471682943e-07
2.688588868781545481e-07
2.621950116648218267e-07
2.557891099631264757e-07
2.496324910415529243e-07
2.437074451959809770e-07
2.379927113001715519e-07
2.324690098811984131e-07
2.271223675330153824e-07
2.219456046979509536e-07
2.169379615195826070e-07
2.120988476087284859e-07
2.074353536498934281e-07
2.029391488403940312e-07
1.985997859345338388e-07
1.944052717130989890e-07
1.903513690258820414e-07
1.864199199517618165e-07
1.826133684655187268e-07
1.789294235418891158e-07
1.753654686599481839e-07
1.719173668733058390e-07
1.685794310902398647e-07
1.653454423825240407e-07
1.622099604612396237e-07
1.591688387523551335e-07
1.562188456397934172e-07
1.533570092925802356e-07
1.505801556258685374e-07
1.478849037508888539e-07
1.452677502028021014e-07
1.427252504053231947e-07
1.402541614951267117e-07
1.378515978537395719e-07
1.355149667602886888e-07
1.332418681289509663e-07
1.310299361613938253e-07
1.288768015541329934e-07
1.267801412478906602e-07
1.247377596724183899e-07
1.227475963350219904e-07
1.208077243601815275e-07
1.189163335030019605e-07
1.170717001985293967e-07
1.152721862833559081e-07
1.135162313274064771e-07
1.118023387597087930e-07
1.101290841318648121e-07
1.084951263540229924e-07
1.068991936785857634e-07
1.053400867858534878e-07
1.038166736990807370e-07
1.023278768631035462e-07
