# cl_des_weakska01_delens
4.466918227867788252e-08
4.508387281827915072e-08
4.550363519548668209e-08
4.592852125150640603e-08
4.635874597535209910e-08
4.679442244097747304e-08
4.723066882628788739e-08
4.767445464444156543e-08
4.812338488378469785e-08
4.857742537287135989e-08
4.903654193658184638e-08
4.950067539888195632e-08
4.996969456767364472e-08
5.044325081796606941e-08
5.092098342586040673e-08
5.140272521839603247e-08
5.188837883756821686e-08
5.239707332484322602e-08
5.289111195349839700e-08
5.339001134833912037e-08
5.389382347662164022e-08
5.440243493894572890e-08
5.491538343579410905e-08
5.539937001443612557e-08
5.591627615679054112e-08
5.643716394359146738e-08
5.696216784667339608e-08
5.749112834000297849e-08
5.802369395381193432e-08
5.855945714796733709e-08
5.909806942868414523e-08
5.963944117907740995e-08
6.018361843333949696e-08
6.070483611462740765e-08
6.125527722228724070e-08
6.181059704429184645e-08
6.236964862677109747e-08
6.293095703387447449e-08
6.349300372197006368e-08
6.405493482250439410e-08
6.461659902444655214e-08
6.517818749039952501e-08
6.572909281150040020e-08
6.629125697573200348e-08
6.685382409400090517e-08
6.741649240452911603e-08
6.797916263031921843e-08
6.854190106933921966e-08
6.910451034345655235e-08
6.979865066293994747e-08
7.034203298243363129e-08
7.088213369153609968e-08
7.134590771882461352e-08
7.190300469875325871e-08
7.246474758906637926e-08
7.301825567203429690e-08
7.356959668110070822e-08
7.411843019212564143e-08
7.466430032348687452e-08
7.520680086591648354e-08
7.574562239012116807e-08
7.628045836916022457e-08
7.681083616460759133e-08
7.737795992974857653e-08
7.791256568654627770e-08
7.844495686329363514e-08
7.897369010200863121e-08
7.935528658826667486e-08
7.985026018803802591e-08
8.033876021408542530e-08
8.087026054042178952e-08
8.134700680647918261e-08
8.180672162570075625e-08
8.226827770559344499e-08
8.272150312818172246e-08
8.316576068371704877e-08
8.360047452816308602e-08
8.402529643487100460e-08
8.444010890346370008e-08
8.484476934089484066e-08
8.523891746617418095e-08
8.562223824155484463e-08
8.599431432215566368e-08
8.635378972718295587e-08
8.652105514260268047e-08
8.704716353074101871e-08
8.737521976734223490e-08
8.768900127003525724e-08
8.798730284747785395e-08
8.826951751433278248e-08
8.837330502963830609e-08
8.864021715488056797e-08
8.889640816039032252e-08
8.952444703548070968e-08
8.974738847756839304e-08
8.955864141310693782e-08
8.978716816813800792e-08
8.994148344264336724e-08
9.007983809857959155e-08
9.020136645334000645e-08
9.030574381684028142e-08
9.039349464529743904e-08
9.046518962293111813e-08
9.052006771355783699e-08
9.055661656559597185e-08
9.057349187418329878e-08
9.056984379157540654e-08
9.054577972611172939e-08
9.050117956727853017e-08
9.043515236318660255e-08
9.034668728454729624e-08
9.027938570796334996e-08
9.014255307126925461e-08
8.998074591698328878e-08
8.979502300069551507e-08
8.956178094198593710e-08
8.934304186206020960e-08
8.910539772729061297e-08
8.877545176162330052e-08
8.847865131914529783e-08
8.817597691442955945e-08
8.792489172338968497e-08
8.764890693400217029e-08
8.727138974217111145e-08
8.689139130070055678e-08
8.648895466185819725e-08
8.665407649478143247e-08
8.612695337140696945e-08
8.514560893965607384e-08
8.465267774636364065e-08
8.417888221117993601e-08
8.365194148666519980e-08
8.310071620412780628e-08
8.246468847074374593e-08
8.187014972753867658e-08
8.125908599015696847e-08
8.063197233346094446e-08
7.998906840785172188e-08
7.932986355272900945e-08
7.865320177452905529e-08
7.799295249400607927e-08
7.723178528738975633e-08
7.651083565971611052e-08
7.575848656222822877e-08
7.498805495461292788e-08
7.416027991046888904e-08
7.337763945162811848e-08
7.228387250949197165e-08
7.177902227772312205e-08
7.090402660570047486e-08
7.015482347247519142e-08
6.926881179638285099e-08
6.839562717342296427e-08
6.750555920852319050e-08
6.660077755956621773e-08
6.568376524990440755e-08
6.475756283822673209e-08
6.382500737171002251e-08
6.302738796255953282e-08
6.209343690110439946e-08
6.101360519072867464e-08
6.007596004149535188e-08
5.913896040795738979e-08
5.820252138326843056e-08
5.726594059567079706e-08
5.632799706792092729e-08
5.538695842159606276e-08
5.444173775076197265e-08
5.349232365482290792e-08
5.244576573382017767e-08
5.142733500516512629e-08
5.062064190871333904e-08
4.966250084089729090e-08
4.870844238533601726e-08
4.777979907650641840e-08
4.632374557890454856e-08
4.589018386582475509e-08
4.496987559853859526e-08
4.406096889444094092e-08
4.316369617163708292e-08
4.227761002662836457e-08
4.140074985833440892e-08
4.052968427878141099e-08
3.966090821836394638e-08
3.879302337389950645e-08
3.792871416190552691e-08
3.723864592892432036e-08
3.616097852416653500e-08
3.534299515493361140e-08
3.458361340524648869e-08
3.376617045180090287e-08
3.300162239823480192e-08
3.224905712699156162e-08
3.150682414732781108e-08
3.077280925809511034e-08
3.004568370751445604e-08
2.932274613936222727e-08
2.860154778562980984e-08
2.763424102928006805e-08
2.717384568275392723e-08
2.647472693934290805e-08
2.578954047471742848e-08
2.518984177870727098e-08
2.460257343872677484e-08
2.383815367911773194e-08
2.323103848980180147e-08
2.264494365099893774e-08
2.207601010439829156e-08
2.151956284002591631e-08
2.096980270018578491e-08
2.042138477518320347e-08
1.987211700452355475e-08
1.944586038813147631e-08
1.878262082392664100e-08
1.825274292994117588e-08
1.765362946198103185e-08
1.723231780586187541e-08
1.674501771040610688e-08
1.627446383891042013e-08
1.583995584467952290e-08
1.541231162696808250e-08
1.499085781985971914e-08
1.457588978009396695e-08
1.416399467417894203e-08
1.375009243388898458e-08
1.333414693242436927e-08
1.291832963396324627e-08
1.239903027939087986e-08
1.208168910973110369e-08
1.177499480313056385e-08
1.133111924143687557e-08
1.097823351095024251e-08
1.064765159390835765e-08
1.033614833994959097e-08
1.003922935179527732e-08
9.751289902729815662e-09
9.466277787005660350e-09
9.179616635549365997e-09
8.888304327765016363e-09
8.595343650351051875e-09
8.209655575934711813e-09
8.024304856113081434e-09
7.753763752359310463e-09
7.495925887088075549e-09
7.251051258548842648e-09
7.019828938084897774e-09
6.802291920323935054e-09
6.595937059883451499e-09
6.397129451370142840e-09
6.231840436546159211e-09
6.030588173071766919e-09
5.830189275344613661e-09
5.625410672860232362e-09
5.437065206312656393e-09
5.253028265159835727e-09
5.076387765004324866e-09
4.910242654445310188e-09
4.754876758259282427e-09
4.607978460445506460e-09
4.452423704093089183e-09
4.325074550385215984e-09
4.202884894453117248e-09
4.081287518937268739e-09
3.955647877069209496e-09
3.825101166983659422e-09
3.692967044589346481e-09
3.563205104854973891e-09
3.439972687377280199e-09
3.325097924407534146e-09
3.218888910611823045e-09
3.133868641699037038e-09
3.036429511601600044e-09
2.940565729205176329e-09
2.846843682848656090e-09
2.755517643274104782e-09
2.667059538725781732e-09
2.592114773952360377e-09
2.507213692523192209e-09
2.425303932570243125e-09
2.347571221454820908e-09
2.274498822328048208e-09
2.210094009375082875e-09
2.141289668313053787e-09
2.074573474538809248e-09
2.010329642002961682e-09
1.948555237566905751e-09
1.889186457402091341e-09
1.832269736556744069e-09
1.777396247686707451e-09
1.724193797288333817e-09
1.672044524407507839e-09
1.620971302059301123e-09
1.571451103753265572e-09
1.523935401132796546e-09
1.478604259985713965e-09
1.435007605679934990e-09
1.392634083435018822e-09
1.351144977431705739e-09
1.310633012349254792e-09
1.271379724110499521e-09
1.233580585044291194e-09
1.197206412165935395e-09
1.162047567305216651e-09
1.127890121896523144e-09
1.094636039442786733e-09
1.062298078184459810e-09
1.030948126288837830e-09
1.000603256629055869e-09
9.712230572643115366e-10
9.427375203395089504e-10
9.150704336987026203e-10
8.881993628356716473e-10
8.620992012925213068e-10
8.367724512540360542e-10
8.121930909034324759e-10
7.883276586366418706e-10
7.651501029155583563e-10
7.426302105520929664e-10
7.207544235793423016e-10
6.996945211824178386e-10
6.789988700765932685e-10
6.589080811435987868e-10
6.394047518232875834e-10
6.204549514717654361e-10
6.020311075682765836e-10
5.841115729034637410e-10
5.666837648127160442e-10
5.497400478116341546e-10
5.332672017947674793e-10
5.172495587514640802e-10
5.016723534976635406e-10
4.865234953802553915e-10
4.717905314275715291e-10
4.574616126856834745e-10
4.435266329178541220e-10
4.299741866537037150e-10
4.167923567770042040e-10
4.039715689637032336e-10
3.915030935282479183e-10
3.793765477914061268e-10
3.675821772385569195e-10
3.561117531689678695e-10
3.449567059574127761e-10
3.341078261050215088e-10
3.235576195837122718e-10
3.132993125274061291e-10
3.033247721423655715e-10
2.936266822936833249e-10
2.841988345651014608e-10
2.750344863304270125e-10
