# cl_des_weakska10_delens
1.348215416321813896e-07
1.359345343776322584e-07
1.370587203620511837e-07
1.381925188142633044e-07
1.393347756022476792e-07
1.405088619010223539e-07
1.416777058398615644e-07
1.428564972001962322e-07
1.440440031713847293e-07
1.452394637479800208e-07
1.464431211336320987e-07
1.476559721714715894e-07
1.488789400134670695e-07
1.501122643574330468e-07
1.513558017646398703e-07
1.526090686612081548e-07
1.538714295585685545e-07
1.551429976664221673e-07
1.564236906806851117e-07
1.577120755891854611e-07
1.590097200102526547e-07
1.603323450685177029e-07
1.618384080767422644e-07
1.631529480558526926e-07
1.644726696569646138e-07
1.656078638568398574e-07
1.681805253334383973e-07
1.682979156047279747e-07
1.696541145998086815e-07
1.710186129420750200e-07
1.723911153441492667e-07
1.737138108648099870e-07
1.751060049063265980e-07
1.764974798002805527e-07
1.778867349163498599e-07
1.792740759595272095e-07
1.806837393775053640e-07
1.820679399995755375e-07
1.834536538417292320e-07
1.848408153839724207e-07
1.862298062213489841e-07
1.876005330526343496e-07
1.890198410851858257e-07
1.904118874769513999e-07
1.917993947986598310e-07
1.931834185814521965e-07
1.945643325173178892e-07
1.959435853953296268e-07
1.973223862370098463e-07
1.987020501991578781e-07
2.000809977922669922e-07
2.014551586688359198e-07
2.028207173296062675e-07
2.041732714966719448e-07
2.055198422035372122e-07
2.068529842415147964e-07
2.081778302233655976e-07
2.094804587965433125e-07
2.107874930246998068e-07
2.122566137482311251e-07
2.136192723931947150e-07
2.146713832243739092e-07
2.159504088191715942e-07
2.172151712894984589e-07
2.182812700877229351e-07
2.194762734424373736e-07
2.208829884392492531e-07
2.220614715080414219e-07
2.232188446751822692e-07
2.243568427802786358e-07
2.254773771860211332e-07
2.265814465982757148e-07
2.276673041605644264e-07
2.287305074835496660e-07
2.297006478875589374e-07
2.305656394779227387e-07
2.318012936947445261e-07
2.327740331012169740e-07
2.337260446561269001e-07
2.347346991899079207e-07
2.354630375151592420e-07
2.358362672631590919e-07
2.369298450856195576e-07
2.379167340652227944e-07
2.386872291244949260e-07
2.383005643300579726e-07
2.400347852214542289e-07
2.404268125150672546e-07
2.421436245707408983e-07
2.416578581000981385e-07
2.423221086768698902e-07
2.428728904776454839e-07
2.433684296497399225e-07
2.438132002630961875e-07
2.442087970169030898e-07
2.445589377853588070e-07
2.448692552931049442e-07
2.451420786644531996e-07
2.453751277841948512e-07
2.455653148698891153e-07
2.457102722572496519e-07
2.458084642561311584e-07
2.458536962006265908e-07
2.458419947513239583e-07
2.457763749111156981e-07
2.455682235042997071e-07
2.447842895337843803e-07
2.457688280541381572e-07
2.451795242345611541e-07
2.448383470530841370e-07
2.444168968360561720e-07
2.439699533048401384e-07
2.434863480707682849e-07
2.429781425131522588e-07
2.422193921334008327e-07
2.414328226358843408e-07
2.409387042713215897e-07
2.389403030771034850e-07
2.415307330707433761e-07
2.378985269463926709e-07
2.351600434103804946e-07
2.366725836370354939e-07
2.358799723424359615e-07
2.349788007950212515e-07
2.339892003417684000e-07
2.329319061004141287e-07
2.316763883789738637e-07
2.309855472278773788e-07
2.289502240215863309e-07
2.275756983546699422e-07
2.260468287200938871e-07
2.246455264003614646e-07
2.231686378290699310e-07
2.216286302247004371e-07
2.200598551596093861e-07
2.185529404068655850e-07
2.167291979831756608e-07
2.148320598200085760e-07
2.129751849265347106e-07
2.108584539313590973e-07
2.093805393127836539e-07
2.073625276242951320e-07
2.046735736794143482e-07
2.034247495634920029e-07
2.012951280995866344e-07
1.992881263490489745e-07
1.971726956884053485e-07
1.950235777044056889e-07
1.928427344780203865e-07
1.906016909327602937e-07
1.883167003686866298e-07
1.860338138419744599e-07
1.837144393707768713e-07
1.816239339468872336e-07
1.789635450713219253e-07
1.764854772446058221e-07
1.741401075238220232e-07
1.717036016599329996e-07
1.692519860960486273e-07
1.667873120691878912e-07
1.643099127216804276e-07
1.618251016833361049e-07
1.593301293491896529e-07
1.568348934807487132e-07
1.541306820660165602e-07
1.517911237803295083e-07
1.492583355775120892e-07
1.467180069693297604e-07
1.441656222172044210e-07
1.416786219897518935e-07
1.391250604170218247e-07
1.366086256713678882e-07
1.340977008763498538e-07
1.316137345431309106e-07
1.291352259150197227e-07
1.266675778110929494e-07
1.242097634810522047e-07
1.217641126820203283e-07
1.193944463850078348e-07
1.169187007689016620e-07
1.145255714532980808e-07
1.125570293164217762e-07
1.098127264702138672e-07
1.073469336920145195e-07
1.052003098029286149e-07
1.029334522772042750e-07
1.006913296919732964e-07
9.847319410581843647e-08
9.627408923047995221e-08
9.411740452251011882e-08
9.198383267235574596e-08
8.988112957146213411e-08
8.781080980224511397e-08
8.524717718799300939e-08
8.378066750326235979e-08
8.177675660925181347e-08
7.983026543834910836e-08
7.802344009400507097e-08
7.603079426550481479e-08
7.419290577769962869e-08
7.239113087560893840e-08
7.062148142412838083e-08
6.887906099359733137e-08
6.715955444048240852e-08
6.546321391594123515e-08
6.379364346831691711e-08
6.225005029404805769e-08
6.097916719949473822e-08
5.897945444056037866e-08
5.744546526765700675e-08
5.571430438037137089e-08
5.447459109666236935e-08
5.303350888692646426e-08
5.161769704613329750e-08
5.022396938652374596e-08
4.883191558786094221e-08
4.752013019885016915e-08
4.632476914506380426e-08
4.476661072299980963e-08
4.327035506564038846e-08
4.246525755280257588e-08
4.129587571910934428e-08
4.004874567003821142e-08
3.885559661281913669e-08
3.782742912178042122e-08
3.660757634768413823e-08
3.554344429213234478e-08
3.451251219182988358e-08
3.350836686347282664e-08
3.252159315845085780e-08
3.154808989321716484e-08
3.079320047986735951e-08
2.974244847947713774e-08
2.872243136967715611e-08
2.782622214992595178e-08
2.676125647706996902e-08
2.612868044497615507e-08
2.532463743850496669e-08
2.454800582661984775e-08
2.379523510945265227e-08
2.306033298686264105e-08
2.227480523301542197e-08
2.163545753025181820e-08
2.094958891173337366e-08
2.028324932536845357e-08
1.978102229090412585e-08
1.914131921133927141e-08
1.847473557050072774e-08
1.787201761788950970e-08
1.728429539855226451e-08
1.671759940661152483e-08
1.618007394047301302e-08
1.567598946895529868e-08
1.520056852869302075e-08
1.474481044119051223e-08
1.427538440033637024e-08
1.387646420665418368e-08
1.347704026132132750e-08
1.306725969124823941e-08
1.257766660244478669e-08
1.216868248897366194e-08
1.177809824341035039e-08
1.140593292141759681e-08
1.102387370230025471e-08
1.067001230701717286e-08
1.034288802046507973e-08
1.003559307640135834e-08
9.742183922532806404e-09
9.457686508249801841e-09
9.176422520354732369e-09
8.895292062993211646e-09
8.613743761661094758e-09
8.336263933717225853e-09
8.067178837809437610e-09
7.808429131493539263e-09
7.561107164614525404e-09
7.325818819891341095e-09
7.104839899585526278e-09
6.896450875474213931e-09
6.696339755337313399e-09
6.499591448005114921e-09
6.304204712606385206e-09
6.110694099263361112e-09
5.920039957098965497e-09
5.734425114177032085e-09
5.556928352852804538e-09
5.383891471395074265e-09
5.223412129321199909e-09
5.072735092274203482e-09
4.928519055161088755e-09
4.787667478172498100e-09
4.648593267949055984e-09
4.510480713577199199e-09
4.373861518589615054e-09
4.240303002953383912e-09
4.111745701642260262e-09
3.989696826632821655e-09
3.878645054134661170e-09
3.766033248112735603e-09
3.655624238461639797e-09
3.547878357533910402e-09
3.443340899171128320e-09
3.342423239991293182e-09
3.245192354009429591e-09
3.151378891602991807e-09
3.060415070313616249e-09
2.971712753351341604e-09
2.885151987950212613e-09
2.800973362132324559e-09
2.719484185323907934e-09
2.640640838428009950e-09
2.564189076344978024e-09
2.489861003138878521e-09
2.417579333793366696e-09
2.347335706655048280e-09
2.279095761083384764e-09
2.212783897494074001e-09
2.148332590883691858e-09
2.085702289854941482e-09
2.024848632852807783e-09
