# cl_desidesi_delens
2.409295520982292365e-07
2.444649108469767553e-07
2.480775570172664630e-07
2.517690647675461347e-07
2.555410347736098179e-07
2.593950943585430094e-07
2.633328976067207962e-07
2.673561254535487733e-07
2.714664857559854712e-07
2.756657133767096905e-07
2.799678802804038755e-07
2.843503506400192870e-07
2.888270601804013439e-07
2.933998526083686155e-07
2.980705988106606844e-07
3.028411967923368813e-07
3.077135715820551844e-07
3.126896750900643930e-07
3.177714858974952589e-07
3.229610089415898078e-07
3.282602751298708974e-07
3.336713409581990730e-07
3.391962881717091968e-07
3.448372234402974613e-07
3.505962779840458970e-07
3.564756071450557942e-07
3.624773899347457555e-07
3.686038284594328092e-07
3.748571471563724300e-07
3.812395918134333107e-07
3.877496359517844140e-07
3.943970840953247651e-07
4.011805098735849849e-07
4.081022316761145641e-07
4.151645829475804876e-07
4.223699111069382117e-07
4.297205763589549714e-07
4.372189503766750715e-07
4.448674148425722885e-07
4.526683597847120937e-07
4.606241816995573418e-07
4.687372814174054327e-07
4.770100617519743744e-07
4.854449250297371657e-07
4.940442706137267482e-07
5.028104925907244023e-07
5.117459776044287661e-07
5.208559938492144706e-07
5.301371735491887104e-07
5.395947073055579818e-07
5.492309245749903354e-07
5.590481317167061978e-07
5.690486083609438301e-07
5.792346039947017604e-07
5.896083344451580482e-07
6.001719780693004063e-07
6.109276717703150033e-07
6.218775068087173719e-07
6.330235242452485546e-07
6.443677098215871178e-07
6.559119882069757963e-07
6.676607129101026761e-07
6.796107233345926893e-07
6.917661789769707783e-07
7.041287071237260107e-07
7.166998489507724968e-07
7.294810540993582914e-07
7.424736752568664411e-07
7.556789625849284958e-07
7.690980563682392231e-07
7.827319751834544052e-07
7.965816031748375478e-07
8.106383975245255431e-07
8.249213287390352977e-07
8.394217130690676508e-07
8.541398231233546162e-07
8.690757878453055437e-07
8.842296093547212866e-07
8.996011764860979806e-07
9.151902282953647938e-07
9.310016736229194570e-07
9.470237760435190227e-07
9.632604173477403121e-07
9.797097511451509799e-07
9.963697635080249589e-07
1.013238599435210226e-06
1.030314822041283421e-06
1.047597595662374889e-06
1.065086592332115520e-06
1.082780866812658315e-06
1.100676879168846688e-06
1.118766571150210660e-06
1.137025315008292992e-06
1.155459413773268064e-06
1.174039758500965056e-06
1.192750689876726317e-06
1.211582083916967468e-06
1.230532542996904208e-06
1.249608960867672986e-06
1.268821976727342027e-06
1.288180454517387038e-06
1.307687709612191560e-06
1.327340928556196566e-06
1.347131733254227840e-06
1.367047825225735922e-06
1.387083579510358807e-06
1.407210256516900997e-06
1.427424475223415991e-06
1.447715227944483022e-06
1.468070473174957314e-06
1.488476311734974257e-06
1.508917399426930628e-06
1.529377978984660844e-06
1.549842784806223695e-06
1.570297277090409115e-06
1.590726866567405472e-06
1.611116100821670323e-06
1.631448195040880964e-06
1.651705032500515623e-06
1.671867328515810557e-06
1.691914944656877070e-06
1.711819228957268082e-06
1.731575708090512716e-06
1.751155490487170117e-06
1.770537083959996203e-06
1.789698111223107865e-06
1.808615314306181235e-06
1.827264665126476948e-06
1.845621428143364109e-06
1.863660150353096605e-06
1.881354600942327918e-06
1.898677661272181429e-06
1.915601239767313457e-06
1.932096409129949776e-06
1.948133782685806972e-06
1.963683970205701971e-06
1.978717776452026231e-06
1.993205865011998461e-06
2.007118176532109158e-06
2.020422830397429319e-06
2.033084884919267361e-06
2.045065406165746765e-06
2.056323270474798425e-06
2.066820662768655765e-06
2.076529251445951262e-06
2.085434079136729786e-06
2.093531603714452304e-06
2.100825738066362329e-06
2.107318412932642153e-06
2.112997466356441047e-06
2.117825148564834638e-06
2.121738719316680530e-06
2.124663832540700781e-06
2.126530332201143866e-06
2.127282925888169682e-06
2.126882166008994027e-06
2.125302038014219764e-06
2.122520911957783087e-06
2.118511787604871528e-06
2.113235018890238532e-06
2.106641639402411204e-06
2.098686598988202213e-06
2.089342773155049904e-06
2.078608515701794288e-06
2.066503917398814190e-06
2.053063848549795981e-06
2.038330867290834570e-06
2.022349663306620787e-06
2.005162656286939971e-06
1.986808271457200660e-06
1.967321822167121674e-06
1.946734502371625900e-06
1.925072171385662948e-06
1.902356076349120831e-06
1.878606954820246722e-06
1.853850871057046958e-06
1.828125894550273929e-06
1.801488202901421366e-06
1.774013387423990646e-06
1.745790354007927836e-06
1.716912407328679101e-06
1.687471963078894749e-06
1.657560887868664596e-06
1.627272227604187983e-06
1.596702477671606583e-06
1.565952669932617219e-06
1.535126563927443514e-06
1.504327066050627023e-06
1.473653177251395833e-06
1.443199341205045975e-06
1.413056132250767889e-06
1.383312986654975475e-06
1.354060462382229783e-06
1.325391252145778262e-06
1.297397008676122672e-06
1.270161938982017734e-06
1.243756926052947481e-06
1.218236172936377525e-06
1.193640534531286982e-06
1.169976752501929459e-06
1.147249659961355118e-06
1.125445447076719014e-06
1.104538508436935914e-06
1.084489483368532199e-06
1.065242467264979835e-06
1.046722764478271714e-06
1.028837538848150616e-06
1.011481223036265442e-06
9.945274439571996286e-07
9.778468826791777019e-07
9.613012134809957769e-07
9.447439511065003245e-07
9.280564076812085689e-07
9.111084705925924746e-07
8.937923874822885312e-07
8.760124232770458642e-07
8.576822805700796963e-07
8.387243368095348926e-07
8.190788711419279212e-07
7.987188444709494022e-07
7.776647466384956599e-07
7.559956066867318450e-07
7.337951604898500444e-07
7.111917001019843851e-07
6.883504763647806407e-07
6.654242024461352526e-07
6.425981202762698078e-07
6.200793400558364309e-07
5.980821410424864880e-07
5.768157883524978633e-07
5.564569166991992058e-07
5.371429466313359513e-07
5.189608861210690868e-07
5.019464011717463979e-07
4.860885151470434838e-07
4.713317098900677049e-07
4.575795586901123480e-07
4.446848865545693827e-07
4.324810471047192706e-07
4.207770791365277137e-07
4.093781407180695404e-07
3.981040076816800736e-07
3.868043389494519981e-07
3.753714083653540342e-07
3.637533064986838050e-07
3.519590700482159718e-07
3.400539519635382162e-07
3.281293144632476265e-07
3.163167410335268342e-07
3.047544347410283255e-07
2.935720812016429488e-07
2.828766419829542535e-07
2.727417020125519950e-07
2.631943375486985455e-07
2.542153820041439892e-07
2.457287130179375182e-07
2.376406292451810000e-07
2.298399991259391566e-07
2.222173093325600043e-07
2.147071774363793820e-07
2.072732052284679817e-07
1.999220484537466003e-07
1.926912112522927198e-07
1.856406005115825613e-07
1.788359443288964442e-07
1.723274364852540302e-07
1.661240155920425333e-07
1.602513300187882258e-07
1.546661636341528673e-07
1.493203223159649612e-07
1.441599229451807692e-07
1.391433577908956421e-07
1.342498865749867809e-07
1.294773362366690951e-07
1.248381457302720685e-07
1.203525229514853766e-07
1.160385112112782047e-07
1.119023211444459627e-07
1.079372099325588030e-07
1.041297147453762499e-07
1.004705366277598981e-07
9.694225382976764973e-08
9.354506315684695542e-08
9.027801028949099899e-08
8.713894716060772032e-08
8.412217980701877131e-08
8.121872580822223103e-08
7.841872078476379564e-08
7.571489135015730756e-08
7.310508187469837457e-08
7.059280620602706623e-08
6.818286817283550465e-08
6.587595876053118346e-08
6.366588855246172839e-08
6.154245186204229592e-08
5.949639108989511146e-08
5.752246223669652018e-08
5.561464151551368164e-08
5.378347467046736583e-08
5.202485069876834267e-08
5.033760525416905107e-08
4.871803346421930567e-08
4.714665623613087015e-08
4.564744256343707889e-08
4.420302040658068040e-08
4.281232345651229818e-08
4.147455356763836092e-08
4.018815008421318404e-08
3.895075269335946825e-08
3.775979402194877018e-08
3.661297150071435404e-08
3.550832814078693573e-08
3.444412799094164606e-08
3.341876164968640322e-08
3.243070887281234927e-08
3.147846313829007087e-08
3.056048802226238206e-08
2.967523113946633410e-08
2.882118788583825016e-08
2.799696365474146047e-08
