# cl_desides_delens
1.449679758059376021e-07
1.470727808482501920e-07
1.492229906104740381e-07
1.514195006057964300e-07
1.536632199650743649e-07
1.559550714581547366e-07
1.582959914492328147e-07
1.606869298282944033e-07
1.631288499454031047e-07
1.656227285418467839e-07
1.681695556795225239e-07
1.707703346420853918e-07
1.734260818055502862e-07
1.761378264816282173e-07
1.789066107330165586e-07
1.817334891568028489e-07
1.846195285750043754e-07
1.875658077622690515e-07
1.905734172210295939e-07
1.936434589209605032e-07
1.967770459621453801e-07
1.999753021421126726e-07
2.032393614566662961e-07
2.065703675874119862e-07
2.099694734291476157e-07
2.134378405652014850e-07
2.169766387058759208e-07
2.205870451384675924e-07
2.242702440572996820e-07
2.280274257155957884e-07
2.318597854167664951e-07
2.357685225112549371e-07
2.397548394487625985e-07
2.438199409090163463e-07
2.479650330547848183e-07
2.521913227340391904e-07
2.565000165028927838e-07
2.608923195048078107e-07
2.653694342300482306e-07
2.699325591851659030e-07
2.745828874925562811e-07
2.793216053765859129e-07
2.841498905647187566e-07
2.890689106816362088e-07
2.940798215565798798e-07
2.991837655277203283e-07
3.043818697904594381e-07
3.096752446994709242e-07
3.150649819457073951e-07
3.205521525185900121e-07
3.261378044950391504e-07
3.318229608094913419e-07
3.376086168148046398e-07
3.434957376916558370e-07
3.494852558528546387e-07
3.555780685798945230e-07
3.617750355419220875e-07
3.680769761433963120e-07
3.744846664979922035e-07
3.809988354457625693e-07
3.876201607485245218e-07
3.943492655499587608e-07
4.011867161143297079e-07
4.081330231934509927e-07
4.151886418039886860e-07
4.223539691282618760e-07
4.296293371872718313e-07
4.370149953287887369e-07
4.445110974033409002e-07
4.521176937153748546e-07
4.598347354721719315e-07
4.676620962417075483e-07
4.755995823530813591e-07
4.836469355255862917e-07
4.918038296333422209e-07
5.000698635987763087e-07
5.084445591044976468e-07
5.169273477751418417e-07
5.255174437319372093e-07
5.342136706214045880e-07
5.430143699387142678e-07
5.519174482951465546e-07
5.609210121426978285e-07
5.700239806078747858e-07
5.792263808366288185e-07
5.885289208252156447e-07
5.979309261714055660e-07
6.074288835601125586e-07
6.170157895994142735e-07
6.266820510603829400e-07
6.364180307718974500e-07
6.462152972304862001e-07
6.560671836564583921e-07
6.659693441638573885e-07
6.759204063297471443e-07
6.859225829764611032e-07
6.959813818808581452e-07
7.061021156802350595e-07
7.162867941604396678e-07
7.265326364542466846e-07
7.368326308030274405e-07
7.471785245105616461e-07
7.575624046373930876e-07
7.679771541414403389e-07
7.784159706809263426e-07
7.888716762854477084e-07
7.993367721889112167e-07
8.098035178594875193e-07
8.202639699560562112e-07
8.307098249516750820e-07
8.411322885682982304e-07
8.515221213438234934e-07
8.618698101715492916e-07
8.721656771772144289e-07
8.823998882922065981e-07
8.925623774652802138e-07
9.026427968635694319e-07
9.126305102610043989e-07
9.225145783013444683e-07
9.322836798298999447e-07
9.419260516274972404e-07
9.514294863069510074e-07
9.607813747063112998e-07
9.699687754225685903e-07
9.789784714827797768e-07
9.877969807017061755e-07
9.964104073911101121e-07
1.004804305562654708e-06
1.012963641662484809e-06
1.020872901367760633e-06
1.028516379942888484e-06
1.035878380007765845e-06
1.042943320150901480e-06
1.049695650584238414e-06
1.056119728679202609e-06
1.062199824837959920e-06
1.067919723207828901e-06
1.073261160895608688e-06
1.078202678141287934e-06
1.082719383896161846e-06
1.086787529273613548e-06
1.090392221940166359e-06
1.093531410817442703e-06
1.096215446673563673e-06
1.098454612732609007e-06
1.100248855685129744e-06
1.101583583461215814e-06
1.102432037244089785e-06
1.102762777276123448e-06
1.102542275737647078e-06
1.101736268558710376e-06
1.100313385371160978e-06
1.098249502112669064e-06
1.095530793561484305e-06
1.092151113399833336e-06
1.088102184896221094e-06
1.083367827879424067e-06
1.077922868673802462e-06
1.071742957188972753e-06
1.064815355500387956e-06
1.057143533009777149e-06
1.048745970720978255e-06
1.039648388423089302e-06
1.029880333424921064e-06
1.019474397809072449e-06
1.008463981273431401e-06
9.968801154849000089e-07
9.847493446275787042e-07
9.720934076407229211e-07
9.589311362603975316e-07
9.452801271555714599e-07
9.311577235665201264e-07
9.165826905611866805e-07
9.015777025707956832e-07
8.861712311256920848e-07
8.703986524024147048e-07
8.543018252177224831e-07
8.379289300141089974e-07
8.213348013580130948e-07
8.045792017381364152e-07
7.877238182461165350e-07
7.708308120063207271e-07
7.539617666698328176e-07
7.371763650754713074e-07
7.205314568494822438e-07
7.040805681017043954e-07
6.878742031832475622e-07
6.719608970560617371e-07
6.563880263044913537e-07
6.412019505897226323e-07
6.264467894540374531e-07
6.121635645057391347e-07
5.983898544600000884e-07
5.851574351242391859e-07
5.724882751503284983e-07
5.603921234710333039e-07
5.488657666399167266e-07
5.378960766741062202e-07
5.274622931211476741e-07
5.175364350370928955e-07
5.080835104668685278e-07
4.990620343107353502e-07
4.904243545716004231e-07
4.821163070828554685e-07
4.740755958429682771e-07
4.662299275524247368e-07
4.584958385703802601e-07
4.507836348054660933e-07
4.430072145881968307e-07
4.350884757962715206e-07
4.269588170665341234e-07
4.185572476707424976e-07
4.098289055182755941e-07
4.007251261891759848e-07
3.912084575738551685e-07
3.812615363573206642e-07
3.708910684221801906e-07
3.601290709161622681e-07
3.490276841604006296e-07
3.376551150432322261e-07
3.260946488548827752e-07
3.144432681738359875e-07
3.028092363818850997e-07
2.913104482458916163e-07
2.800717703547789105e-07
2.692144159478535727e-07
2.588472521733126845e-07
2.490626825582674738e-07
2.399314258042217177e-07
2.314955152847865966e-07
2.237638560827974159e-07
2.167105120814360677e-07
2.102803590947551733e-07
2.043943474022634493e-07
1.989515830693580387e-07
1.938354874627555475e-07
1.889248582998670477e-07
1.841000066793044717e-07
1.792486248771667583e-07
1.742797726915910886e-07
1.691354388227046914e-07
1.637963884145069789e-07
1.582803202333592525e-07
1.526333667988547374e-07
1.469260531157402580e-07
1.412489020120052212e-07
1.356975326697642757e-07
1.303589774008480245e-07
1.253037578897407325e-07
1.205792342810349563e-07
1.162031798167993627e-07
1.121596301638657244e-07
1.083989795418782438e-07
1.048547968710588344e-07
1.014595305980935630e-07
9.815251003832981729e-08
9.488633378008111760e-08
9.163370809418613105e-08
8.839297088837932516e-08
8.518921419703760300e-08
8.205943759370658589e-08
7.903812584619619737e-08
7.614994522418333925e-08
7.340738133929188073e-08
7.081071205621928279e-08
6.834580328552406848e-08
6.598415179570367273e-08
6.369563523724515663e-08
6.146100787020360879e-08
5.927821104176979619e-08
5.715815989840919044e-08
5.511281369979174942e-08
5.315034079578109325e-08
5.127407038417564679e-08
4.948367602837828798e-08
4.777478955069494841e-08
4.613741864041291061e-08
4.455843758277679094e-08
4.302800188729195692e-08
4.154342833798313387e-08
4.010935014717114518e-08
3.873171064152232541e-08
3.741286606849057709e-08
3.615008887882289882e-08
3.493760405925769483e-08
3.377054631902828852e-08
3.264533157142148421e-08
3.156306237976327398e-08
3.052296758323145849e-08
2.952383980285022162e-08
2.856363280281103000e-08
2.764016490168961828e-08
2.675122625688297909e-08
2.589518038956916566e-08
2.507148646171150471e-08
2.427951555532400569e-08
2.351813004222459670e-08
2.278591154562437052e-08
2.208137155752912646e-08
2.140300340168368071e-08
2.074955932930659286e-08
2.012017990094157004e-08
1.951402325690444038e-08
1.893014822010469331e-08
1.836758992531153755e-08
1.782540124090185582e-08
1.730264876677696572e-08
1.679848566248199272e-08
1.631215564486561871e-08
1.584292627170171746e-08
1.539007029182364232e-08
1.495286661220595863e-08
1.453060981312577731e-08
1.412262819918203491e-08
1.372830079946054805e-08
1.334704378957073088e-08
1.297830492062633428e-08
1.262155563395601006e-08
1.227627787638833071e-08
1.194197116291473805e-08
1.161816062253094416e-08
1.130439750489224640e-08
1.100025054596275033e-08
1.070531161910093770e-08
1.041919541524253650e-08
1.014153081260096678e-08
9.871964541465742805e-09
9.610161878123739647e-09
9.355805302427904477e-09
9.108589045949554190e-09
8.868223816825208292e-09
8.634437200059017839e-09
8.406967444097526168e-09
8.185566537724328307e-09
7.970000703622779559e-09
7.760049544022989514e-09
7.555502083905358290e-09
7.356159816097190628e-09
7.161836682485343818e-09
6.972354285945936638e-09
6.787544025990198839e-09
6.607246961868878948e-09
6.431312910814204766e-09
6.259597439677287421e-09
6.091964240282570263e-09
5.928285139561131333e-09
5.768436432154466772e-09
5.612300970391341345e-09
5.459768745698320504e-09
5.310736402807211836e-09
