# cl_des_weakska5_delens
1.089051479768595254e-07
1.098167026413784969e-07
1.107384260995296855e-07
1.116702264704333036e-07
1.126067154558881230e-07
1.135533599700176211e-07
1.145105406587539056e-07
1.154782463506008492e-07
1.164564201617999910e-07
1.174446763913710900e-07
1.184422518129232283e-07
1.194485193423006008e-07
1.204631735120822422e-07
1.214859132498214710e-07
1.225162508570713104e-07
1.235537024356093249e-07
1.245979739276742125e-07
1.256488370631961554e-07
1.267061169321446115e-07
1.277700817593210325e-07
1.288410904985688778e-07
1.299190136673108806e-07
1.310034457563768354e-07
1.322075095287764183e-07
1.333140010847083261e-07
1.344236002568002905e-07
1.354061058786612886e-07
1.365248348153243681e-07
1.376486808980279251e-07
1.387763901098565303e-07
1.399065228457626062e-07
1.410379355944544965e-07
1.421702974154852519e-07
1.433039723156529439e-07
1.444395328049112806e-07
1.455778832013620265e-07
1.467197314218183147e-07
1.478485356306940588e-07
1.490134779450630833e-07
1.501756206521212483e-07
1.513327169097715905e-07
1.524670866943369470e-07
1.536168911666877395e-07
1.547642220716432973e-07
1.559061398483088117e-07
1.570511267721167229e-07
1.581932733815085927e-07
1.593314052637584357e-07
1.604649033169756571e-07
1.615941818817716535e-07
1.627194786687827544e-07
1.638618466189011523e-07
1.649804229926312483e-07
1.660914947661027278e-07
1.671952712322471826e-07
1.683510590028907105e-07
1.693833974383650269e-07
1.704675081040742271e-07
1.715425299332935402e-07
1.725959788154228080e-07
1.736768463498241551e-07
1.747086765625355399e-07
1.757336430406292382e-07
1.767507670316616622e-07
1.779316979941760375e-07
1.789728762919429523e-07
1.796187956001258733e-07
1.805654069934722843e-07
1.814996678954432761e-07
1.825844706891545820e-07
1.834998723756759280e-07
1.843608255937987556e-07
1.852331776874325462e-07
1.860846654697746807e-07
1.869315747742054109e-07
1.876564968500885348e-07
1.885038663335267093e-07
1.892779529865201828e-07
1.900270925721992119e-07
1.907806971319673946e-07
1.914607639047464208e-07
1.921307147720641620e-07
1.927748725303479379e-07
1.933923015677330929e-07
1.939822910858273005e-07
1.945397696141614376e-07
1.951190658280424811e-07
1.956384635872032150e-07
1.961219740223463165e-07
1.965652248191675275e-07
1.969412773173944044e-07
1.973013163042515703e-07
1.972629833407296195e-07
1.987472952616073807e-07
1.980233007130758270e-07
1.984419602204686852e-07
1.986357379381640358e-07
1.987924138052598368e-07
1.989130446842263888e-07
1.990680460808742039e-07
1.959225125122064647e-07
1.989991019762836004e-07
1.990051636418929858e-07
1.989532793509467152e-07
1.988502370894328057e-07
1.987162726353356949e-07
1.985399393376878627e-07
1.982879184008475977e-07
1.980056425390091824e-07
1.976778622017696610e-07
1.973054210948886781e-07
1.968399164671958128e-07
1.966055806949727642e-07
1.960774160449193646e-07
1.953893860221548887e-07
1.948038588375598528e-07
1.941627044159454561e-07
1.934771595755142864e-07
1.927969117254415238e-07
1.917376507748696514e-07
1.911756736190236115e-07
1.901977284902033638e-07
1.894693068330911942e-07
1.885289903187713177e-07
1.893203758709507896e-07
1.864966310276294906e-07
1.854175077484521143e-07
1.842987348689121153e-07
1.831405530938226153e-07
1.819424143069911257e-07
1.807034572971154843e-07
1.795615044603656138e-07
1.780982918359237209e-07
1.766874874283680324e-07
1.752672716135767512e-07
1.738741453239029198e-07
1.723850097419372526e-07
1.708575263303226876e-07
1.692948710308178282e-07
1.676989500318557997e-07
1.662093781287189360e-07
1.644401815517286251e-07
1.627220413491268731e-07
1.610013990970762938e-07
1.592748370546694581e-07
1.574763147633751303e-07
1.555775332717204058e-07
1.530714824188230470e-07
1.519342445127541218e-07
1.500404444521176079e-07
1.482979195301495502e-07
1.461896212037997162e-07
1.442371212302241493e-07
1.422687169893239379e-07
1.402833554783377730e-07
1.382935467138663994e-07
1.362839694261714170e-07
1.342546216444890079e-07
1.324370263351340367e-07
1.301211853624070041e-07
1.279534074896885950e-07
1.259882891094182528e-07
1.239164863100396537e-07
1.218424175177943284e-07
1.197664264935621001e-07
1.176683976897803701e-07
1.156020543315564648e-07
1.135385703511695470e-07
1.114772797399302558e-07
1.094182954042303462e-07
1.070506582125084437e-07
1.053070296182896258e-07
1.032674911048756377e-07
1.012180453750342446e-07
9.919594993642821947e-08
9.728422470796455482e-08
9.519796013937894425e-08
9.323109138800137020e-08
9.128661889442002625e-08
8.936254044809345536e-08
8.745514083439343185e-08
8.556195383911628322e-08
8.368437503775054509e-08
8.188658979754097294e-08
8.005599710681768520e-08
7.823447271102669584e-08
7.678505273012511482e-08
7.463720650888881989e-08
7.275010011931895550e-08
7.116261615171439726e-08
6.948202010898547227e-08
6.783730492873670461e-08
6.622696942836738640e-08
6.464925175235252689e-08
6.309873848519339336e-08
6.157146455841260311e-08
6.006447138804916824e-08
5.857565350109908640e-08
5.660520145924788768e-08
5.565140695252937573e-08
5.423121918625627641e-08
5.282461691072944262e-08
5.154143732090715561e-08
5.013168197791462148e-08
4.883753784453114110e-08
4.757674391591570198e-08
4.634434046125526274e-08
4.513283069164332698e-08
4.393627247308172935e-08
4.275389523356217827e-08
4.158988549809017769e-08
4.054938149838193762e-08
3.967793689808603748e-08
3.823911169319144332e-08
3.717579511301331859e-08
3.594117129392772076e-08
3.508222292868650717e-08
3.407754629231518948e-08
3.310756510386040534e-08
3.217027588063584395e-08
3.126406515933005268e-08
3.038313147019846466e-08
2.951987206089453980e-08
2.866865921534022068e-08
2.782544830120168000e-08
2.698804534957179863e-08
2.622071611452026975e-08
2.536947038394351255e-08
2.447492544371975298e-08
2.385251733764162659e-08
2.303168140181177541e-08
2.232350626799008068e-08
2.164626764242557747e-08
2.099485566342052059e-08
2.035811323190668134e-08
1.972716777290289898e-08
1.910178055132718808e-08
1.856685395761301867e-08
1.798379191995341843e-08
1.730358615825890234e-08
1.658524292973231787e-08
1.622941135693154907e-08
1.567248805160496585e-08
1.514641991318412931e-08
1.465418793511382237e-08
1.419194201216631671e-08
1.375363390967103776e-08
1.333589394689462291e-08
1.293423705507995653e-08
1.254417960552024346e-08
1.220523649174568880e-08
1.180331838319927731e-08
1.138783888073123202e-08
1.100786898944365632e-08
1.063735273013151245e-08
1.028060621326575331e-08
9.941141137634034291e-09
9.623381810734971804e-09
9.287445423624333301e-09
9.018094710932806945e-09
8.764738760083668830e-09
8.517535933235273155e-09
8.269154671698318893e-09
8.017169303594218172e-09
7.759276846536576514e-09
7.496661717565978294e-09
7.235331623419863527e-09
6.983064129890566145e-09
6.746914010303112577e-09
6.530456791969549069e-09
6.360089812647969633e-09
6.167189757839963255e-09
5.975776054325046800e-09
5.785873311481812650e-09
5.600277634231439125e-09
5.421669497927815165e-09
5.272125554353521357e-09
5.103767106970473128e-09
4.939884739793859692e-09
4.781699766102636955e-09
4.631048463362042320e-09
4.489507835173897055e-09
4.364213367954662022e-09
4.228704592117897175e-09
4.097849204647531252e-09
3.973325790275734072e-09
3.854466600078264500e-09
3.739891945404224426e-09
3.628260262805644396e-09
3.519298836186032570e-09
3.413578666868011081e-09
3.311447532675116715e-09
3.212660051024145928e-09
3.116964810528187992e-09
3.024124603996558610e-09
2.934371913432053115e-09
2.847734926698150891e-09
2.764003276613159957e-09
2.682817435661877971e-09
2.603832719206581810e-09
2.527073984210642541e-09
2.452641312749310298e-09
2.380637792325061227e-09
2.310947532824769809e-09
2.243397778791304626e-09
2.177809491521757920e-09
2.114097555810909903e-09
2.052251434796272139e-09
1.992254640704118070e-09
1.934045585781276260e-09
1.877536962215426889e-09
1.822661639064127913e-09
1.769365490855506825e-09
1.717606984689694295e-09
1.667339487084177335e-09
1.618514106897820966e-09
1.571065733910480255e-09
1.524949070218758444e-09
1.480127816046375639e-09
1.436567921886155608e-09
1.394228013798003380e-09
1.353068300750540093e-09
1.313052347878163912e-09
1.274864270166147370e-09
1.236998102695742101e-09
1.200173277942812502e-09
1.164364204320912340e-09
1.129538565347862873e-09
1.095666043046487317e-09
1.062720093195913228e-09
1.030670409169215656e-09
9.994897459456306329e-10
9.691569428915126165e-10
9.396524257079399469e-10
9.109514793456517650e-10
8.830311360546019173e-10
8.558722635755288323e-10
8.294535005648641081e-10
8.037535392364490071e-10
7.787553110954416971e-10
7.544421707448127396e-10
7.307937755417586129e-10
7.077921159067858951e-10
6.854225039455945163e-10
6.636681949480142504e-10
6.425118168130261575e-10
6.219395983502046067e-10
6.019387203185148667e-10
5.824934094713052501e-10
5.635899219767272308e-10
