# cl_des_weaklsst_delens
1.878595958251143048e-07
1.896109468058911332e-07
1.895201881203116460e-07
1.918431778417034023e-07
1.945664716476848395e-07
1.966105040586537892e-07
1.985335297065494177e-07
2.004338028824301395e-07
2.023354990774280512e-07
2.087677286946754367e-07
2.061718158031437155e-07
2.081130286208852100e-07
2.100793756789388834e-07
2.120605027783834172e-07
2.140616056813615327e-07
2.160820882767438127e-07
2.181210712131681936e-07
2.201784970410524619e-07
2.222539718256615650e-07
2.243467567865248894e-07
2.264571333158969211e-07
2.285850050921973625e-07
2.307303626753584718e-07
2.331290517945297645e-07
2.352894712446944228e-07
2.374648121664867036e-07
2.394871832024630903e-07
2.417145990929589729e-07
2.439537223930957214e-07
2.462040437065062863e-07
2.484620941591491414e-07
2.507602497740585774e-07
2.530669975891934591e-07
2.553772778285931690e-07
2.576895219109093259e-07
2.599245476804579800e-07
2.622414367519214892e-07
2.645675462645430384e-07
2.669020048166009109e-07
2.692431473104603671e-07
2.715902170203200607e-07
2.739432669357797841e-07
2.763016220599309295e-07
2.786634127401069202e-07
2.810868742472360270e-07
2.834423978851581802e-07
2.857964053582893387e-07
2.881501750230050929e-07
2.911362509836355396e-07
2.928600044302249791e-07
2.952168090266081482e-07
2.975754396119120797e-07
2.999336647687665368e-07
3.022763653052825064e-07
3.046440465669780398e-07
3.069660651387438593e-07
3.093231192618615109e-07
3.116584843030142108e-07
3.136510574320090135e-07
3.161079289220080596e-07
3.183742516580047071e-07
3.206347837445410267e-07
3.228826357057144662e-07
3.248888546406391469e-07
3.270353915978532767e-07
3.291584638943379379e-07
3.314047475885978786e-07
3.334941550155265256e-07
3.355462712001883320e-07
3.377194605746203578e-07
3.397119565743238779e-07
3.415129816975125270e-07
3.434400098749456903e-07
3.453337766133127031e-07
3.471685531651656508e-07
3.487051310189367153e-07
3.510977065855217460e-07
3.526988529592913815e-07
3.543693384542705957e-07
3.559186812293867459e-07
3.575269861895803977e-07
3.590925776161086302e-07
3.606104808976056237e-07
3.620016657948799544e-07
3.634764845405056208e-07
3.648086427779170104e-07
3.660719711775898786e-07
3.672274135517209711e-07
3.694903486318516388e-07
3.694696138399526631e-07
3.704665351870621825e-07
3.714380708582175240e-07
3.723417937522865451e-07
3.731696595477846570e-07
3.739197015150514363e-07
3.746803887919182028e-07
3.752043266883170723e-07
3.757457416786280490e-07
3.762138453933189847e-07
3.766041893690408459e-07
3.769146211901850873e-07
3.771435558491666026e-07
3.772914106433162742e-07
3.773332417352753759e-07
3.772806179108207376e-07
3.771239665981363573e-07
3.768748923941913163e-07
3.765579995818703145e-07
3.764219879311709929e-07
3.756437482053195532e-07
3.749324886174900446e-07
3.731738415816138060e-07
3.738111772123605482e-07
3.729132621582505795e-07
3.720468702770165943e-07
3.707942259548046288e-07
3.698073146189459780e-07
3.683595169834719975e-07
3.670776902420485720e-07
3.657844649176187743e-07
3.644262379332970555e-07
3.649922754159141232e-07
3.613555808776150802e-07
3.596338716448591642e-07
3.577697189283690639e-07
3.559309253834037513e-07
3.539231012237119442e-07
3.512275027655851644e-07
3.491371266448137493e-07
3.470648945815639845e-07
3.446639455346810056e-07
3.421538584163872576e-07
3.396228897852362995e-07
3.370013445441269426e-07
3.343368731745109164e-07
3.314969047360988582e-07
3.287466476930371583e-07
3.255669328285339704e-07
3.224904522018237279e-07
3.195355224007134697e-07
3.163482732723176308e-07
3.130124605061888994e-07
3.097763977289017800e-07
3.063998676959157427e-07
3.027903227210288854e-07
2.995054084779423426e-07
2.959854843835231995e-07
2.924181399142302874e-07
2.888185737800433083e-07
2.848148171273080172e-07
2.813250976848658895e-07
2.775680089961600760e-07
2.737588266105085926e-07
2.703437775539474380e-07
2.660009716947940230e-07
2.619864030246762472e-07
2.581577952352983135e-07
2.542090391976359800e-07
2.502448813914243741e-07
2.462695606990592424e-07
2.422847224081818944e-07
2.382980756713101008e-07
2.343226577853020858e-07
2.303230326278187037e-07
2.260430724309470215e-07
2.223152825668838738e-07
2.183142962635512248e-07
2.143086624716733489e-07
2.103426621296874256e-07
2.064573975065642073e-07
2.003145396033881016e-07
1.985163803093106021e-07
1.946225559443073579e-07
1.907690333440058016e-07
1.869487743597274177e-07
1.831591574822843007e-07
1.793809581030714059e-07
1.756543333396695121e-07
1.720442049701105939e-07
1.682829550176467877e-07
1.646691037286338151e-07
1.610798355630811071e-07
1.575484640545290344e-07
1.540748061135161984e-07
1.506876186828813467e-07
1.472282357523636005e-07
1.438810268836091581e-07
1.405769369447749459e-07
1.373137671420919571e-07
1.341032920532714574e-07
1.309293962547651977e-07
1.278411302779786190e-07
1.247853726672336224e-07
1.217836180799439931e-07
1.188346830206114812e-07
1.159056303547917278e-07
1.130813354458122630e-07
1.104359108993893390e-07
1.075160007583046526e-07
1.048064340961713978e-07
1.021458752046506015e-07
9.953617453400466352e-08
9.697665471276662902e-08
9.305936644031647603e-08
9.199743812566052784e-08
8.958131147307202019e-08
8.718750119458068924e-08
8.546152390414109114e-08
8.363065325619716011e-08
8.033980599915701804e-08
7.775836907385693430e-08
7.599914838642227902e-08
7.390436909265467066e-08
7.184754761753606083e-08
6.982375303463563491e-08
6.783438431404369928e-08
6.591010197128199511e-08
6.397884207271787377e-08
6.211748938722754399e-08
6.030275796310201697e-08
5.853732665409334866e-08
5.681871323318740798e-08
5.515537848053548374e-08
5.349304195431081266e-08
5.196827605349447283e-08
5.031050656408226721e-08
4.877671418156859500e-08
4.728368996319419716e-08
4.583479296444786000e-08
4.443040739601294541e-08
4.306552872000206460e-08
4.173763937284328374e-08
4.082173301428855655e-08
3.918071405944372014e-08
3.793610660065781431e-08
3.642040846185875893e-08
3.559479999361836564e-08
3.449321602420397235e-08
3.343309487251511541e-08
3.240816002482918875e-08
3.140816481496193571e-08
3.031891358901965445e-08
2.946678233686560043e-08
2.853184238407809310e-08
2.762402970411658436e-08
2.696149691969862826e-08
2.590774360156404678e-08
2.510674731470904636e-08
2.433739406931571834e-08
2.358973701106534760e-08
2.278604897942364611e-08
2.205326637174813047e-08
2.144355208864210326e-08
2.076734162511903632e-08
2.011406864578837040e-08
1.948564887777287492e-08
1.893767250470127479e-08
1.840596686936155822e-08
1.785600229742787224e-08
1.729140796160173017e-08
1.672207379864802241e-08
1.615788750730280411e-08
1.561095435946444288e-08
1.509537556374853284e-08
1.461943487773880426e-08
1.425321826639449928e-08
1.382792080332259530e-08
1.340830561542853291e-08
1.299654138187485141e-08
1.259339058790862894e-08
1.222418272235664169e-08
1.183986443044831678e-08
1.147558492644227884e-08
1.114035632618532733e-08
1.079546674150174733e-08
1.046453334593379588e-08
1.014856022779166139e-08
9.850965762796257264e-09
9.576782299743521483e-09
9.302858415420675046e-09
9.040400490589383390e-09
8.784129093968984034e-09
8.530176955730178162e-09
8.275923004261627300e-09
8.024093355313103891e-09
7.779871300135392446e-09
7.547780115698488640e-09
7.334689937971177185e-09
7.129553039742444858e-09
6.928545202074239082e-09
6.730808023456057083e-09
6.537174492461750324e-09
6.348613093630899758e-09
6.165469708402501611e-09
5.988534159594852024e-09
5.818383748907463443e-09
5.654927408780265809e-09
5.496738388433478581e-09
5.342480682502596553e-09
5.191480742049718334e-09
5.044092772436286616e-09
4.900880013956930108e-09
4.762248250166508594e-09
4.628181394572983877e-09
4.498337745979644251e-09
4.372180905596532767e-09
4.249212829613140908e-09
4.129294224514607954e-09
4.012543210689320945e-09
3.899138031227777103e-09
3.789043044375300583e-09
3.682063519256168552e-09
3.577959902688461779e-09
3.476606606432527644e-09
3.377936644245382841e-09
3.281888333344096345e-09
3.188389429483933734e-09
3.097369047370414891e-09
3.008763398642055336e-09
2.922508978141418716e-09
