# cl_des_weaklkern_delens
4.556371765390516969e-08
4.596934761664039025e-08
4.637957342343281781e-08
4.679391190928506139e-08
4.721202488769655114e-08
4.763393000790154595e-08
4.805982689518537966e-08
4.848995241629727536e-08
4.892453451796257958e-08
4.936363846912957000e-08
4.980744548904509656e-08
5.026523722995360952e-08
5.071846022956399995e-08
5.117622935522907910e-08
5.163852428253863642e-08
5.210520657942909554e-08
5.257608116995512578e-08
5.305117364930585945e-08
5.357776661866297482e-08
5.406390495845840043e-08
5.516067295294253378e-08
5.558106097905911162e-08
5.553732239905420811e-08
5.603355504643256387e-08
5.653289504253656227e-08
5.699978680725299662e-08
5.748566452547786098e-08
5.799755752568778671e-08
5.851468576050611670e-08
5.903724913921100752e-08
5.956479082771771439e-08
6.009600839334580872e-08
6.062945163579946188e-08
6.116390981326827349e-08
6.169895912675296057e-08
6.223477145077345543e-08
6.277154025676076657e-08
6.330916261861220256e-08
6.384939839604488500e-08
6.439146785067001142e-08
6.493525252573652191e-08
6.548079004260783023e-08
6.602793415655327428e-08
6.657624972448237089e-08
6.712488525488242482e-08
6.767343216543209111e-08
6.822223769277855943e-08
6.877174360556645534e-08
6.932229784129911224e-08
6.987369336385645471e-08
7.051098260207095548e-08
7.103550360233613891e-08
7.155528136249536786e-08
7.207815093656419094e-08
7.262546315668029216e-08
7.317063383539303971e-08
7.371426047188217172e-08
7.425991019078551145e-08
7.481452963690389625e-08
7.537029325003524212e-08
7.592682339827291520e-08
7.648193446798826598e-08
7.703251600731867259e-08
7.742116339842514542e-08
7.793413044149802687e-08
7.844295081370157905e-08
7.894887249556730631e-08
7.945297122720985568e-08
8.000373890205896908e-08
8.049365398838764968e-08
8.097760419902548376e-08
8.145701149413869227e-08
8.193214096337964622e-08
8.240196039084537998e-08
8.286515857742707038e-08
8.332047502735980957e-08
8.376708781281057572e-08
8.420479578233842639e-08
8.463379487241247224e-08
8.505486933265087281e-08
8.546826172854037195e-08
8.587374627144282225e-08
8.627017583298389049e-08
8.635781808826170627e-08
8.705040899771818916e-08
8.727591499530696382e-08
8.763029073565227473e-08
8.827772630176488764e-08
8.862375729917823617e-08
8.895708610360782739e-08
8.894520482064225164e-08
8.928093301986412602e-08
8.954640807691413621e-08
8.979716210117365056e-08
9.003402083980078523e-08
9.025803952534548661e-08
9.046999898433317122e-08
9.066921890269981968e-08
9.085392293347228473e-08
9.102260151613258046e-08
9.117451558299514383e-08
9.130981228298263802e-08
9.142809080224541718e-08
9.152881462146227535e-08
9.161133970994222424e-08
9.167481409696897264e-08
9.171802834700827242e-08
9.177318659380973157e-08
9.176865767119943500e-08
9.174318284492653659e-08
9.169820688648726327e-08
9.162059078112326750e-08
9.154463382854470185e-08
9.140332218323363935e-08
9.117094835089295356e-08
9.109567203323013344e-08
9.019281525029840429e-08
9.087346219669178802e-08
9.129203122570470156e-08
9.105866600646703143e-08
9.024460993260804688e-08
8.998810659947131488e-08
8.970981533613575196e-08
8.940953845514211254e-08
8.909796106300518156e-08
8.876663975514039829e-08
8.840803747679022222e-08
8.802240114140335374e-08
8.756113114788981955e-08
8.712715692432549118e-08
8.667362540587356018e-08
8.620123180675704308e-08
8.571017245376090313e-08
8.520015443140703358e-08
8.475824730889608737e-08
8.416870128800957686e-08
8.355733201597350448e-08
8.295737554704387096e-08
8.234360612934234083e-08
8.170888080631321021e-08
8.101922253381115200e-08
8.015223679499679943e-08
7.942620574688609964e-08
7.887207707004636350e-08
7.824048671908283085e-08
7.758359840474401262e-08
7.679893196632755829e-08
7.602685606104140638e-08
7.523507588597570303e-08
7.442600110537284204e-08
7.360104597255383612e-08
7.276098165965126922e-08
7.190678020638837148e-08
7.114923993998148978e-08
7.027934038612329697e-08
6.928405417870966900e-08
6.839615754628737409e-08
6.750198812158668335e-08
6.660138917271406472e-08
6.569443666313278947e-08
6.478070532614429715e-08
6.385899702937150800e-08
6.292808995490631010e-08
6.196602080367651390e-08
6.095673378997772651e-08
6.008164603555006007e-08
5.911873208157519754e-08
5.815215250654074954e-08
5.716807610726552326e-08
5.623644524100559728e-08
5.481188184307026228e-08
5.429023069608315836e-08
5.333051361195194594e-08
5.237511315631209910e-08
5.142632147798766673e-08
5.048479966910117356e-08
4.954823667333058769e-08
4.861315458608060129e-08
4.767749920036627989e-08
4.674099689190789932e-08
4.593235777166390459e-08
4.501662816843965426e-08
4.390532438452912776e-08
4.300542349017184490e-08
4.214920832028778341e-08
4.126128595664398980e-08
4.038639520919118301e-08
3.953653028212705500e-08
3.869549543652666713e-08
3.786072266956854139e-08
3.703022326647575424e-08
3.620340380305518464e-08
3.521434169039665636e-08
3.434025814136390736e-08
3.375308576930084802e-08
3.295633338011902285e-08
3.218328872866183679e-08
3.147323056457103781e-08
3.065390143161188111e-08
2.937999681026875050e-08
2.920526432875960315e-08
2.851068937746465196e-08
2.783403702397404153e-08
2.716919904306371805e-08
2.650945250381863925e-08
2.585225119791510068e-08
2.519878443919638043e-08
2.469522486583056617e-08
2.391259288364473815e-08
2.319931847856618408e-08
2.260037537262101765e-08
2.207368989485966649e-08
2.149098939659318412e-08
2.092530930420093411e-08
2.037468578642703940e-08
1.983670247678251624e-08
1.946608468578420231e-08
1.882647082598639228e-08
1.820290874248138233e-08
1.760335418226331135e-08
1.703343263864902149e-08
1.680467261220060512e-08
1.630378787171497105e-08
1.580795809049591302e-08
1.541095900489077319e-08
1.487416838556714137e-08
1.443877720071839766e-08
1.402497471359049646e-08
1.363033357329781979e-08
1.324936361637932772e-08
1.287574885266150736e-08
1.256417656061822808e-08
1.213442522887226734e-08
1.168011480769549573e-08
1.129209699424534480e-08
1.092671381791969231e-08
1.058511333567644528e-08
1.026530394705456506e-08
9.963470615945604416e-09
9.675748426491694219e-09
9.398538578459901343e-09
9.128816762721388191e-09
8.863464724232587501e-09
8.599478543349697125e-09
8.335595451221170293e-09
8.071984880803685271e-09
7.809368719667872482e-09
7.548643743897460201e-09
7.234095734828969443e-09
7.048872850384781217e-09
6.867286378980963298e-09
6.571077591285729669e-09
6.359998460960245564e-09
6.164578697801313219e-09
5.983431128249301344e-09
5.813558544035449465e-09
5.649579911310471699e-09
5.485474434717398798e-09
5.317247257425369543e-09
5.145433459615178820e-09
4.972716753151785574e-09
4.801646196024232783e-09
4.635733823553972542e-09
4.479043209512873650e-09
4.333952699383998539e-09
4.199888357145182359e-09
4.074015693638791494e-09
3.953881132379060640e-09
3.837379936108673957e-09
3.726324847386748578e-09
3.600350163963034071e-09
3.480272200609899183e-09
3.365979254322402265e-09
3.266882479811635339e-09
3.160657580808614643e-09
3.059229137787981613e-09
2.962847397410870459e-09
2.872448533577220116e-09
2.787290842512553477e-09
2.705533817636230815e-09
2.625109730466402565e-09
2.548771505951324771e-09
2.470570487864213032e-09
2.391884592873076397e-09
2.313934100320297728e-09
2.238770097348538457e-09
2.168278461524194479e-09
2.102963440596471632e-09
2.041816190874165373e-09
1.983382695486242759e-09
1.926291048946498943e-09
1.869824874584182886e-09
1.813627780599693648e-09
1.757961717926948080e-09
1.702932158685963355e-09
1.652260546727210492e-09
1.603899058165497411e-09
1.557195284605540050e-09
1.511590076992590385e-09
1.466862383666875415e-09
1.423228530131422582e-09
1.380923554843175489e-09
1.340122184356815203e-09
1.300859119959755391e-09
1.263025242629889260e-09
1.226368129073429830e-09
1.190618475002720079e-09
1.155724575060743415e-09
1.121805924385153776e-09
1.089011176783054924e-09
1.057317491407484220e-09
1.026604751547001677e-09
9.967518052886144543e-10
9.677317559454295843e-10
9.395472718710165422e-10
9.121848791776128702e-10
8.856092702502574561e-10
8.597905064298781186e-10
8.347140596878038357e-10
8.103622875859530476e-10
