# cl_des_weakska1_delens
5.722269368816738540e-08
5.776759446737496065e-08
5.832013923288465142e-08
5.888000365607093709e-08
5.944697431611341178e-08
6.002094316432396522e-08
6.060194898438506930e-08
6.119029221641491404e-08
6.178614248094733945e-08
6.238937360523544811e-08
6.298932935393619588e-08
6.360354122431096821e-08
6.422506820485245947e-08
6.485386709486244928e-08
6.548985906052966677e-08
6.613274247123716288e-08
6.678187549157515262e-08
6.743673236609101889e-08
6.809710788605375197e-08
6.876285846974048376e-08
6.943406253866590258e-08
7.011104674370339112e-08
7.079396423282370164e-08
7.148270565762045290e-08
7.221709188260080366e-08
7.292317564920141120e-08
7.363463781715246114e-08
7.435045287557900235e-08
7.506973194992898783e-08
7.573589309772052981e-08
7.646466362509349211e-08
7.719835001606814871e-08
7.793662649864976337e-08
7.867939368067839835e-08
7.942678952404438465e-08
8.017894251476777727e-08
8.093541953798334245e-08
8.169542916544624629e-08
8.242833487648135387e-08
8.320263645044674509e-08
8.397957781530447187e-08
8.475760201192600803e-08
8.553606294756378615e-08
8.631486746981943335e-08
8.709411763811606902e-08
8.786108829799616664e-08
8.864271464434185722e-08
8.942588999533313386e-08
9.021050856688985114e-08
9.099651722221530759e-08
9.178348650748487276e-08
9.257068045657695650e-08
9.335739639074938849e-08
9.414307647445400006e-08
9.492775721911355996e-08
9.582462318532913634e-08
9.657751472359176889e-08
9.732653533432876406e-08
9.806620595752019154e-08
9.884346832542245889e-08
9.961791055998137289e-08
1.003892325505138912e-07
1.011570889046508932e-07
1.019211409841474063e-07
1.026808698814768466e-07
1.034354949949658665e-07
1.042470170135096750e-07
1.050155030690349877e-07
1.057808624361120935e-07
1.063545021534548102e-07
1.070711685977323907e-07
1.077807948178867533e-07
1.085636860767520023e-07
1.092647903073335686e-07
1.099364779585462864e-07
1.106185733272683504e-07
1.112912620736088154e-07
1.119533510729855330e-07
1.126038310650359203e-07
1.132420780517510074e-07
1.138679210355655922e-07
1.144813058498503633e-07
1.150817688234626441e-07
1.156689754301376676e-07
1.162424695715414867e-07
1.168015335635820959e-07
1.173457454904800650e-07
1.178819119542030939e-07
1.184013887339227422e-07
1.185462574505046778e-07
1.193858144589343570e-07
1.198489043769765652e-07
1.202920742233099992e-07
1.204985897472722032e-07
1.209246517574209482e-07
1.213355172308995042e-07
1.222484269184413260e-07
1.226118180451748756e-07
1.225053267387294771e-07
1.228021510509023211e-07
1.230765676883566259e-07
1.233288111190375450e-07
1.235592408809585477e-07
1.237678510106960565e-07
1.239536769666705429e-07
1.241035594165381918e-07
1.242467791771309275e-07
1.243629295229292570e-07
1.244511504682618579e-07
1.245119492785402703e-07
1.245260640207865922e-07
1.245254279056577375e-07
1.244972211024330846e-07
1.245351377785642206e-07
1.244467013844787400e-07
1.243223911842152221e-07
1.241634952832053803e-07
1.239361398801715828e-07
1.237401763939239729e-07
1.235161857988998386e-07
1.232343560902981570e-07
1.228318248848307812e-07
1.224936622043035293e-07
1.222215197344234338e-07
1.219318723297260458e-07
1.215373397965997558e-07
1.210976211113430286e-07
1.206286917996193303e-07
1.209503404053603723e-07
1.196056625991779354e-07
1.190513053110151256e-07
1.184677086432195870e-07
1.178545647152675744e-07
1.172870965008680393e-07
1.166177770040809559e-07
1.158195150496271724e-07
1.150804910902670073e-07
1.143175557937751738e-07
1.135586937903669222e-07
1.127412599056796590e-07
1.118970068512902619e-07
1.110268520907173458e-07
1.102235329427036159e-07
1.092428367252361953e-07
1.082693831285477198e-07
1.073018412553011790e-07
1.063234704038961890e-07
1.053009724101201599e-07
1.042148945688194135e-07
1.027934262213889050e-07
1.020990214123494725e-07
1.009457467515325380e-07
9.995519279310174312e-08
9.872152986701653327e-08
9.756690647790998398e-08
9.639923928419083844e-08
9.521783881874982299e-08
9.402069583870802689e-08
9.280612068259639232e-08
9.157349946713391155e-08
9.045639801055820013e-08
8.919932339860791862e-08
8.772811217213537137e-08
8.645117765542204209e-08
8.521363079581197068e-08
8.391857655082717573e-08
8.262061869062661927e-08
8.133904238896330454e-08
8.005120037986958468e-08
7.875522487639517039e-08
7.745102786659349416e-08
7.603447280568954308e-08
7.462486761582913898e-08
7.349175223958990735e-08
7.216654941801548974e-08
7.084437421278013150e-08
6.953934013938183974e-08
6.757356959246594823e-08
6.691966008930790198e-08
6.563269474631047730e-08
6.436053852733843492e-08
6.310426085648355586e-08
6.186380628993433699e-08
6.063584495446269616e-08
5.941456267234004403e-08
5.819442867474180261e-08
5.697386222352717084e-08
5.575721000485563790e-08
5.476982695217387400e-08
5.335944427407968264e-08
5.209999703802120370e-08
5.102789380937637146e-08
4.989139873138137252e-08
4.877694386700550668e-08
4.768302728991400943e-08
4.660748743919985918e-08
4.554853473921552972e-08
4.450387824351864392e-08
4.347127057722722426e-08
4.244971250116591665e-08
4.114258762315515517e-08
4.044201397364448739e-08
3.946290482910477022e-08
3.849155013350986948e-08
3.759935606845435635e-08
3.661905214675778399e-08
3.571773427606659665e-08
3.483718852121878917e-08
3.392463919354433691e-08
3.309883016134809288e-08
3.229026259272375632e-08
3.148944714852915147e-08
3.068927907098261563e-08
2.988799739460466997e-08
2.926159793604342585e-08
2.830149355186127295e-08
2.752717753572849253e-08
2.665238314078527571e-08
2.602730442696601499e-08
2.530985325931273685e-08
2.461707007313243472e-08
2.394663266005317480e-08
2.329480560483068718e-08
2.265788493673219736e-08
2.203319588517564699e-08
2.141721330636930988e-08
2.080746552854291934e-08
2.020345330063374564e-08
1.963726493675103489e-08
1.889391438261217002e-08
1.841796971992702761e-08
1.795655060525955739e-08
1.734296127532408837e-08
1.676477183673152912e-08
1.627137708185582637e-08
1.580541993152324245e-08
1.536060965911909039e-08
1.492794795146314901e-08
1.449890489881280635e-08
1.406640007749336531e-08
1.362892088914572814e-08
1.305143775888936952e-08
1.262773062316844633e-08
1.234399693694068201e-08
1.194154055592927392e-08
1.155638289573495817e-08
1.119074761148510307e-08
1.084726136414997577e-08
1.052342933904850394e-08
1.021419877709282461e-08
9.913322112736916417e-09
9.655910508053185762e-09
9.348945307255987608e-09
9.032255890558451226e-09
8.743576876378568403e-09
8.459078588989661994e-09
8.183121758656423093e-09
7.919774912103181148e-09
7.671266710424055947e-09
7.435923874472724985e-09
7.189850995730358222e-09
6.984141950757148646e-09
6.790103058116712752e-09
6.600594816650915498e-09
6.408279058345852676e-09
6.209259458001488000e-09
6.006393762627248644e-09
5.804317185264322094e-09
5.609029998870082467e-09
5.424894657776458221e-09
5.253377028032450528e-09
5.113016646062843165e-09
4.959381328214645854e-09
4.809009535078212635e-09
4.661769187670333519e-09
4.517602179987342880e-09
4.376959674488039772e-09
4.241486093809725229e-09
4.121697936256783014e-09
3.991631101456979529e-09
3.867750289825727373e-09
3.750578752403110746e-09
3.645672503426954535e-09
3.536491829257485190e-09
3.430135163339241542e-09
3.326859087174858613e-09
3.226986130423739157e-09
3.131063544010311602e-09
3.039375693374500198e-09
2.951155684249292733e-09
2.865486534539099687e-09
2.781294649592803647e-09
2.698792029911927691e-09
2.618810734415572127e-09
2.542028370337203213e-09
2.468567925616676016e-09
2.397685017087663703e-09
2.328650771531696270e-09
2.261122737505075568e-09
2.195255428877379669e-09
2.131447157383350080e-09
2.069867312388999579e-09
2.010433167212672560e-09
1.952848307607144799e-09
1.896846837391565871e-09
1.842320303502412576e-09
1.789281930318282518e-09
1.737816136048370105e-09
1.687912581346382994e-09
1.639528381395864641e-09
1.592543225014908025e-09
1.546872279070395690e-09
1.502459948486516923e-09
1.459279977769139242e-09
1.417327342729841239e-09
1.376556558073716828e-09
1.337325601272268939e-09
1.298861319551224622e-09
1.261401625256209380e-09
1.224901227939047532e-09
