# cl_des_weakdes_delens
1.983431906594136066e-07
2.110421953678515436e-07
2.248021914035904288e-07
2.397288931972534836e-07
2.556343523007061503e-07
2.726509800860973564e-07
2.910885150367525555e-07
3.107715161297491054e-07
3.307513702405724584e-07
3.518288854335493934e-07
3.737046304700937348e-07
3.961607835226609422e-07
4.190343576338126687e-07
4.420531639714535145e-07
4.650005643298469407e-07
4.875489934659876004e-07
5.092442817057118965e-07
5.299154523030510666e-07
5.487174534684544614e-07
5.652615678008835620e-07
5.788961332243855166e-07
5.889817436315309773e-07
5.949424661706276976e-07
5.963491870165084921e-07
5.926707165962968242e-07
5.836715246163837126e-07
5.693680541260003372e-07
5.497125454947151888e-07
5.253929422766597009e-07
4.970546114641649145e-07
4.656018785729369733e-07
4.320559802492553742e-07
3.973084408125499791e-07
3.626595402817653165e-07
3.285600111796201777e-07
2.960168289591774173e-07
2.653224406341644684e-07
2.365551258952921926e-07
2.096457801192195889e-07
1.846584867920360254e-07
1.618613554556401584e-07
1.411397818277916988e-07
1.221536203464453638e-07
1.046384907824687255e-07
8.902055333043440176e-08
7.573725812169667256e-08
6.452682561127509713e-08
5.493116142891126522e-08
4.666917345341148052e-08
3.964402973478060089e-08
3.373025848649829114e-08
2.872518901162530038e-08
2.454246229020314658e-08
2.105420311186663515e-08
1.811181908905705949e-08
1.564361309392933976e-08
1.355756312646426171e-08
1.178684677544717084e-08
1.027491321632752106e-08
8.974316856794510265e-09
7.847977609265377100e-09
6.865055142487628369e-09
6.001867641401353051e-09
5.239539208438312244e-09
4.563418922357493793e-09
3.962151293773371896e-09
3.426850802063365080e-09
2.950530306221922119e-09
2.527557357448241005e-09
2.153237904101651637e-09
