# cl_euclidska10_delens
3.125751752796578580e-07
3.335546868221418490e-07
3.570816430920471725e-07
3.822193236678595616e-07
4.096136967079566357e-07
4.387445547241994841e-07
4.716631056465948988e-07
5.057081667242817376e-07
5.430885186548326999e-07
5.831207542362340795e-07
6.257805694359815514e-07
6.721276735845334135e-07
7.186763899943014879e-07
7.685889695711047064e-07
8.205016692913048358e-07
8.740084977054321497e-07
9.285888174264770414e-07
9.842319872143795135e-07
1.038798223432325322e-06
1.092872574337251235e-06
1.145080811104032386e-06
1.194384688404800107e-06
1.239965506920245825e-06
1.279404327947625000e-06
1.312843923163660462e-06
1.338517913171795908e-06
1.354965875785216835e-06
1.361220560531407747e-06
1.355544812704297638e-06
1.339661686509764328e-06
1.310932939784170153e-06
1.270219068405833028e-06
1.218228355203490228e-06
1.156142819768083372e-06
1.085654042618324716e-06
1.009011166800044484e-06
9.295550788352510958e-07
8.473762251145618142e-07
7.674964883006918548e-07
6.910623222043586110e-07
6.193378814736019837e-07
5.531340359056171899e-07
4.915689812166946488e-07
4.347719732942148081e-07
3.817545519530122061e-07
3.322403711794417974e-07
2.863457658127423104e-07
2.447006610448965874e-07
2.079715008768731145e-07
1.764003323522297618e-07
1.495845184665446597e-07
1.267050902764076337e-07
1.070153892170255284e-07
9.013621232512469833e-08
7.589207783317629916e-08
6.401483382948963514e-08
5.425972863867843637e-08
4.563407865132574185e-08
3.889545742771380839e-08
3.299407449081939677e-08
2.821030616144006335e-08
2.415626971235905078e-08
2.073846552321770047e-08
1.786359881611856865e-08
1.541711687320411690e-08
1.332643834535469227e-08
1.152900096029925361e-08
9.974597415165976716e-09
8.623441486792417721e-09
7.444140244720346423e-09
