# cl_eucliddesi_delens
1.917462337184104649e-07
1.945369850662719789e-07
1.973881981871449655e-07
2.003010794029686026e-07
2.032768539030718766e-07
2.063167658340504485e-07
2.094220781970152835e-07
2.125940727999972085e-07
2.158340503256426851e-07
2.191433302793935248e-07
2.225232510605994873e-07
2.259751699749622270e-07
2.295004630931456414e-07
2.331005252292389733e-07
2.367767697259363384e-07
2.405306282849534761e-07
2.443635506625225551e-07
2.482770044055772505e-07
2.522724744430812899e-07
2.563514626358605383e-07
2.605154872900017872e-07
2.647660824273075644e-07
2.691047972960403227e-07
2.735331959139294233e-07
2.780528566766611791e-07
2.826653721835218870e-07
2.873723487706041643e-07
2.921754059193695287e-07
2.970761755793533891e-07
3.020763009014959358e-07
3.071774350034493710e-07
3.123812397962261011e-07
3.176893845226855791e-07
3.231035448344274223e-07
3.286254014600456082e-07
3.342566389648878513e-07
3.399989445114151022e-07
3.458540064736582464e-07
3.518235133746963215e-07
3.579091528350324502e-07
3.641126102685722711e-07
3.704355673062568192e-07
3.768796997823692780e-07
3.834466754235903951e-07
3.901381514006951174e-07
3.969557719269116358e-07
4.039011657503303202e-07
4.109759437687019263e-07
4.181816966588004825e-07
4.255199926537135444e-07
4.329923753402528180e-07
4.406003619906507722e-07
4.483454407189286275e-07
4.562290676332721195e-07
4.642526627834141683e-07
4.724176061622993897e-07
4.807252345285989180e-07
4.891768378770575698e-07
4.977736567921576701e-07
5.065168782321761408e-07
5.154076306871087988e-07
5.244469794453779317e-07
5.336359216555874400e-07
5.429753860215138962e-07
5.524662309001368366e-07
5.621092420404482043e-07
5.719051271265597941e-07
5.818544991050220273e-07
5.919578632673011966e-07
6.022156074909894254e-07
6.126279970538413191e-07
6.231951909474356177e-07
6.339172514661738818e-07
6.447941436542022829e-07
6.558257416035769633e-07
6.670118167348284101e-07
6.783520258560204662e-07
6.898459076142405816e-07
7.014927827387995507e-07
7.132916276494422124e-07
7.252409795012343460e-07
7.373389144594460643e-07
7.495834911488670236e-07
7.619732057588347606e-07
7.745073368470297604e-07
7.871859119377944203e-07
8.000081603581284127e-07
8.129712631985412758e-07
8.260696223108234417e-07
8.392946461514194332e-07
8.526366281187669241e-07
8.660863431797769898e-07
8.796353849012171601e-07
8.932775456343339254e-07
9.070096796045159998e-07
9.208313336990603005e-07
9.347452594936110804e-07
9.487545828884203736e-07
9.628599165383389832e-07
9.770586845415998342e-07
9.913439570797164303e-07
1.005706823511314020e-06
1.020138695424301943e-06
1.034630826756711097e-06
1.049175520296402851e-06
1.063765512413326165e-06
1.078392546664893105e-06
1.093048034955452872e-06
1.107722472766797741e-06
1.122405145931880841e-06
1.137084982134409340e-06
1.151750400731496166e-06
1.166389506743342150e-06
1.180990729162118440e-06
1.195542349218339916e-06
1.210032158648942470e-06
1.224447269461990115e-06
1.238773767660384076e-06
1.252996813698561085e-06
1.267101062095967084e-06
1.281070928166703179e-06
1.294890659964434869e-06
1.308544235221705686e-06
1.322015127859962621e-06
1.335286218948952961e-06
1.348339840820109122e-06
1.361157760406957265e-06
1.373721155032983095e-06
1.386010555705055412e-06
1.398005855051812326e-06
1.409686494338056732e-06
1.421031683156484973e-06
1.432020509369871099e-06
1.442631949562968084e-06
1.452844792314320530e-06
1.462637511784882114e-06
1.471987982004556269e-06
1.480872448508124779e-06
1.489264507511623544e-06
1.497134668842671157e-06
1.504453362353266282e-06
1.511196399625374582e-06
1.517349593295807487e-06
1.522910490996437701e-06
1.527879878986350890e-06
1.532253637163701383e-06
1.536017919227583440e-06
1.539145530119709895e-06
1.541600773102202928e-06
1.543345142579129521e-06
1.544337952732286247e-06
1.544541662247767651e-06
1.543927703761396607e-06
1.542475280229344292e-06
1.540169467980107731e-06
1.536995699641636590e-06
1.532930335096909040e-06
1.527940774396799901e-06
1.521994235328370052e-06
1.515064940637535642e-06
1.507141949587211266e-06
1.498232744545837657e-06
1.488354327475180225e-06
1.477528470875721085e-06
1.465780874193893764e-06
1.453136238185071259e-06
1.439616995082000281e-06
1.425245503337118398e-06
1.410042701274467311e-06
1.394029088737100111e-06
1.377229189399736263e-06
1.359669245264805382e-06
1.341377269229943615e-06
1.322384598181638238e-06
1.302724743249210124e-06
1.282435730420812542e-06
1.261562815649052994e-06
1.240159760383104676e-06
1.218290267925440459e-06
1.196025212554751357e-06
1.173438355773673719e-06
1.150604549309384426e-06
1.127598350448843773e-06
1.104493722376420874e-06
1.081364235626889402e-06
1.058281401151996751e-06
1.035315738382597986e-06
1.012536725614814171e-06
9.900132316836886552e-07
9.678144565697338418e-07
9.460080102315745392e-07
9.246592783962873266e-07
9.038308429601955940e-07
8.835800042211687624e-07
8.639554122933519099e-07
8.449946656505577056e-07
8.267224214838900983e-07
8.091516337709528819e-07
7.922852479926357664e-07
7.761156180139094227e-07
7.606260309104433697e-07
7.457912014080323661e-07
7.315762647440232494e-07
7.179370810519115602e-07
7.048184969334290154e-07
6.921521388425388424e-07
6.798562837702820915e-07
6.678383534464339933e-07
6.560019308328548442e-07
6.442523034552303448e-07
6.324993526088341115e-07
6.206572320769789016e-07
6.086440251119938676e-07
5.963827102062781265e-07
5.838017763904965984e-07
5.708445613048757150e-07
5.574753046522388199e-07
5.436820393591176638e-07
5.294768732500955167e-07
5.148937666293388918e-07
4.999879386370894292e-07
4.848317679442757559e-07
4.695131379798928420e-07
4.541348818414679159e-07
4.388122716400137829e-07
4.236683296708653488e-07
4.088278628651036165e-07
3.944106015406080375e-07
3.805249073926771500e-07
3.672567894577691293e-07
3.546641699323391801e-07
3.427731980512303511e-07
3.315805412836852693e-07
3.210591631764654168e-07
3.111562694007158887e-07
3.017984190710216462e-07
2.928979333799371597e-07
2.843544212735363449e-07
2.760627467142321640e-07
2.679245178254231319e-07
2.598594575904473325e-07
2.518163707834321039e-07
2.437723448943898690e-07
2.357327873512009883e-07
2.277273902474876187e-07
2.198062600853714911e-07
2.120325646873167689e-07
2.044682170582694822e-07
1.971684209078396399e-07
1.901772630512844806e-07
1.835167413940034651e-07
1.771864095299568148e-07
1.711595150442707259e-07
1.653896719699853895e-07
1.598256725925204239e-07
1.544151539560540243e-07
1.491140427380134686e-07
1.438972489819535773e-07
1.387593165385528256e-07
1.337198151758412336e-07
1.288128681121057910e-07
1.240706287797809932e-07
1.195208845239576717e-07
1.151801459164056467e-07
1.110494390921709175e-07
1.071180348145787320e-07
1.033595868919210753e-07
9.974110720927360853e-08
9.623750843263665594e-08
9.283428348579217908e-08
8.952843639314340678e-08
8.632564396301861487e-08
8.323124893341895129e-08
8.024938532966923302e-08
7.738338506170313987e-08
7.463054875428601911e-08
7.198294607740140031e-08
6.943236088013711728e-08
6.697128868753665365e-08
6.459691569754568954e-08
6.231248833427089104e-08
6.012098359318976334e-08
5.802205458336707463e-08
5.601145265024091861e-08
5.407975589042057201e-08
5.221706690524394803e-08
5.041796461573912338e-08
4.868157057996150089e-08
4.700938173897674238e-08
4.540337912099492232e-08
4.386352648120509114e-08
4.238682558720810675e-08
4.096936478109549345e-08
3.960687126267471123e-08
3.829500202964488966e-08
3.703050469806951444e-08
3.581199716213608119e-08
3.463944701217101334e-08
3.351302023117234130e-08
3.243217487693848908e-08
3.139465141610523525e-08
3.039686955809047962e-08
2.943546742979350245e-08
2.850840720897636913e-08
2.761498203797519389e-08
2.675503400230297466e-08
2.592811144764182943e-08
2.513288520939599149e-08
2.436734480046419372e-08
2.362950554386601988e-08
2.291787246392614183e-08
2.223148223700615531e-08
2.156964774198692601e-08
2.093164134273994735e-08
2.031650500489135413e-08
1.972310168194894206e-08
1.915031218844073958e-08
1.859714956766431780e-08
1.806278483977840948e-08
1.754648402346070417e-08
1.704753754211604779e-08
1.656522533552309649e-08
1.609881797164585563e-08
1.564761434481225825e-08
1.521095025584741043e-08
1.478820446052096113e-08
1.437878735486890928e-08
1.398213941673748734e-08
1.359772886450589333e-08
1.322504370551076162e-08
1.286359949307274945e-08
1.251293123584323862e-08
1.217259561127298383e-08
1.184216805281612901e-08
1.152124723568337928e-08
1.120945460216992865e-08
1.090642785526914389e-08
1.061182633988662619e-08
1.032532480880614242e-08
1.004661476261992669e-08
9.775401545151544998e-09
9.511406602582464995e-09
9.254366678925251944e-09
9.004028986319699981e-09
8.757978563152370612e-09
8.520401533961365943e-09
8.288844538582020575e-09
8.063103117068955234e-09
7.842984157155049660e-09
7.628302757893846067e-09
