# cl_euclideuclid_delens
4.557223495919218219e-07
4.619673282030881618e-07
4.683385258798537467e-07
4.748375259754439931e-07
4.814658666517990743e-07
4.882250219764896143e-07
4.951164727262731172e-07
5.021422200634523777e-07
5.093045120087465649e-07
5.166056266464950717e-07
5.240478804861521480e-07
5.316336460077110645e-07
5.393651570962875288e-07
5.472445094921637494e-07
5.552736678439932465e-07
5.634545500212075551e-07
5.717889048819652823e-07
5.802783950085271402e-07
5.889251574800018995e-07
5.977318378185850143e-07
6.067012126484257463e-07
6.158362919171148980e-07
6.251398445300182288e-07
6.346125153971432629e-07
6.442539688895379170e-07
6.540634990915832755e-07
6.640400501987610771e-07
6.741839915534250606e-07
6.844980198658751774e-07
6.949851595920949496e-07
7.056406505770549990e-07
7.165182583833286715e-07
7.275793362395264461e-07
7.388234129899880047e-07
7.502496429773596697e-07
7.618567643097241963e-07
7.736461319116508045e-07
7.856200711375501130e-07
7.977807479532560114e-07
8.101304462319269305e-07
8.226718058205629331e-07
8.354078577001696064e-07
8.483429854328364435e-07
8.614827405700423693e-07
8.748300935524110380e-07
8.883846219030190181e-07
9.021425345805170321e-07
9.160959470533604478e-07
9.302378122185878116e-07
9.445634749994380879e-07
9.590705813319189274e-07
9.737611547942831330e-07
9.886390356023145250e-07
1.003684858171105465e-06
1.018919747449667190e-06
1.034349554866206773e-06
1.049981404764764231e-06
1.065823236283241713e-06
1.081878189969685163e-06
1.098138574210395017e-06
1.114595220240695119e-06
1.131237941344510699e-06
1.148060793840369170e-06
1.164963385101671185e-06
1.182112720907666592e-06
1.199350018402616639e-06
1.216763512394983672e-06
1.234355836339129208e-06
1.252122730332455900e-06
1.270054695027966915e-06
1.288128289159664250e-06
1.306325434639174694e-06
1.324635350965644772e-06
1.343052608310587642e-06
1.361582750602798531e-06
1.380229374233852639e-06
1.398993982484081925e-06
1.417876329593697899e-06
1.436872623651833424e-06
1.455969737234462881e-06
1.475151081415101176e-06
1.494394179870366582e-06
1.513657199298186375e-06
1.532967381489080553e-06
1.552311272310670049e-06
1.571105910502554102e-06
1.590454522239101569e-06
1.610456960438324747e-06
1.629856119714678135e-06
1.649250303824165243e-06
1.668622683190492218e-06
1.687951254005723792e-06
1.707213890771744346e-06
1.726390875488088270e-06
1.745468313003095476e-06
1.764437668280420898e-06
1.783293114189762428e-06
1.802090906432857675e-06
1.820715000156636703e-06
1.839174318003389949e-06
1.857444632708486000e-06
1.875502911251091010e-06
1.893330928675729750e-06
1.910910739453500471e-06
1.927877019775097789e-06
1.944920110672461260e-06
1.961742812980039644e-06
1.978699199685675668e-06
1.994895100277789712e-06
2.010758465712022967e-06
2.026233598938589885e-06
2.041295862960394191e-06
2.055929069962722373e-06
2.070110237787866914e-06
2.083825665453474008e-06
2.097082512844631492e-06
2.109889759896777632e-06
2.122254866929128609e-06
2.134181067964596325e-06
2.145408831901513034e-06
2.156036411696636562e-06
2.166045132074021276e-06
2.175432614786367493e-06
2.184190693869412191e-06
2.192294454159945399e-06
2.199710624008914051e-06
2.206408278520466087e-06
2.212372039514264714e-06
2.217660044655084132e-06
2.222199112452524640e-06
2.225750763813941220e-06
2.228484009766396090e-06
2.230429438959138308e-06
2.231964067432919564e-06
2.230212867153001713e-06
2.231876493297401244e-06
2.230549317811384860e-06
2.228338125320796823e-06
2.225233584700153787e-06
2.221229086909402801e-06
2.216319243473524759e-06
2.210469412110293276e-06
2.203703761672952170e-06
2.196009873279495830e-06
2.187389065605911093e-06
2.177901974975724887e-06
2.167513499007357697e-06
2.155967989687295675e-06
2.143643916306268228e-06
2.130408944807058720e-06
2.116272397094872451e-06
2.101240192654708183e-06
2.085327338396907388e-06
2.068551164751398128e-06
2.050948854427828828e-06
2.032496284789455554e-06
2.013235597386998246e-06
1.993568435214144558e-06
1.972386633728086291e-06
1.950850939189349815e-06
1.928613294138572255e-06
1.905703819133758792e-06
1.882176274024195357e-06
1.858007249300318045e-06
1.833174971262210090e-06
1.808035888263763990e-06
1.782302047925159857e-06
1.756121338752255375e-06
1.729538725273771102e-06
1.702599318821793139e-06
1.675347559673792597e-06
1.647827797332682416e-06
1.620084771747124651e-06
1.592161902552767403e-06
1.564129828032828855e-06
1.536007718277430642e-06
1.507822897638930437e-06
1.479578830143173829e-06
1.451435086291948958e-06
1.423215714018415157e-06
1.395440409098360386e-06
1.367667244707027955e-06
1.340088997574981945e-06
1.312739197362610291e-06
1.285634996966261222e-06
1.258847089894450859e-06
1.232365107839060252e-06
1.206215141615447324e-06
1.180423096124867148e-06
1.155009431156341283e-06
1.129988078799595435e-06
1.105359186460459820e-06
1.081155290460477116e-06
1.057330762137085311e-06
1.033952516488561496e-06
1.011018357145975255e-06
9.884676539593832048e-07
9.663264793526763394e-07
9.445884858684144676e-07
9.232405879569634896e-07
9.022680725222652021e-07
8.816593786056260047e-07
8.614192182697502044e-07
8.414669032909862236e-07
8.218624483551548415e-07
8.025454490756478293e-07
7.835124092483959155e-07
7.647493053814020838e-07
7.462365762252494179e-07
7.279559912382601814e-07
7.099117841548202008e-07
6.920713647194849267e-07
6.744144773648398044e-07
6.569720726869293584e-07
6.397196037317677007e-07
6.226557857854847819e-07
6.057857035959076931e-07
5.890995288478847276e-07
5.726322630355198666e-07
5.563743897765021395e-07
5.403223327206126967e-07
5.244996278054188953e-07
5.089210910243683644e-07
4.936002350381797238e-07
4.785333848219642967e-07
4.637719050162012569e-07
4.493241975328819074e-07
4.351782379903845057e-07
4.213619945917116896e-07
4.078889892897014346e-07
3.958588052118742327e-07
3.820233701586077907e-07
3.696204676071325672e-07
3.576013720203869977e-07
3.459550017850004168e-07
3.346811664937340997e-07
3.237803491447028738e-07
3.132284060421084904e-07
3.030377072909470156e-07
2.931875947653780191e-07
2.836692252917406921e-07
2.744727404940913468e-07
2.655591135820704158e-07
2.569454025054646660e-07
2.486254993690324572e-07
2.418358048517292944e-07
2.327421521187506602e-07
2.251451845385715805e-07
2.177705507699996224e-07
2.106193402887726205e-07
2.036845899504438168e-07
1.969391409179661787e-07
1.904256888208712962e-07
1.840810636953278733e-07
1.779265011697433037e-07
1.719623959842419798e-07
1.665671254997168963e-07
1.606628749438971274e-07
1.552077375404132885e-07
1.499924047370192960e-07
1.449560953488945303e-07
1.400973473324400519e-07
1.354144281439939747e-07
1.309831475822653037e-07
1.265531960011308995e-07
1.223642436731075208e-07
1.183272646582907292e-07
1.144380634668966827e-07
1.106753426147167707e-07
1.070757780687091694e-07
1.041401693029547760e-07
1.002311748335411833e-07
9.702001304899646076e-08
9.389427905909709151e-08
9.084888419417655707e-08
8.794054903019352003e-08
8.516975977610287173e-08
8.242334278492362719e-08
7.983253069123077894e-08
7.758151530781402335e-08
7.521439744725558961e-08
7.256724267184540586e-08
7.039209935531441410e-08
6.805657966416325219e-08
6.588162352308481560e-08
6.389742557076749972e-08
6.209299934104644270e-08
6.020344133766454742e-08
5.842795057605949349e-08
5.684165864070645865e-08
5.513334848600304029e-08
5.346834572823025694e-08
5.187381783889952817e-08
5.035553069784585495e-08
4.891248753381629792e-08
4.753735457617197188e-08
4.621541513134093262e-08
4.493488433401446042e-08
4.368300969050831382e-08
4.245745197666759017e-08
4.126619916341274705e-08
4.011981230932660962e-08
3.902602454466671188e-08
3.798108648073330640e-08
3.697466298885311953e-08
3.599500945710261900e-08
3.503672216382799942e-08
3.410331330480730902e-08
3.320047798830843037e-08
3.233234840894534273e-08
3.149755816877572851e-08
3.069149282889736768e-08
2.990886154473200900e-08
2.914678561799323703e-08
2.840577306091074819e-08
2.768694768559281651e-08
2.699089166816572269e-08
2.631699421033502434e-08
2.566381560024744430e-08
2.502961951265355647e-08
2.441317751806910234e-08
2.381409505291749453e-08
2.323199453477327576e-08
2.266630854524683246e-08
2.211655046256660587e-08
2.158217949149048560e-08
2.106249015698079905e-08
2.055689616859404330e-08
2.006502238659540768e-08
1.958639242201551143e-08
1.912043180660840926e-08
1.866676262479020402e-08
1.822505126741761794e-08
1.779484003495169968e-08
1.737572742853421926e-08
1.696744410297223194e-08
1.656963688740151703e-08
1.618189108271628504e-08
1.580394824830139254e-08
1.543557840187701640e-08
1.507645593192851673e-08
1.472629639561662518e-08
1.438491787423570925e-08
1.405207445741843245e-08
1.372747266672734599e-08
1.341092892994389577e-08
1.310226967222361292e-08
1.280124469302934421e-08
1.250763979575468532e-08
1.222132169342527966e-08
