# cl_eucliddes_weak_delens
8.596227763677943604e-08
8.702461853362843145e-08
8.810664240035995054e-08
8.920851630606900889e-08
9.033009641206732089e-08
9.147110601259962800e-08
9.263121774271354452e-08
9.381016078352735578e-08
9.500802605947079318e-08
9.622521494869906782e-08
9.746221435697311352e-08
9.871958101779345106e-08
9.999782218507264512e-08
1.012972380278132270e-07
1.026180271354834011e-07
1.039603054431382901e-07
1.053241073234064057e-07
1.067091558583729178e-07
1.081148243038903239e-07
1.095403468182490187e-07
1.109840033233507321e-07
1.124585733434660377e-07
1.139552263570170580e-07
1.154741411367479380e-07
1.170152737834012947e-07
1.185783580709574519e-07
1.201631117699086331e-07
1.217694458349082095e-07
1.233965731383814561e-07
1.250432936191387800e-07
1.267080516518841515e-07
1.281259801724329047e-07
1.298334763091868796e-07
1.315624557924309600e-07
1.333127085159028306e-07
1.350846193830437729e-07
1.368784540678375939e-07
1.386943502419538332e-07
1.405317873637364606e-07
1.423766198618364355e-07
1.442548909082701620e-07
1.461541356534058077e-07
1.480742908691026284e-07
1.500152316268032439e-07
1.519763415145435079e-07
1.539570946599971441e-07
1.559568945466326438e-07
1.581535989166054266e-07
1.601971986750078799e-07
1.622596070391780289e-07
1.643389914908805743e-07
1.664338934244536913e-07
1.687779103775225535e-07
1.709228899510454654e-07
1.730795332376391287e-07
1.749395274882111378e-07
1.770990917078556426e-07
1.792762489340071602e-07
1.812725574581810512e-07
1.834787245824774290e-07
1.856952530359648212e-07
1.879223362484943020e-07
1.901592931379232282e-07
1.924048548481555119e-07
1.946575691060141606e-07
1.969168471523562826e-07
1.991840551791500422e-07
2.014601068222150071e-07
2.037436180199483060e-07
2.060318468690348915e-07
2.083218832093313319e-07
2.106131624914323033e-07
2.129051863132613971e-07
2.151958601540109833e-07
2.174824766091405091e-07
2.197631976812332694e-07
2.220378123504633221e-07
2.243063285753904296e-07
2.265671468046927547e-07
2.288187533618880072e-07
2.310597200110295030e-07
2.332886132732867807e-07
2.357387910672087031e-07
2.379322670433710566e-07
2.401051931262503438e-07
2.422001236509766443e-07
2.443490541135745687e-07
2.464732710640449187e-07
2.483521432129217047e-07
2.504118517319562899e-07
2.524507193873292425e-07
2.545274263407949946e-07
2.565060356511223548e-07
2.584509435598542294e-07
2.603736252626693794e-07
2.622437755782379271e-07
2.640770744267393744e-07
2.658706012037157590e-07
2.676202058261231575e-07
2.693229677034460876e-07
2.709774264945135463e-07
2.725831652352723638e-07
2.741378930896381865e-07
2.756389637878469392e-07
2.770843254141314636e-07
2.784688959795908439e-07
2.797916378038470800e-07
2.810467524453632688e-07
2.822374988039940332e-07
2.835040628891645599e-07
2.845603707522555395e-07
2.855475037903247870e-07
2.868663473338205656e-07
2.871563319548242593e-07
2.880005462741620724e-07
2.887333884849502645e-07
2.893374382749240176e-07
2.898790733460994337e-07
2.903380598684695424e-07
2.906604009255058433e-07
2.909551582521463736e-07
2.911608318617479392e-07
2.912779888273677594e-07
2.913075704132510222e-07
2.912490804352807706e-07
2.910967532945304353e-07
2.908446867606503375e-07
2.904917008808833767e-07
2.900332545953745968e-07
2.894880114693572794e-07
2.888467986332511230e-07
2.881094677319577800e-07
2.874473782927212601e-07
2.864981277928504860e-07
2.854319398082782533e-07
2.841910871992262038e-07
2.829660188922162852e-07
2.816426192427642985e-07
2.801651075848174198e-07
2.786556835731179956e-07
2.767917325431497810e-07
2.753581110259914463e-07
2.735706619966749720e-07
2.716908459258771705e-07
2.697013650844264354e-07
2.676261190486077519e-07
2.658397885942315987e-07
2.632204312145121781e-07
2.608963552096772089e-07
2.584923057027144454e-07
2.560079611326704423e-07
2.534438456127009612e-07
2.509321417005046865e-07
2.482229594623535915e-07
2.452776151076384198e-07
2.424321585238675116e-07
2.395593834089102847e-07
2.365950391102895838e-07
2.335744390938707342e-07
2.305034465599055726e-07
2.273869165191233153e-07
2.242280685575313759e-07
2.210661810122206974e-07
2.177904578263743531e-07
2.145193818421287017e-07
2.112235410505396918e-07
2.078879074217404261e-07
2.045053930194657304e-07
2.011843799258885202e-07
1.978035651496773649e-07
1.944175041279533942e-07
1.910284277503935774e-07
1.876392456432013694e-07
1.842533566211885756e-07
1.808737026883187589e-07
1.775027991306474306e-07
1.741427494438509445e-07
1.708238766987666277e-07
1.675014606393102268e-07
1.641654817394625281e-07
1.612229978550814571e-07
1.576334190970881115e-07
1.543191408749892418e-07
1.512204467713389366e-07
1.480635850133122593e-07
1.449422403717384072e-07
1.418565854809754046e-07
1.387963726546813407e-07
1.357983972897813469e-07
1.328391806137119056e-07
1.298969943835666608e-07
1.270094625284640983e-07
1.236849643626993100e-07
1.213620982297839548e-07
1.185940985595743779e-07
1.158850771509987468e-07
1.132354069242164538e-07
1.105522505860667580e-07
1.079746986919826286e-07
1.054189917368141280e-07
1.029030074430263462e-07
1.004270293507799835e-07
9.798999865209020571e-08
9.559031704254364206e-08
9.323298221919897062e-08
9.098606337329577950e-08
8.860006909033217087e-08
8.635121765131191260e-08
8.487069008111680490e-08
8.194226341579081310e-08
7.978973790069433801e-08
7.767061451639915245e-08
7.559229963246116366e-08
7.354208764243447709e-08
7.152054169041274193e-08
6.952264407039100441e-08
6.757069494103699967e-08
6.565216465938167561e-08
6.376838882891979314e-08
6.191060193785401636e-08
6.009959145643384237e-08
5.832761697178310071e-08
5.659126831887625973e-08
5.481960354802411604e-08
5.316431587508991766e-08
5.159018663254979267e-08
4.999811069284545944e-08
4.844588799994287147e-08
4.693611501738522334e-08
4.546879547867660171e-08
4.404086564357788697e-08
4.265170620327359641e-08
4.146855187733902322e-08
3.998894692872186772e-08
3.871332818700384051e-08
3.747737717180262373e-08
3.588115483064294404e-08
3.512477459282628886e-08
3.400253859178667750e-08
3.293103298326350856e-08
3.188666628431824783e-08
3.077295546955814977e-08
2.986890389631607020e-08
2.890144411794855484e-08
2.796276521385887011e-08
2.732893514544356269e-08
2.618524699489254539e-08
2.535110929537520665e-08
2.454711505850581799e-08
2.376504191728132485e-08
2.291937012135542988e-08
2.225175381279295758e-08
2.152390288663404362e-08
2.081902432989504070e-08
2.013808818010893643e-08
1.948236154729639718e-08
1.893439977124848344e-08
1.838556751669256376e-08
1.781358600294614300e-08
1.708885746383506236e-08
1.653139199070227169e-08
1.599262020928118588e-08
1.547206715542247521e-08
1.489586302617250166e-08
1.440009903623614892e-08
1.394948804718459047e-08
1.360756318776787963e-08
1.317537695693347826e-08
1.275072012810739499e-08
1.233486514309946425e-08
1.199569264121266595e-08
1.161028904246284745e-08
1.122876488053767301e-08
1.085820287704503375e-08
1.050174047647229372e-08
1.016151162984175499e-08
9.839857436576791768e-09
9.541161962636423350e-09
9.262326167917454422e-09
8.996048377002036889e-09
8.733960021404591542e-09
8.472724904398991982e-09
8.212746665820844955e-09
7.955438674888090295e-09
7.704629648065128997e-09
7.465652684489333462e-09
7.242768509347979414e-09
7.034363683874119372e-09
6.834683306959671476e-09
6.638657141590171167e-09
6.445260718465358315e-09
6.255675037719570463e-09
6.071179861603647934e-09
5.892252699764704575e-09
5.720007152227248217e-09
5.555270459216348081e-09
5.398004190186228572e-09
5.246406519289240601e-09
5.098730822880951542e-09
4.954078270466045825e-09
4.812911373604549722e-09
4.676022913474850599e-09
4.543975995202722843e-09
4.416738114630874550e-09
4.293848306675956235e-09
4.174676238542018589e-09
4.058687161764999461e-09
3.945727968483914459e-09
3.835904153083097811e-09
3.729392820831190610e-09
3.626175786330486643e-09
3.526074542088743506e-09
3.428835053662216838e-09
3.334289383129909370e-09
3.242335101220439112e-09
3.152900821196697570e-09
3.065917114822308129e-09
2.981316859791547044e-09
2.899030260431775032e-09
2.818983328825794234e-09
