# cl_euclidska01_delens
1.148478641748390949e-07
1.163849640193607327e-07
1.179525659936535111e-07
1.195516138169221533e-07
1.211829739223949396e-07
1.228469203548474224e-07
1.245435182602570193e-07
1.262727774731565949e-07
1.280346393753003494e-07
1.298290594939990576e-07
1.316564423236244618e-07
1.335173514048023326e-07
1.354123680247874994e-07
1.373421007624502542e-07
1.393072369061395420e-07
1.413083981977811327e-07
1.433461310121718277e-07
1.454209459726927480e-07
1.475333171195326941e-07
1.496834767282885206e-07
1.518716166925835386e-07
1.540982412714060673e-07
1.563639666207907040e-07
1.586694965970905203e-07
1.609774342764735513e-07
1.633528583516116430e-07
1.657694164021265960e-07
1.682283366175306579e-07
1.707303813346910929e-07
1.732755320505269106e-07
1.758639272033348041e-07
1.784955815869663844e-07
1.811703340003522541e-07
1.838886570477798708e-07
1.866503679189410963e-07
1.894548966827751978e-07
1.923016797105035154e-07
1.951898899905942690e-07
1.981192366659893009e-07
2.010667444887956163e-07
2.040941489922375640e-07
2.071706620901754063e-07
2.102932424099428966e-07
2.134584388082494315e-07
2.166645764644959396e-07
2.198243529182993910e-07
2.231114756191344391e-07
2.264476368557470041e-07
2.298311754799172887e-07
2.332593549703863535e-07
2.367296402996825536e-07
2.402408502294647712e-07
2.437923128648310256e-07
2.473842490913212063e-07
2.510167986294213543e-07
2.546897164643609202e-07
2.584041945285261173e-07
2.621629466253769773e-07
2.659692292984636538e-07
2.698519750877652810e-07
2.737466674124882163e-07
2.776809260527039845e-07
2.816526098980800482e-07
2.856608232072422270e-07
2.897066493137885818e-07
2.937919736189912391e-07
2.979169282995290981e-07
3.020797772821128472e-07
3.062779097176267464e-07
3.105093604611211898e-07
3.147736175507196966e-07
3.190708014450736788e-07
3.233996908405189309e-07
3.277577838130328556e-07
3.321424609634486641e-07
3.365513707956838241e-07
3.409835728056286141e-07
3.454388146991369587e-07
3.499511455439899743e-07
3.544718524296692334e-07
3.590030274350947728e-07
3.635415476088162450e-07
3.680865438916832988e-07
3.725457319790523063e-07
3.771240836910169620e-07
3.817070066516277270e-07
3.862944635787873438e-07
3.908880827238710801e-07
3.954678717275328904e-07
4.000493078353349058e-07
4.046315274095509364e-07
4.092138432675958269e-07
4.137915326899828217e-07
4.183580981917118567e-07
4.229065545780768649e-07
4.274308247006678058e-07
4.319155347086952267e-07
4.363940047136467759e-07
4.408455300588113154e-07
4.452653111374191317e-07
4.496491937804940000e-07
4.539863534641451067e-07
4.583043617171211862e-07
4.625771208201342898e-07
4.667964913247272336e-07
4.709570144463435328e-07
4.750420722821105661e-07
4.790724428734046616e-07
4.830457668936436562e-07
4.872695693124553333e-07
4.911165705619675210e-07
4.943871553269998998e-07
4.981273135972379761e-07
5.017861398572408776e-07
5.053531922994960210e-07
5.087062326172019361e-07
5.120039802197209457e-07
5.153048880117017717e-07
5.184160651254043121e-07
5.213994484002939070e-07
5.242934706885210339e-07
5.270661219040938826e-07
5.297113744633248561e-07
5.322277204014805241e-07
5.346153146162837030e-07
5.368695791056270969e-07
5.389822011239666233e-07
5.409445062854448744e-07
5.427509951958434629e-07
5.444004290936048687e-07
5.458790369656103722e-07
5.472187847563302062e-07
5.484947690059086883e-07
5.494922624742476910e-07
5.502400361585809863e-07
5.509005746718928520e-07
5.513823498749938778e-07
5.516545804661763721e-07
5.517118214395478922e-07
5.515879212589820775e-07
5.512612716576862815e-07
5.509989228716193535e-07
5.503628628810450443e-07
5.496825674285260155e-07
5.484716428377331222e-07
5.472297661316369755e-07
5.457895210208670025e-07
5.441512435911898960e-07
5.423140950795548915e-07
5.402767904221342420e-07
5.380374280940683091e-07
5.356651390848589111e-07
5.330418392949400101e-07
5.302106932933362516e-07
5.270446046588883065e-07
5.238040045375233871e-07
5.203732096256148696e-07
5.167781845850039695e-07
5.129688302247857205e-07
5.089755902751511216e-07
5.048021338109808184e-07
5.006062252343875145e-07
4.959298825379265538e-07
4.912388669121088071e-07
4.863835645348988738e-07
4.813799136555123809e-07
4.762037815734906384e-07
4.708344835649107813e-07
4.643473507245117701e-07
4.598464518520527510e-07
4.541336517263284890e-07
4.483043193629758603e-07
4.423663176755465649e-07
4.363265800411702732e-07
4.301924806599647275e-07
4.239711701845634100e-07
4.176706916358546889e-07
4.113266310533390670e-07
4.048996042972915432e-07
3.984099860060391142e-07
3.922274771002836903e-07
3.853015833337000257e-07
3.786209872543885235e-07
3.721241770759583522e-07
3.655203404759165482e-07
3.589173880308453814e-07
3.523062659474651807e-07
3.457358229153465871e-07
3.391915398167195235e-07
3.326800127965134958e-07
3.261798283025287603e-07
3.197484435206046650e-07
3.133631089082466879e-07
3.070347239695028442e-07
3.007645212346264751e-07
2.945703996027718210e-07
2.884245453879124569e-07
2.823626906167687469e-07
2.763855808762175825e-07
2.705066818921016471e-07
2.646911056072633917e-07
2.589596010319495725e-07
2.533127550794656909e-07
2.477529697899382168e-07
2.422911916126988606e-07
2.369947800630020277e-07
2.315770684686778003e-07
2.272783274880732224e-07
2.212217483331068830e-07
2.158168113779170460e-07
2.111841929663832796e-07
2.062794830955645026e-07
2.014543965721253394e-07
1.967004097730494988e-07
1.920123501335672075e-07
1.873713233661937815e-07
1.828167610374408631e-07
1.783179630956118024e-07
1.738811202970605482e-07
1.694948622360264180e-07
1.651759466901215352e-07
1.610075410839550312e-07
1.563844716512206555e-07
1.525466366649880431e-07
1.483772868829270910e-07
1.444003599607965408e-07
1.404063310595277845e-07
1.364718160703547687e-07
1.325968818387054731e-07
1.287876065150578670e-07
1.250366887435341400e-07
1.213561488428686412e-07
1.177513228655688572e-07
1.141868846825832920e-07
1.107058564122913739e-07
1.066655478974446771e-07
1.039830921147019740e-07
1.007402346373297076e-07
9.757732579801963910e-08
9.451646271416878104e-08
9.153482522024540690e-08
8.850063298478757776e-08
8.577551209296789102e-08
8.303132113849896328e-08
8.037300441267872916e-08
7.780245503173991958e-08
7.529015483926447456e-08
7.289452620368828232e-08
7.057891535277060991e-08
6.831828038028793536e-08
6.601803543526665747e-08
6.401411004522524171e-08
6.197594162695600940e-08
5.997595480422615111e-08
5.805640853206435947e-08
5.618753071991933060e-08
5.456078813319258245e-08
5.271336747228216362e-08
5.091586922110112806e-08
4.925336650014941901e-08
4.763869191411847752e-08
4.607448370791050340e-08
4.455531692985471619e-08
4.307884431938819355e-08
4.142132720121915425e-08
4.027146602972509934e-08
3.894469755690087771e-08
3.765977109970380901e-08
3.640715305788633303e-08
3.519122115554072122e-08
3.401799769085602940e-08
3.287026440447713237e-08
3.187687385616660680e-08
3.077828310965924804e-08
2.977120825789346703e-08
2.879448482911835764e-08
2.787915259213547449e-08
2.696141065711217010e-08
2.604797010613220895e-08
2.524826724510940596e-08
2.447134000229365644e-08
2.361632023140877314e-08
2.286218197565822685e-08
2.213911554067560343e-08
2.139654072189365809e-08
2.068873156935961345e-08
2.003178158394816334e-08
1.941723871238588428e-08
1.883179866128533990e-08
1.825747012499553060e-08
1.768844742760316558e-08
1.712802292325062619e-08
1.658107980537162852e-08
1.605543573532779085e-08
1.555256624714106717e-08
1.507321435275330049e-08
1.461735120152007399e-08
1.418049935757576816e-08
1.375784134193319709e-08
1.334314335335435070e-08
1.293507603202831000e-08
1.253795357826236313e-08
1.215696367686525475e-08
1.179541970491252526e-08
1.145055487229433960e-08
1.111729174240894606e-08
1.079114360174739085e-08
1.047146849365273748e-08
1.016076530415446045e-08
9.861760942382723659e-09
9.575220631340676202e-09
9.299690183794801637e-09
9.032917277754554689e-09
8.773143104325343468e-09
8.520105328798407186e-09
8.274476790868200623e-09
8.036926477855474201e-09
7.807426602802762897e-09
7.585434992021835834e-09
7.370193767944241322e-09
