# cl_eucliddes_delens
6.925673525022668109e-07
7.020890344535195970e-07
7.117966071785706206e-07
7.216931187573209684e-07
7.317821658726183425e-07
7.420676211666679463e-07
7.525535278258707636e-07
7.632438013116405948e-07
7.741418699598345210e-07
7.852509232178313375e-07
7.965740641492798859e-07
8.081143087706710856e-07
8.198741437303761710e-07
8.318552824285659783e-07
8.440588565754472199e-07
8.564857703197849246e-07
8.691373141532229761e-07
8.820165242361025955e-07
8.951280451073072138e-07
9.084768374892978004e-07
9.220678635395207338e-07
9.359049751625917367e-07
9.504202093571293931e-07
9.647556654836518580e-07
9.793406279073941874e-07
9.941791076210617780e-07
1.009272505564901008e-06
1.024623053347357607e-06
1.040232919921300894e-06
1.056104138119637596e-06
1.071798389256085623e-06
1.088188485113925153e-06
1.104850344695221006e-06
1.121785691478627059e-06
1.138994674812743331e-06
1.156477020886163043e-06
1.174230422173527136e-06
1.192252150143823298e-06
1.210963409761490736e-06
1.229532920794718316e-06
1.248377931010035512e-06
1.267499008586342612e-06
1.286896241136246876e-06
1.306570055784204722e-06
1.326539128805367376e-06
1.346765771776806287e-06
1.367268059584861096e-06
1.387638630092189170e-06
1.408693658290402948e-06
1.430020696323102809e-06
1.451615185956141936e-06
1.473476484120615150e-06
1.495608956775737769e-06
1.518404061590856043e-06
1.541060956775973855e-06
1.563976147460905943e-06
1.586792351768939568e-06
1.610217885240736325e-06
1.633894283172311330e-06
1.657815691315777156e-06
1.681965897492013498e-06
1.706336304663408756e-06
1.730928246591413854e-06
1.755741215983701380e-06
1.780770481481951717e-06
1.806005934131554041e-06
1.831438094903028034e-06
1.857065970912646433e-06
1.882882928124747747e-06
1.908876000299240884e-06
1.935031523367848836e-06
1.961340375447017610e-06
1.987790873994371024e-06
2.014374302946027692e-06
2.041080327001942384e-06
2.067901438909185323e-06
2.094832109166576810e-06
2.121965654539464166e-06
2.149040705930235559e-06
2.176172215662188466e-06
2.203344008170066550e-06
2.230539350850392583e-06
2.257741235208908579e-06
2.284932517541004640e-06
2.312095814639021686e-06
2.339213330282692855e-06
2.366266463725016269e-06
2.393235308317954974e-06
2.420098729056053537e-06
2.446834939700392721e-06
2.473489431274129087e-06
2.499909659158068184e-06
2.526127056691674125e-06
2.552126594724198562e-06
2.577900006522594067e-06
2.603429365563273561e-06
2.628688983110826935e-06
2.653640066970993002e-06
2.678241218990993241e-06
2.702461507566632200e-06
2.726276507236283295e-06
2.749668345190845797e-06
2.772609249366909181e-06
2.795066700371280422e-06
2.817011471881337450e-06
2.838209762218667311e-06
2.859012193426147507e-06
2.879451646311800723e-06
2.899000854106217117e-06
2.917868348975820923e-06
2.936041293683426525e-06
2.953499410924612643e-06
2.970190714083610562e-06
2.985760527559707859e-06
3.000791415390496181e-06
3.014964101154066445e-06
3.028248254995664777e-06
3.040902089458309020e-06
3.052309679582638859e-06
3.062736206041559846e-06
3.072160582375156341e-06
3.080544930211208213e-06
3.087838117210545702e-06
3.093741462006101572e-06
3.098803868357497809e-06
3.102709764766457468e-06
3.105435656075870976e-06
3.106958373012629841e-06
3.107255918438066231e-06
3.106307797514545016e-06
3.104096059866828802e-06
3.100606145384193142e-06
3.095827822773305918e-06
3.089755078704337052e-06
3.082384943719703177e-06
3.073717007138552852e-06
3.063751339054238466e-06
3.052488683830709483e-06
3.039929972437599444e-06
3.026078432955188287e-06
3.010940024054978548e-06
2.994766913330643805e-06
2.977080619497445029e-06
2.958151788115675825e-06
2.937989807412009584e-06
2.916612737763608769e-06
2.894040174613980714e-06
2.870286935795808637e-06
2.845370249269669745e-06
2.819317207049574406e-06
2.792171773491783644e-06
2.763978858188832752e-06
2.734779166264256148e-06
2.704614126606835693e-06
2.673528961874775210e-06
2.641405215804015313e-06
2.608528160205770318e-06
2.575004904362717631e-06
2.540766008945945039e-06
2.505871548147896752e-06
2.470383663200478110e-06
2.434364612677223484e-06
2.397961800619226061e-06
2.361055317184796913e-06
2.323792143417661858e-06
2.286474351320739474e-06
2.248637380503740257e-06
2.210602904447554006e-06
2.172455419731670572e-06
2.134265709317995714e-06
2.096073139547479963e-06
2.057665492668249260e-06
2.019650094587108956e-06
1.981611939798947324e-06
1.943845254849732833e-06
1.906306446397772972e-06
1.869032237511053904e-06
1.832057772087596468e-06
1.795410107571588552e-06
1.759127538610862552e-06
1.723212040598205927e-06
1.687701579912715974e-06
1.652785747698288187e-06
1.618111065708940134e-06
1.583757335627081052e-06
1.550019473621419792e-06
1.516748849949614652e-06
1.483949005503947851e-06
1.451636884668601400e-06
1.419992087755580440e-06
1.388646610746038266e-06
1.357790858224586789e-06
1.327306910368184741e-06
1.297459457208821641e-06
1.268098819124674393e-06
1.239220841252537826e-06
1.210819214547296091e-06
1.182882204189576736e-06
1.154563604740055049e-06
1.128348335558718560e-06
1.101831450586620429e-06
1.075477890545562872e-06
1.049598148319752324e-06
1.024050090214145464e-06
9.987994290743017469e-07
9.738128489536857417e-07
9.491251325478440221e-07
9.245717576942466737e-07
9.001419169281121859e-07
8.759575905609997242e-07
8.519476093895464929e-07
8.281181440442883060e-07
8.044820183302016888e-07
7.802669529073216218e-07
7.579483017774298795e-07
7.350770874172661742e-07
7.125022132675162335e-07
6.903877024797504140e-07
6.684505615051119551e-07
6.476327606158418582e-07
6.270301861813867160e-07
6.069545474619968055e-07
5.875326537069628769e-07
5.687288866081504061e-07
5.505933509038978537e-07
5.330325606633333895e-07
5.160678219191252698e-07
4.996922041190233203e-07
4.838691257325541747e-07
4.685539210066968867e-07
4.537397034313910939e-07
4.394038013484625265e-07
4.254741753179261024e-07
4.116002706913916290e-07
3.988968817243036107e-07
3.862096593958389268e-07
3.738508746850461248e-07
3.618224567363272320e-07
3.501259551131863296e-07
3.387683165069419542e-07
3.277469265380124312e-07
3.170366921905278884e-07
3.066215238310924699e-07
2.963381722209402906e-07
2.866483690476051596e-07
2.773956464932900360e-07
2.682565630354823897e-07
2.594045784211601771e-07
2.508317661939669754e-07
2.425309466951393255e-07
2.344896067091469725e-07
2.266994104586413837e-07
2.191583441267112187e-07
2.118655400562977520e-07
2.048233871250551583e-07
1.980302038858059621e-07
1.914871366865474309e-07
1.851930000296460566e-07
1.791436113372824028e-07
1.733299710034467673e-07
1.677387986730697697e-07
1.623559213529416680e-07
1.571640824053720717e-07
1.521482088246659905e-07
1.472941050573432891e-07
1.425934330777510278e-07
1.380413696625318074e-07
1.336377636562914069e-07
1.293843612970675323e-07
1.252842358416771356e-07
1.213378404678340841e-07
1.175467434434673366e-07
1.138946920953571523e-07
1.103779124941183333e-07
1.069875940198177001e-07
1.037163282449516439e-07
1.005587218600842173e-07
9.751104227344351603e-08
9.457137578574342066e-08
9.173731831910220436e-08
8.900481599516517845e-08
8.636812962480341217e-08
8.382150258207766762e-08
8.136068803185965165e-08
7.898297814870572578e-08
7.668655700320100183e-08
7.446985508922007929e-08
7.233124438244630704e-08
7.026786236420392453e-08
6.827550762273218444e-08
6.634951403166087972e-08
6.448601424014985181e-08
6.268239622295914795e-08
6.093693907170508650e-08
5.924808481979845161e-08
5.761412398073578618e-08
5.603315782518070486e-08
5.450310323396774988e-08
5.302129854137202031e-08
5.158521403071054641e-08
5.019274136377564189e-08
4.884226078593034463e-08
4.753249719761140487e-08
4.626203150594888052e-08
4.502926616017815011e-08
4.383257086496893086e-08
4.267040504875890665e-08
4.154133379653562705e-08
4.044408374140268253e-08
3.937743025163741543e-08
3.834019428504688924e-08
3.733128964372814694e-08
3.634964658546435323e-08
3.539420732253533876e-08
3.446398228604196517e-08
3.355802562392567315e-08
3.267543571443815438e-08
3.181539375050374269e-08
3.097710507290729265e-08
3.015979405767889441e-08
