# cl_euclidcib_delens
3.884429477536867348e-02
3.939736361910393253e-02
3.996210774291069495e-02
4.053852948348649066e-02
4.112705700110406981e-02
4.172783996194311118e-02
4.234110187742127357e-02
4.296689978740491495e-02
4.360596042171394765e-02
4.425801471389914643e-02
4.492346007629703653e-02
4.560253124259151802e-02
4.629546764771847595e-02
4.700249709473009602e-02
4.772387066982453768e-02
4.845981550190334858e-02
4.921061017476971444e-02
4.997646710905902234e-02
5.075764287648851930e-02
5.155438560463833364e-02
5.236694669092968601e-02
5.319512494106018452e-02
5.404053072588285017e-02
5.490205826220113244e-02
5.578041417658911871e-02
5.667585144517942736e-02
5.758862591390600388e-02
5.851899086452306414e-02
5.946720190164166836e-02
6.043351210884712749e-02
6.141817414826491323e-02
6.242144333777706333e-02
6.344356739706460968e-02
6.448481687948738605e-02
6.554538639845002013e-02
6.662557277558349422e-02
6.772560718006669089e-02
6.884572697836376098e-02
6.998617155802143441e-02
7.114717910388480837e-02
7.232897485820874439e-02
7.353179340116887397e-02
7.475585173520045423e-02
7.600136908992143059e-02
7.726856249366770291e-02
7.855762964846538243e-02
7.986878101701519461e-02
8.120220082335642686e-02
8.255808041482591564e-02
8.393659719084163584e-02
8.533791727186673670e-02
8.676220761018769989e-02
8.820961217024070322e-02
8.968027749791881997e-02
9.117432993365849614e-02
9.269189010512925153e-02
9.423306375893805709e-02
9.579794021159715456e-02
9.738660714109362293e-02
9.899912053060315464e-02
1.006355387643498300e-01
1.022959431952148446e-01
1.039801966726984633e-01
1.056884606708636959e-01
1.074206517743543365e-01
1.091767511324416573e-01
1.109545114475221916e-01
1.127603922981070123e-01
1.145877593131449795e-01
1.164386681779101401e-01
1.183129804331205515e-01
1.202105183371307007e-01
1.221310926638332905e-01
1.240744716211256982e-01
1.260404193674365403e-01
1.280286432867647484e-01
1.300388470856191081e-01
1.320706906064007813e-01
1.341237996135943578e-01
1.361977786688595149e-01
1.382921916188121214e-01
1.404065669012628526e-01
1.425403967873818678e-01
1.446931469724602737e-01
1.468642307049793372e-01
1.490530344318297951e-01
1.512589096744247907e-01
1.534811478683190955e-01
1.557190170370569837e-01
1.579717431425144425e-01
1.602384853495094352e-01
1.625183831678790880e-01
1.648105279926839473e-01
1.671139527067618258e-01
1.694276608757933900e-01
1.717505820765262425e-01
1.740816319301219384e-01
1.764196550678073794e-01
1.787634444163754832e-01
1.811117616517470830e-01
1.834632980460921825e-01
1.858167072411972265e-01
1.881705654061362198e-01
1.905234433560057672e-01
1.928738004913932436e-01
1.952200954618186768e-01
1.975606991540873325e-01
1.998939461070727286e-01
2.022181076325788862e-01
2.045313978101354624e-01
2.068319771565595711e-01
2.091179472409366025e-01
2.113873842590130447e-01
2.136365211624022820e-01
2.158684480798302718e-01
2.180759072218899086e-01
2.202584221476913684e-01
2.224137582691363413e-01
2.245396370779400297e-01
2.266336878884856743e-01
2.286935397901684042e-01
2.307167116473041457e-01
2.327007316951426874e-01
2.346430254408732319e-01
2.365410354578061369e-01
2.383920982919296161e-01
2.401936050956433033e-01
2.419428267423972545e-01
2.436370642278575804e-01
2.452735775633124449e-01
2.468496298600216521e-01
2.483624513275287105e-01
2.498092800847204753e-01
2.511873667250382192e-01
2.524939229542486063e-01
2.537262402798470817e-01
2.548815614475062330e-01
2.559571904732096392e-01
2.569504373770185035e-01
2.578586725039410110e-01
2.586792625206518759e-01
2.594096928764879628e-01
2.600474425742652085e-01
2.605901163393476438e-01
2.610353472739513903e-01
2.613808707775259199e-01
2.616245246639175015e-01
2.617642357012676113e-01
2.617980697716431049e-01
2.617241738689137787e-01
2.615408746898926773e-01
2.612462310713617453e-01
2.608400084051185064e-01
2.603198161893622853e-01
2.596849699214774931e-01
2.589346012794944141e-01
2.580680404027287378e-01
2.570847087849310597e-01
2.559846094262852589e-01
2.547674834052089943e-01
2.534335787645251581e-01
2.519833410517654526e-01
2.504174858549695903e-01
2.487369341964097424e-01
2.469429483896469213e-01
2.450370172598280438e-01
2.430209002440527066e-01
2.408967109996887901e-01
2.386668284878065149e-01
2.363339282301825106e-01
2.339009910539770476e-01
2.313713407078677176e-01
2.287485948774616029e-01
2.260366721326586559e-01
2.232398291276374569e-01
2.203625979031924864e-01
2.174098251255599801e-01
2.143866082174759047e-01
2.112983245154682888e-01
2.081505574369225120e-01
2.049491498769838438e-01
2.017000339086727212e-01
1.984093177189350521e-01
1.950832077706868006e-01
1.917279541596538794e-01
1.883498098294275613e-01
1.849549934208164770e-01
1.815497352420974153e-01
1.781400680242666013e-01
1.747319440534520207e-01
1.713311616634083934e-01
1.679432857743477225e-01
1.645737025563799583e-01
1.612275183032645387e-01
1.579095689909795486e-01
1.546243831624854459e-01
1.513761656648450471e-01
1.481687607745069690e-01
1.450056375457939029e-01
1.418898579456897291e-01
1.388240621242468886e-01
1.358104364318073742e-01
1.328507153034690913e-01
1.299461344455367928e-01
1.270974465950902021e-01
1.243049146725829779e-01
1.215683154832277041e-01
1.188869465559229538e-01
1.162596642260078778e-01
1.136849008501621544e-01
1.111607121404060150e-01
1.086848225932693646e-01
1.062546740004225443e-01
1.038674747393235898e-01
1.015202790259644855e-01
9.921003893198354628e-02
9.693366600111717746e-02
9.468809955615720142e-02
9.247037825803058886e-02
9.027769131157635518e-02
8.810746821323313382e-02
8.595739398063935444e-02
8.382550122885223942e-02
8.171021496314370691e-02
7.961036898057732847e-02
7.752526969617834496e-02
7.545469568382037751e-02
7.339891843936301175e-02
7.135869919921240812e-02
6.933526278408624899e-02
6.733028374095637036e-02
6.534583590210421566e-02
6.338434383746938128e-02
6.144851317486077491e-02
5.954125734021262911e-02
5.766562572272174864e-02
5.582471240604446744e-02
5.402154517624412067e-02
5.225903253423282852e-02
5.053985255886673383e-02
4.886636587918019581e-02
4.724055207203033124e-02
4.566394949317036100e-02
4.413759530136204812e-02
4.266200910754560510e-02
4.123717187453723731e-02
3.986252849203437976e-02
3.853702505345058676e-02
3.725916991373871140e-02
3.602705432203095332e-02
3.483847265734655446e-02
3.369098560688768562e-02
3.258203087673455789e-02
3.150901187683905619e-02
3.046939892250181969e-02
2.946083223901108106e-02
2.848117100108045821e-02
2.752857722269549945e-02
2.660155453579189297e-02
2.569896479304800002e-02
2.482003039538737549e-02
2.396430829762767264e-02
2.313165632938147045e-02
2.232216221103623319e-02
2.153607999779033264e-02
2.077375411486442891e-02
2.003553782163354155e-02
1.932172188836979790e-02
1.863247232056014155e-02
1.796778396068842223e-02
1.732744242865035672e-02
1.671102941834064215e-02
1.611792810046498714e-02
1.554732806516402437e-02
1.499830896890792450e-02
1.446985145486878038e-02
1.396090742755543880e-02
1.347045916578956670e-02
1.299753923704910670e-02
1.254129244396401388e-02
1.210097888541283168e-02
1.167598269417005272e-02
1.126580416251190576e-02
1.087003990570106424e-02
1.048835370897652219e-02
1.012044491454477599e-02
9.766027065976993007e-03
9.424785066868345690e-03
9.096375883899870257e-03
8.780405985949188419e-03
8.476467838100746471e-03
8.184085843028293672e-03
7.902791874480683335e-03
7.632113707250471127e-03
7.371594889045357708e-03
7.120806452164634218e-03
6.879354152460413069e-03
6.646875005208765716e-03
6.423041520275621190e-03
6.207542111983416384e-03
6.000083522037575300e-03
5.800381092547120428e-03
5.608150722255589651e-03
5.423110292184924776e-03
5.244977378120165880e-03
5.073474946807125449e-03
4.908332346556200897e-03
4.749286330784999351e-03
4.596088202967283515e-03
4.448503447959204805e-03
4.306305387342934492e-03
4.169279890271322501e-03
4.037222305095197403e-03
3.909933603329260668e-03
3.787221355342917754e-03
3.668897927955347502e-03
3.554785032147478666e-03
3.444709281802927139e-03
3.338504432476901030e-03
3.236012297062974830e-03
3.137081038498872390e-03
3.041565278352178093e-03
2.949325868385898816e-03
2.860229186703170008e-03
2.774147061012624885e-03
2.690956589713402666e-03
2.610581337278115432e-03
2.532785629551876846e-03
2.457584995435037421e-03
2.384835704949186778e-03
2.314439249745145304e-03
2.246301702300069255e-03
2.180333185539990934e-03
2.116447893621365307e-03
2.054563791105720131e-03
1.994602572798783498e-03
1.936489639355975069e-03
1.880153497298794234e-03
1.825526107936613048e-03
1.772542497938505747e-03
1.721140575335163101e-03
1.671261210728093452e-03
1.622847952598650747e-03
1.575847155119616382e-03
1.530207122202841604e-03
1.485879318303499289e-03
1.442817210064051975e-03
1.400975979417300784e-03
1.360313295207692640e-03
1.320788992442716806e-03
