# cl_euclidska5_delens
2.489369797790220291e-07
2.522225536098906297e-07
2.555732540512458141e-07
2.589898912065719534e-07
2.624728120467224732e-07
2.660220457319798293e-07
2.696374570668255107e-07
2.733177726110091549e-07
2.770594237928406185e-07
2.808701114525604711e-07
2.847516598134905367e-07
2.887060852685485486e-07
2.927349145480236328e-07
2.968389700915042537e-07
3.010186316393768267e-07
3.052735662806174610e-07
3.096030827588031659e-07
3.140068781745065696e-07
3.184808976427001736e-07
3.230432975754616459e-07
3.276847266295301572e-07
3.324060834888767408e-07
3.372085059304488213e-07
3.420933489020944132e-07
3.470623716864031646e-07
3.521160867652565705e-07
3.572530117545806408e-07
3.624712217584792240e-07
3.676030536142302761e-07
3.729863595514181649e-07
3.784568500159382191e-07
3.840116844414110799e-07
3.896490145909780323e-07
3.953690179520255997e-07
4.011726935031218077e-07
4.070617607653946135e-07
4.130384044530538150e-07
4.191051845421459249e-07
4.252641865323063962e-07
4.315166870821587960e-07
4.378632627381038805e-07
4.443017388745624506e-07
4.508293297410034495e-07
4.574440275297060778e-07
4.641440534942380178e-07
4.709160744914905335e-07
4.777954578168877210e-07
4.847645049489977022e-07
4.918240340391172933e-07
4.989745313803582911e-07
5.065671003755596167e-07
5.139451287005826200e-07
5.209851799894383402e-07
5.284811898786887423e-07
5.360576857749238318e-07
5.437139007931980762e-07
5.514523130258582789e-07
5.593409392277771612e-07
5.672668640808574769e-07
5.752778508312515950e-07
5.833708590913366822e-07
5.915406770528131750e-07
5.997826121036120216e-07
6.080946015358022864e-07
6.164789582186295309e-07
6.249397855317175713e-07
6.334774365655607707e-07
6.421242775863956539e-07
6.507921525633360870e-07
6.595227128818924921e-07
6.683163022868002447e-07
6.771726554464179854e-07
6.860892205288924023e-07
6.950625940232797125e-07
7.041055600131629025e-07
7.131740421786096795e-07
7.222826968982328783e-07
7.314309582555019431e-07
7.406187935046623751e-07
7.498438293680115322e-07
7.591019082175802125e-07
7.685410666568459139e-07
7.778379422404126018e-07
7.868804739130358037e-07
7.962243427816358560e-07
8.055688392021682392e-07
8.149653766503974312e-07
8.242806187706666653e-07
8.335863846846202036e-07
8.428844508673756447e-07
8.521755114346332186e-07
8.614584936929098219e-07
8.707543186191231472e-07
8.799586957815183671e-07
8.891183567584044776e-07
8.982301258365307384e-07
9.072919010903095218e-07
9.162973745132591075e-07
9.252366980817694686e-07
9.340994442216108989e-07
9.428766107239120177e-07
9.515628867615207019e-07
9.601540129712367500e-07
9.686433372556509599e-07
9.770812726664730185e-07
9.853416077375839690e-07
9.934611486521890969e-07
1.001438734355749986e-06
1.009246648901391530e-06
1.016917138856989261e-06
1.024443670795763848e-06
1.032658529055553815e-06
1.038687207558563991e-06
1.045835424606205146e-06
1.052715021084369203e-06
1.059444031261215565e-06
1.065839676305249031e-06
1.072014457126545343e-06
1.077960738342315001e-06
1.083669658262918754e-06
1.089131396272579061e-06
1.094335665922037862e-06
1.099264403805419855e-06
1.103936117428764445e-06
1.108332951824470779e-06
1.112445085032378361e-06
1.116254970260957440e-06
1.119744550974558080e-06
1.122902700859424963e-06
1.125668611955551246e-06
1.128177890803819554e-06
1.130352095883259894e-06
1.132183697901921087e-06
1.133889826160397125e-06
1.134783020673143169e-06
1.135530705248457283e-06
1.135906807623667629e-06
1.135918903248803502e-06
1.135457476440717893e-06
1.134427370767017202e-06
1.133110086551436403e-06
1.132004902967523933e-06
1.130066807688297456e-06
1.128002502122331899e-06
1.124930061919546073e-06
1.121751760104260572e-06
1.118165608372687631e-06
1.114171412507493772e-06
1.109760374009800157e-06
1.104956648664581077e-06
1.099742471992562991e-06
1.094116675945488737e-06
1.088300140961468689e-06
1.081890782810974529e-06
1.074750506961302239e-06
1.067513268176451578e-06
1.059965433099129627e-06
1.051972521136421858e-06
1.043596611823834557e-06
1.034861842928556800e-06
1.025771534939256477e-06
1.016714154131346048e-06
1.006558942307036905e-06
9.964537776733673127e-07
9.860178819103513340e-07
9.752822621499867000e-07
9.642705380744540745e-07
9.529406450036131967e-07
9.389810532166646911e-07
9.295401482571682075e-07
9.174727506431601032e-07
9.051894788422456032e-07
8.927163338365572689e-07
8.800422834651258098e-07
8.671975946196988238e-07
8.541999507023669624e-07
8.410800884514022406e-07
8.278915377754565993e-07
8.145516948444300171e-07
8.010430056090765901e-07
7.883729551649035343e-07
7.740184827129419582e-07
7.602183488983846408e-07
7.468849991459604035e-07
7.333204267492972183e-07
7.197829112192008262e-07
7.062863747997624032e-07
6.928146317347275868e-07
6.794602869147070178e-07
6.661691206245631050e-07
6.529868243598243533e-07
6.398817773414822562e-07
6.269163477348226695e-07
6.140814708584125064e-07
6.013841788818066847e-07
5.888423843159409496e-07
5.764098019429229835e-07
5.641603295697811896e-07
5.521400439863473843e-07
5.402394604862718994e-07
5.285137637632594342e-07
5.169637120195482071e-07
5.055891680928961836e-07
4.943941526025135360e-07
4.833761190950684186e-07
4.727623249911692806e-07
4.618323430626035989e-07
4.513355752128579561e-07
4.409896180266487923e-07
4.300474844051208187e-07
4.207798854781849260e-07
4.109009370999434996e-07
4.011683564074458271e-07
3.916015440952811234e-07
3.821263633151312328e-07
3.727860817879073639e-07
3.636025561979461545e-07
3.545260753508652286e-07
3.455737875001526427e-07
3.367409321533774727e-07
3.280068900255425746e-07
3.196167761004091953e-07
3.109179885114557400e-07
3.025345870523038738e-07
2.941197710436685775e-07
2.861199767216425203e-07
2.780829039317953836e-07
2.701704719404855144e-07
2.623975739634393661e-07
2.547434333452278413e-07
2.472258426559927945e-07
2.398475361803413901e-07
2.326584842786017624e-07
2.255400420239370850e-07
2.186062672690762231e-07
2.118385271721550261e-07
2.052352432201921496e-07
1.987984352111431792e-07
1.925314681546348863e-07
1.864400199675017681e-07
1.805876897753818601e-07
1.745742017636139397e-07
1.692183176440282256e-07
1.638089171854954224e-07
1.585721729887385027e-07
1.535113434506806920e-07
1.486203834111313462e-07
1.438488013887583965e-07
1.392942056749195372e-07
1.348420520364543797e-07
1.305317495925112825e-07
1.263604136559761333e-07
1.223225818159834375e-07
1.183951967999568069e-07
1.146071658864323190e-07
1.109163959026171308e-07
1.077159536057554780e-07
1.038550937786639078e-07
1.004801101038191599e-07
9.721903826730617848e-08
9.402472064545868016e-08
9.093961283543199834e-08
8.794697763645869964e-08
8.504705163922236724e-08
8.221821962991527069e-08
7.950954319724521251e-08
7.689455700374556223e-08
7.435501759008183851e-08
7.190249956408228058e-08
6.953328733209874889e-08
6.723082431583787188e-08
6.497710586100896158e-08
6.304163311511366527e-08
6.087967118395473523e-08
5.890450844005070140e-08
5.698744738784517617e-08
5.513505092525697572e-08
5.339072758726394375e-08
5.163866052243059315e-08
5.001953384322932654e-08
4.849610291572186555e-08
4.684094165667497146e-08
4.533379775574419533e-08
4.391419856980710607e-08
4.250784273958576750e-08
4.106372941434556778e-08
3.977247751736440577e-08
3.856523141963671771e-08
3.738450890884248551e-08
3.623211037203008393e-08
3.517018156955910653e-08
3.406955926666260976e-08
3.299455985440793113e-08
3.196037045959409018e-08
3.097048848303625669e-08
3.002689667830290692e-08
2.912913524065794449e-08
2.826821724612058514e-08
2.743477123058102641e-08
2.661712507261616718e-08
2.581317848808185923e-08
2.503088580964887417e-08
2.427976239491518518e-08
2.356577677490662814e-08
2.288379761886116054e-08
2.222458022266232416e-08
2.157978202497773305e-08
2.094804400025468643e-08
2.033381745002969331e-08
1.974201563493214899e-08
1.917416667085701622e-08
1.862764975550009244e-08
1.809835962654707117e-08
1.758295978217236499e-08
1.708082059213566795e-08
1.659311304320412122e-08
1.612102537848455983e-08
1.566454658486046997e-08
1.522268976099484129e-08
1.479406917404821633e-08
