# cl_euclidska1_delens
1.902516582992191320e-07
1.927602692631729348e-07
1.953175857196538620e-07
1.979241250440340627e-07
2.005802614477770662e-07
2.032863377764767070e-07
2.060426468746349457e-07
2.088494433403161977e-07
2.117072740637458392e-07
2.146170285347306201e-07
2.175795900821611786e-07
2.205958539996580355e-07
2.236667509762536004e-07
2.267931125779038130e-07
2.299756304676111844e-07
2.332150437792076423e-07
2.365121117838904787e-07
2.398674686192685043e-07
2.432814411266733320e-07
2.467221143766548727e-07
2.502427079354762320e-07
2.538238021507298902e-07
2.574667161895523026e-07
2.611723038719777945e-07
2.649413235488425919e-07
2.687745810033102958e-07
2.726725958908620409e-07
2.766350335338993216e-07
2.806612258726698519e-07
2.847500153215569012e-07
2.889000206507864439e-07
2.931113068537613881e-07
2.973850177553838446e-07
3.017228657515961515e-07
3.061271704107739814e-07
3.105997537901629361e-07
3.151414401936201221e-07
3.197670366110568263e-07
3.244557873133639139e-07
3.292146022629236184e-07
3.340416895963325075e-07
3.388589649572357508e-07
3.437952104996093970e-07
3.487668739134461584e-07
3.538440174200846244e-07
3.589917774482098675e-07
3.642097873423195497e-07
3.694961392641321799e-07
3.748469964211997394e-07
3.802584782988334649e-07
3.857276635611032049e-07
3.912537623850464086e-07
3.968395288111998342e-07
4.024882024132978570e-07
4.082027433395157530e-07
4.140256096641370559e-07
4.198745210335313896e-07
4.257827320575067103e-07
4.317509450342455139e-07
4.377788952073302216e-07
4.438650617439421495e-07
4.500067829755490385e-07
4.562009220428900740e-07
4.624466969239917080e-07
4.687458273304669019e-07
4.750992896621372231e-07
4.815065393117296911e-07
4.879639467763017824e-07
4.944663685339528016e-07
5.010105139169104844e-07
5.075944004175972294e-07
5.142173134632049454e-07
5.208776880156445070e-07
5.275732378679335330e-07
5.343009718450260500e-07
5.410721406423141309e-07
5.478855104696086542e-07
5.547275843325041225e-07
5.615865409032681366e-07
5.682450744637739852e-07
5.751225454270341467e-07
5.820154466459582483e-07
5.889173718307527633e-07
5.958207871603698004e-07
6.027265548047600124e-07
6.096037889155679008e-07
6.164778037227293764e-07
6.233468037220570243e-07
6.302081530853810799e-07
6.370579752480980956e-07
6.438910522420644752e-07
6.506988901887671887e-07
6.574605133581425440e-07
6.641864203436469882e-07
6.708695090434196933e-07
6.775062937960999390e-07
6.840930226660618538e-07
6.906251065756073994e-07
6.970969059199228435e-07
7.035010958377586459e-07
7.098444273900813044e-07
7.161126060306598415e-07
7.222895935417198127e-07
7.283657060869117125e-07
7.343373323691011776e-07
7.401855761293018081e-07
7.464673286968216416e-07
7.515913178431934347e-07
7.571328339615453536e-07
7.623194982288934934e-07
7.676950889214371102e-07
7.729476515168914784e-07
7.779076578977183729e-07
7.828189914593642948e-07
7.875031186614718104e-07
7.920218260807578953e-07
7.963684097002822417e-07
8.005360190111965102e-07
8.045010477035073142e-07
8.083010845905229620e-07
8.119056115995885071e-07
8.153030539599051816e-07
8.184814105961658100e-07
8.214360704617947000e-07
8.241650118122026435e-07
8.266650605545092226e-07
8.289306752183047546e-07
8.309516530664586553e-07
8.326975058349262398e-07
8.342181401008112583e-07
8.356254887262771939e-07
8.365924598550049321e-07
8.372111183781943839e-07
8.376679052819566018e-07
8.378446528883709386e-07
8.376940595025892085e-07
8.371878505043510286e-07
8.364708397056789753e-07
8.356449874384154873e-07
8.343785478774439788e-07
8.328132433334766222e-07
8.309255138983802621e-07
8.287398125230855153e-07
8.262494090316947062e-07
8.234526389771953014e-07
8.203498560902179201e-07
8.169409490865675710e-07
8.132264615325275596e-07
8.093371352819866415e-07
8.050196638801270406e-07
8.003823120469158779e-07
7.954331934035286782e-07
7.900376202765860570e-07
7.845078276685122641e-07
7.787246256167017358e-07
7.726194832060444402e-07
7.662339088639284368e-07
7.595741876956743662e-07
7.526466808151151909e-07
7.456271612737992299e-07
7.380140474533158259e-07
7.303227407037798012e-07
7.223920533517764173e-07
7.142483964565923540e-07
7.058512446283763124e-07
6.971738235050629688e-07
6.867994132928085139e-07
6.794717183315082813e-07
6.703126680582439592e-07
6.609895034565890225e-07
6.515153752376975668e-07
6.419028258806211135e-07
6.321638333528458133e-07
6.223100887307640369e-07
6.123537638160446100e-07
6.023364932682689559e-07
5.922257780365458063e-07
5.820115500083052303e-07
5.723223810255272307e-07
5.615386644675830537e-07
5.511254891296870246e-07
5.410022021255746801e-07
5.307442882158967242e-07
5.205087959510394511e-07
5.103064004256965632e-07
5.001377548867584045e-07
4.900563198168628216e-07
4.800256184803659672e-07
4.700692301302239431e-07
4.602232975782262703e-07
4.504687079408947372e-07
4.408247769164295755e-07
4.312948677035946069e-07
4.218887419118861442e-07
4.125836362107282582e-07
4.034351854760994007e-07
3.944545741689088093e-07
3.855862113064505583e-07
3.768627072093388199e-07
3.682879980875164646e-07
3.598632252200153191e-07
3.515851711066328119e-07
3.434690253695377652e-07
3.356082903126591471e-07
3.276164494805842608e-07
3.199259454052393435e-07
3.123642937437625657e-07
3.044328555300664029e-07
2.976453406742535308e-07
2.904829709793655580e-07
2.834554009128328104e-07
2.765341396953796203e-07
2.697188164031597331e-07
2.629950138877291491e-07
2.564078220350599030e-07
2.499140870363810130e-07
2.435153190863444338e-07
2.371939498120882059e-07
2.309858899755119061e-07
2.248669367202913583e-07
2.188206424087435270e-07
2.128622027588688698e-07
2.068973552144348017e-07
2.011933492501508679e-07
1.954815707883174488e-07
1.898502994524419030e-07
1.843129757936422432e-07
1.788764387357710342e-07
1.735199481667808978e-07
1.682574442857200338e-07
1.634656850032956314e-07
1.580357673184703079e-07
1.530779191687368114e-07
1.482259410267135044e-07
1.434903565912530755e-07
1.388613642949176407e-07
1.343684612532026397e-07
1.299950046192270972e-07
1.257770627866751415e-07
1.215978528723762463e-07
1.175835343734403420e-07
1.137015252748781316e-07
1.099474745683583241e-07
1.063130915956175738e-07
1.027957112402217599e-07
9.937014880275452819e-08
9.610974156273938001e-08
9.293895454387432441e-08
8.972492599373453764e-08
8.690932879157165140e-08
8.404059572588808942e-08
8.125459359799452856e-08
7.857940056181003434e-08
7.597940258179389458e-08
7.345868025834350054e-08
7.141983350347007410e-08
6.873839199559599352e-08
6.636269683509725291e-08
6.411072494108935400e-08
6.194639634442982604e-08
5.984735648636964108e-08
5.781245912690648553e-08
5.583267125545010744e-08
5.355699913354405232e-08
5.209761387014567730e-08
5.029993771010125378e-08
4.857545781642228823e-08
4.690610717293671272e-08
4.530595590469201296e-08
4.376141814423308605e-08
4.220427154160068395e-08
4.088782939944992866e-08
3.943946175649744492e-08
3.810714581877911271e-08
3.682612974674233363e-08
3.562054965362084550e-08
3.440872623901584899e-08
3.323613396377414486e-08
3.219360849823042863e-08
3.115231240634418441e-08
3.002130657369550738e-08
2.903320358083766432e-08
2.807910439201568516e-08
2.713107248116579708e-08
2.615574356558113093e-08
2.529496387268979424e-08
2.453483920018339192e-08
2.373640746402917504e-08
2.298857416640186393e-08
2.225687528292853766e-08
2.152683137654187316e-08
2.080816505440357601e-08
2.011388022620898495e-08
1.945871591303313665e-08
1.884535201916367115e-08
1.826395169659866652e-08
1.770259027281489432e-08
1.715152826324044150e-08
1.661177033328828037e-08
1.608791442620707767e-08
1.558315332167739842e-08
1.509820350688174329e-08
1.463163792677093486e-08
1.418215342123860848e-08
1.374978493556934367e-08
1.333350523742401326e-08
1.293160097805545732e-08
1.254165941631659223e-08
1.216263404494727255e-08
1.179531920014313525e-08
1.144065296107967309e-08
1.109918423873527971e-08
1.077011861283831418e-08
1.045208445249335183e-08
1.014379380898203844e-08
9.844767089295184396e-09
9.555080205785153257e-09
9.274721230795354321e-09
9.003382575777836372e-09
8.740694568846193292e-09
8.486207257884405757e-09
8.239511827079859600e-09
8.000384104639744253e-09
7.768593163438105043e-09
7.543814825737630573e-09
7.325690763455162613e-09
7.114027721583934517e-09
6.908633520093393986e-09
6.709272123507407374e-09
6.515750100266515934e-09
6.327873263924708583e-09
6.145388407013727610e-09
5.968066755109356346e-09
5.795774204507716022e-09
5.628358557253648683e-09
5.465625309958736373e-09
5.307422087837813432e-09
5.153620528898936079e-09
5.004050088306950804e-09
4.858550534130440385e-09
4.717022273158679634e-09
4.579350283969103248e-09
4.445389809835963748e-09
4.315032911751629884e-09
4.188192409564860783e-09
4.064748928656394029e-09
3.944586074457682102e-09
3.827629572292633941e-09
3.713791964105120672e-09
3.602962679538841929e-09
