# cl_euclidlkern_delens
1.195173992348827547e-07
1.276928286777645454e-07
1.366627714307063282e-07
1.464848834233334386e-07
1.571874151463828177e-07
1.688945327356472157e-07
1.815976542666490669e-07
1.952986507792694197e-07
2.101008929362223288e-07
2.259708378867836972e-07
2.430663439039474610e-07
2.610922691035590846e-07
2.800598627481879181e-07
3.002149913480946076e-07
3.211861020120942815e-07
3.429842726518283845e-07
3.655377138945610166e-07
3.882713842341685711e-07
4.109668927190775383e-07
4.335731561120435040e-07
4.556028285734861102e-07
4.766230135700791800e-07
4.962911061654373344e-07
5.138132042819549231e-07
5.288242374510252025e-07
5.408997856614841801e-07
5.493452291485257816e-07
5.537169266935229202e-07
5.533029587884772366e-07
5.485909799058530545e-07
5.386478386762458148e-07
5.235182750883551265e-07
5.036931472631081929e-07
4.794738311433272573e-07
4.515127486475156206e-07
4.207326470192102865e-07
3.884668117962375027e-07
3.548798936485624283e-07
3.218972418083314704e-07
2.903368429553475206e-07
2.605422232141105991e-07
2.329658399238008086e-07
2.073295323289284507e-07
1.836617999416920084e-07
1.615552948220906336e-07
1.408682935494948288e-07
1.216189821547242390e-07
1.034058688536264674e-07
8.851478101186255928e-08
7.504593187591891180e-08
6.350715667323286170e-08
5.387951277329514255e-08
4.550888150334239964e-08
3.831514484423651651e-08
3.222304186084251574e-08
2.714280578717972081e-08
2.297653648732896021e-08
1.929234813199504013e-08
1.641615570817595365e-08
1.389866448544259217e-08
1.186264201071140671e-08
1.014034465497102791e-08
8.691166011297326596e-09
7.475745249138211074e-09
6.444280225245299657e-09
5.565313361169779965e-09
4.811737928695012417e-09
4.161722312519618749e-09
3.597975817119242196e-09
3.106837211655819726e-09
