# cl_euclidlsst_delens
5.408786230592193997e-07
5.478690592208488818e-07
5.549075200777716411e-07
5.621677724424711406e-07
5.695621835789750282e-07
5.770912284584609194e-07
5.847552019113556883e-07
5.925542565177852342e-07
6.004895362946533909e-07
6.085633532971943520e-07
6.167779869814692996e-07
6.251357472226297217e-07
6.336390532919209658e-07
6.422967376463402394e-07
6.510988037803562069e-07
6.600451749185212586e-07
6.691348646525791955e-07
6.783675888673133423e-07
6.877461261331016226e-07
6.972744215516500519e-07
7.069567865225358031e-07
7.167975471972131543e-07
7.268003880256231713e-07
7.369673635643747481e-07
7.473001977656017422e-07
7.578007737628476341e-07
7.684699720259970850e-07
7.793056997135271316e-07
7.902911271549627486e-07
8.014322419124897742e-07
8.127343858821493159e-07
8.242345858290050936e-07
8.358088122841676918e-07
8.475541118682563365e-07
8.594832318565738586e-07
8.716908298872273425e-07
8.839826462330764363e-07
8.964481214375769792e-07
9.090825508853426829e-07
9.218796918528350546e-07
9.348316740104043685e-07
9.478908857043268816e-07
9.611549367542733228e-07
9.745783532378693941e-07
9.881607144154117695e-07
1.001901612319964382e-06
1.015800095039403236e-06
1.029879450956838988e-06
1.044124748297569742e-06
1.058503985214399350e-06
1.073006551083741575e-06
1.087629042086187162e-06
1.102394136769803800e-06
1.117339818914967848e-06
1.132422775353825865e-06
1.147637314718000047e-06
1.162977603210838454e-06
1.178441702034371422e-06
1.194031122440204239e-06
1.209744176225944966e-06
1.225575143786624361e-06
1.241514561507580132e-06
1.257551552370700210e-06
1.273740886490263789e-06
1.289987727716611459e-06
1.306316964099131031e-06
1.322726180641895278e-06
1.339213707721587460e-06
1.355799047072900567e-06
1.372439532099108383e-06
1.389120558152268572e-06
1.405881138095366737e-06
1.422685328816908309e-06
1.439536531558228806e-06
1.456397576439749688e-06
1.473323542695669216e-06
1.490297710090439510e-06
1.507055146681846135e-06
1.523946040748929452e-06
1.540828847621866245e-06
1.557409792700091638e-06
1.574272530231997236e-06
1.591244708682819178e-06
1.607911184533845278e-06
1.624495484497215326e-06
1.640998628047788477e-06
1.657418510759855280e-06
1.673750768863619648e-06
1.689988053057978015e-06
1.706205998130581370e-06
1.722167487314624576e-06
1.737978901156798014e-06
1.753624286604664884e-06
1.769085092538018234e-06
1.784344100862591988e-06
1.799392259111431059e-06
1.814219809353475423e-06
1.828814317620998306e-06
1.843159779264702548e-06
1.857234665206403344e-06
1.871023601140981349e-06
1.884511325031882976e-06
1.897809564363597606e-06
1.910644456998298082e-06
1.923006785388938468e-06
1.935138743879045653e-06
1.946892151628669924e-06
1.958155997452630363e-06
1.969116232526416507e-06
1.979658255824847622e-06
1.989277314432417341e-06
1.999413926636636510e-06
2.008563598637694269e-06
2.017226551891938611e-06
2.025385870671077000e-06
2.033023999038190363e-06
2.040128599897120803e-06
2.046670392065790732e-06
2.052644303848108607e-06
2.058037649637040899e-06
2.062879439239672456e-06
2.067109041403572819e-06
2.070690243108658872e-06
2.073615699474734674e-06
2.075886958351881857e-06
2.077502365950255788e-06
2.078363513819722456e-06
2.078623052324783846e-06
2.078221181161994555e-06
2.077091865435029784e-06
2.075697878751611314e-06
2.072691678208996657e-06
2.069407660945845993e-06
2.065392704773960218e-06
2.060642675612900041e-06
2.055177473107714800e-06
2.048940898436254477e-06
2.041231959616892859e-06
2.034140406840601392e-06
2.025738375319904771e-06
2.016515958280559926e-06
2.006550017351890772e-06
1.995843618995831283e-06
1.984403045491151567e-06
1.972233620411406366e-06
1.959343778177810229e-06
1.945742402587729622e-06
1.931440682166340146e-06
1.916456798505289433e-06
1.901275332007706726e-06
1.884923843738971592e-06
1.867431829920517560e-06
1.849687239629227138e-06
1.831563431907720928e-06
1.812726123534940718e-06
1.793314802142313140e-06
1.773349419294231338e-06
1.752832857651839969e-06
1.731834421703105016e-06
1.710357891177035177e-06
1.688422852132246933e-06
1.666051461401893018e-06
1.643278903913282173e-06
1.620136819021018913e-06
1.596689994866932945e-06
1.572862160316423098e-06
1.548783331401346751e-06
1.524456213728490535e-06
1.499915444804060786e-06
1.475216121013577946e-06
1.450343464943975466e-06
1.425351685371074453e-06
1.400275787758791285e-06
1.375146956574660872e-06
1.349994188617303085e-06
1.324961794815751091e-06
1.299748776234673795e-06
1.274700731611973314e-06
1.251612343307597895e-06
1.224950986559674264e-06
1.200283571949676170e-06
1.175794286316283431e-06
1.151506824352774068e-06
1.127449818182034450e-06
1.103623447207249628e-06
1.080009453335616816e-06
1.056749798439550375e-06
1.033751963961738443e-06
1.011060440945801022e-06
9.886840258588477058e-07
9.666211393406024418e-07
9.449144648019538561e-07
9.235479364897502797e-07
9.025137855450223624e-07
8.820369905426587671e-07
8.614066244018557415e-07
8.415154867789102872e-07
8.218675802424978529e-07
8.025635365441526234e-07
7.836156920185332545e-07
7.649880558527151173e-07
7.466866288511778716e-07
7.287059140662290491e-07
7.110465597687121147e-07
6.936590316770576391e-07
6.765781972086314264e-07
6.597775221018514835e-07
6.432557173438622683e-07
6.269907130271021662e-07
6.110020539949497694e-07
5.952600920943244383e-07
5.798087046473539948e-07
5.644763810775263157e-07
5.494031113799132741e-07
5.346329701488676195e-07
5.200589942908623424e-07
5.057038178261290851e-07
4.915674030696778863e-07
4.776361571151440343e-07
4.639727566829765718e-07
4.505226225333711103e-07
4.373032131999073328e-07
4.243182911720377104e-07
4.115736259494190536e-07
3.990789115964785015e-07
3.868021764776961964e-07
3.748607126795341919e-07
3.631460838529181303e-07
3.517040623177312407e-07
3.405375615685945273e-07
3.296551611142782685e-07
3.190746024173900189e-07
3.087520703728173166e-07
2.987351262187304182e-07
2.858648462275580446e-07
2.795778286223200052e-07
2.704352054262765323e-07
2.616031643239185307e-07
2.531622501414303958e-07
2.447108526788335841e-07
2.366865115816370175e-07
2.289250947587743810e-07
2.214226373974503750e-07
2.141713586557956924e-07
2.071409610742638048e-07
2.002614610372380040e-07
1.937690145536988109e-07
1.874147773124246609e-07
1.812611949364942245e-07
1.752946833439272699e-07
1.695095813758647055e-07
1.639043214943134821e-07
1.584776541907917761e-07
1.532229401829035457e-07
1.481283423808550615e-07
1.441067432902948690e-07
1.387004123617963362e-07
1.338387312229707711e-07
1.292953432570128191e-07
1.249628529869540530e-07
1.207745974540704229e-07
1.167274171534588790e-07
1.128176239374426306e-07
1.081650862229242987e-07
1.054059576003425428e-07
1.018965012078917487e-07
9.851198739400760080e-08
9.524887294851182910e-08
9.210478640686046523e-08
8.907064374844456502e-08
8.598881454986112914e-08
8.348512409044609467e-08
8.061004161127900326e-08
7.798389671693703642e-08
7.546660104958698155e-08
7.311009125435020008e-08
7.071172943389952374e-08
6.838831341108663622e-08
6.629283594493263855e-08
6.424888428579719934e-08
6.219507675612565878e-08
6.008845367545458247e-08
5.821369042412404255e-08
5.634640415487973966e-08
5.443052984691320945e-08
5.272117351755669686e-08
5.121898100325833803e-08
4.963792331358538398e-08
4.813664694074535968e-08
4.668787304755611239e-08
4.524598502323959181e-08
4.382797466651783049e-08
4.245616604325690037e-08
4.115319209279660153e-08
3.992131803175674027e-08
3.874690213532589258e-08
3.761343176837345342e-08
3.650689883915880110e-08
3.542681440823446777e-08
3.437666660708048107e-08
3.335943531110641769e-08
3.237711530760579805e-08
3.142918631199005698e-08
3.051499923112394641e-08
2.963356821994394713e-08
2.878233909831955593e-08
2.795803453096432239e-08
2.715687162628278221e-08
2.637759139531531733e-08
2.562108091705903105e-08
2.488831503837398601e-08
2.417967639245275599e-08
2.349403693660944425e-08
2.282956269357505113e-08
2.218434518318291474e-08
2.155740913140117112e-08
2.094853479033306290e-08
2.035735829303633201e-08
1.978332709464896787e-08
1.922592205916462389e-08
1.868448259531137359e-08
1.815828674271756223e-08
1.764683003532653596e-08
1.714967515420831732e-08
1.666623129146815915e-08
1.619589771881624835e-08
1.573833633300771065e-08
1.529318955672201714e-08
1.486000562686550828e-08
1.443842861271971605e-08
1.402813604408693195e-08
1.362869657515515886e-08
1.323969888264139621e-08
1.286089661917003009e-08
1.249200971855491356e-08
1.213267967190625706e-08
1.178263582004014944e-08
1.144165730768902175e-08
1.110944314494515079e-08
1.078569949572901331e-08
1.047024961485377220e-08
1.016288986316908117e-08
9.863357911526025955e-09
9.571459452958391797e-09
9.287041390870150168e-09
9.009888747515180263e-09
8.739785547526916390e-09
8.476597402739070737e-09
8.220164401201937716e-09
7.970279072053594673e-09
