# cl_kcib_delens
1.547120546484057231e-02
1.569176488089285559e-02
1.591700218453685062e-02
1.614700794705021397e-02
1.638187392251812258e-02
1.662169249173533689e-02
1.686655785160246640e-02
1.711656654726102442e-02
1.737181256128154244e-02
1.763239518707471892e-02
1.789841184082204689e-02
1.816997404189860110e-02
1.844717012014224222e-02
1.873010866662750892e-02
1.901889339853752095e-02
1.931363074939458982e-02
1.961442750246108688e-02
1.992139237043995259e-02
2.023463307316991991e-02
2.055426289496884232e-02
2.088039238576865422e-02
2.121313413143709886e-02
2.155260694731126608e-02
2.189891112529121844e-02
2.225217782243714068e-02
2.261251880236810063e-02
2.298005237410678456e-02
2.335489751662637656e-02
2.373717395953803613e-02
2.412700019263488982e-02
2.452450446008798413e-02
2.492979763822784564e-02
2.534301259915267349e-02
2.576426761934719895e-02
2.619368400402450128e-02
2.663139179945527013e-02
2.707751177225468583e-02
2.753216973635511794e-02
2.799549068336373153e-02
2.846759846308511560e-02
2.894861917362511611e-02
2.943867771160616625e-02
2.993789611625700606e-02
3.044640378376813755e-02
3.096432032481919588e-02
3.149177115069006633e-02
3.202890422603798387e-02
3.257575268052213119e-02
3.313254230428480662e-02
3.369934367571077866e-02
3.427628005670239897e-02
3.486347108855024357e-02
3.546103044953444194e-02
3.606907276817010455e-02
3.668771056934761604e-02
3.731704519974556045e-02
3.795720018823812991e-02
3.860826821732937786e-02
3.927035328627824506e-02
3.994355460411146835e-02
4.062796822531286600e-02
4.132368821883240784e-02
4.203079929670823500e-02
4.274939307289046114e-02
4.347953977569625483e-02
4.422132613649245453e-02
4.497481926866737229e-02
4.574009001167429062e-02
4.651718989932573933e-02
4.730618269115519081e-02
4.810711915264339472e-02
4.892004075641977895e-02
4.974498550957917598e-02
5.058198421275032775e-02
5.143106082424576259e-02
5.229223073314235443e-02
5.316550139387547086e-02
5.405087416352891139e-02
5.494833790682975005e-02
5.585787839485217149e-02
5.677946922054439433e-02
5.771306227287048563e-02
5.865862343068079660e-02
5.961609132522307369e-02
6.058539613348185027e-02
6.156645768001853952e-02
6.255918753456085613e-02
6.356348328076887044e-02
6.457921335023029952e-02
6.560625811872146385e-02
6.664448436728870329e-02
6.769371789635231229e-02
6.875379313563594053e-02
6.982452144664626215e-02
7.090569895491839747e-02
7.199710811648019071e-02
7.309851195316728611e-02
7.420965995694570050e-02
7.533028015947544620e-02
7.646008575338100743e-02
7.759877580096241623e-02
7.874601739226910757e-02
7.990147413391913978e-02
8.106477524815457192e-02
8.223553724588930636e-02
8.341336169072434414e-02
8.459781670523436325e-02
8.578846478456503277e-02
8.698482521504610765e-02
8.818641459130692473e-02
8.939271688991994036e-02
9.060320010544146985e-02
9.181729498175353332e-02
9.303442108652361375e-02
9.425397394357694358e-02
9.547530804586572273e-02
9.669778283416377573e-02
9.792070361535021306e-02
9.914337959814847889e-02
1.003650425820487024e-01
1.015849686736440549e-01
1.028023563604850005e-01
1.040163999505345771e-01
1.052262662930212173e-01
1.064310835134635314e-01
1.076299723055271218e-01
1.088220111631278547e-01
1.100062677668681987e-01
1.111817656306877261e-01
1.123475183617851786e-01
1.135025205277087196e-01
1.146456879890632163e-01
1.157759913109856487e-01
1.168923267812318756e-01
1.179935698858426141e-01
1.190785792872337129e-01
1.201461859121615711e-01
1.211951983709204650e-01
1.222243955882683364e-01
1.232325546946456268e-01
1.242183984923377615e-01
1.251806852420633276e-01
1.261181011414463926e-01
1.270293578019938419e-01
1.279131333887010002e-01
1.287681059166513875e-01
1.295929487017974668e-01
1.303863185938741454e-01
1.311468754124372471e-01
1.318732770600829496e-01
1.325641772451555400e-01
1.332182312782674571e-01
1.338341100568646858e-01
1.344104686716771357e-01
1.349460017157681213e-01
1.354393915651902203e-01
1.358893528652272420e-01
1.362946061007432319e-01
1.366539159709289075e-01
1.369660636590113723e-01
1.372298495514210070e-01
1.374441229107634388e-01
1.376078101720703828e-01
1.377197877808535864e-01
1.377790678958706883e-01
1.377846728248827146e-01
1.377356957085290323e-01
1.376312865622402737e-01
1.374706648530276132e-01
1.372531289801617038e-01
1.369780148430105871e-01
1.366448111506538277e-01
1.362530085141818170e-01
1.358022616709127495e-01
1.352922847477698309e-01
1.347228619526750215e-01
1.340939588130942439e-01
1.334055730109307836e-01
1.326578430562378730e-01
1.318510257396166008e-01
1.309854979547139808e-01
1.300617548431780013e-01
1.290803966697117167e-01
1.280421896618523514e-01
1.269479847250768734e-01
1.257988157600464507e-01
1.245958243993121883e-01
1.233403064244450870e-01
1.220336886952594901e-01
1.206775822221112099e-01
1.192737218387163040e-01
1.178240450192670624e-01
1.163306321669687338e-01
1.147957881712479422e-01
1.132219751048909873e-01
1.116118168823607287e-01
1.099681522894658675e-01
1.082938989852500755e-01
1.065921594887567353e-01
1.048660606583824706e-01
1.031188402735854076e-01
1.013922968014165371e-01
9.957403121666533186e-02
9.778299094419545812e-02
9.598387845411528174e-02
9.417992041271804060e-02
9.237428972716824060e-02
9.057010184135806663e-02
8.877037069204332664e-02
8.697802563822755462e-02
8.519587023542365967e-02
8.342660510297400522e-02
8.167280140589157356e-02
7.993692033893595728e-02
7.822128079968232450e-02
7.652805958089552163e-02
7.485927649705395592e-02
7.321674502115871341e-02
7.160206667758876875e-02
7.001661445478843393e-02
6.846147112930840717e-02
6.693745003141142458e-02
6.544507134696128658e-02
6.398454129485189879e-02
6.255578011230386593e-02
6.115841127265358307e-02
5.979178435063788044e-02
5.845498612762144858e-02
5.714687870325249608e-02
5.586611129817998372e-02
5.461115526293811029e-02
5.338032472652517318e-02
5.217183285772290097e-02
5.098377389722781594e-02
4.981421273378096315e-02
4.866118408166303366e-02
4.752274842766562868e-02
4.639701638482972290e-02
4.528222584240015891e-02
4.417674189102840238e-02
4.307913597153359420e-02
4.198820890628057745e-02
4.090302818956880609e-02
3.982296744134667527e-02
3.874771116417401878e-02
3.767728366145339791e-02
3.661204109799895412e-02
3.555267611182328508e-02
3.450020217460859212e-02
3.345593756110120526e-02
3.242146967390651530e-02
3.139862369619245142e-02
3.038941986490291750e-02
2.939599193719649381e-02
2.842057892931261834e-02
2.746539596802425459e-02
2.653259474376793228e-02
2.562417346967348422e-02
2.474191367207889333e-02
2.388731332197303533e-02
2.306152549445254080e-02
2.226532209844030163e-02
2.149905594968725547e-02
2.076265380913599329e-02
2.005560758766412530e-02
1.937699351819915580e-02
1.872553380172894966e-02
1.809960182134454434e-02
1.749734729147653378e-02
1.691675167608694061e-02
1.635573017505394591e-02
1.581222750759746568e-02
1.528430087721528371e-02
1.477021622962055095e-02
1.426851665173011277e-02
1.377807740631821487e-02
1.329814376981773745e-02
1.282833645843402433e-02
1.236863748537259111e-02
1.191934517315826510e-02
1.148100943636024864e-02
1.105434969429880745e-02
1.064016213671182577e-02
1.023922352260201243e-02
9.852205631857161375e-03
9.479595997435032520e-03
9.121643087317410706e-03
8.778313603650913372e-03
8.449312062158053499e-03
8.134076806940475010e-03
7.831830394328168771e-03
7.541672304596146181e-03
7.262620839338978541e-03
6.993725611058138232e-03
6.734125363211876901e-03
6.483109831403459887e-03
6.240159780939727278e-03
6.004939878100673707e-03
5.777295447020901198e-03
5.557212106221428964e-03
5.344754434962320673e-03
5.140010912737367869e-03
4.943039331010677835e-03
4.753814089565076145e-03
4.572209817702545254e-03
4.397995830177843166e-03
4.230843145806186326e-03
4.070371537688362296e-03
3.916177504722999358e-03
3.767881569461648678e-03
3.625155157451174191e-03
3.487737149423082716e-03
3.355435747592059800e-03
3.228112725005656200e-03
3.105660546735453890e-03
2.987979133088007177e-03
2.874952128464457884e-03
2.766438728840416375e-03
2.662268272102225053e-03
2.562252575636464816e-03
2.466196953399979117e-03
2.373914625310554177e-03
2.285237518973405775e-03
2.200019376171766586e-03
2.118132889886310908e-03
2.039462538894587507e-03
1.963897448197809200e-03
1.891325077009811846e-03
1.821629169656498442e-03
1.754691181864753138e-03
1.690393797013421727e-03
1.628624401645604319e-03
1.569277491677545031e-03
1.512255517055406629e-03
1.457466998188401870e-03
1.404823918037774412e-03
1.354240446311797243e-03
1.305632165575666172e-03
1.258916641352400339e-03
1.214014505161000292e-03
1.170850660500260577e-03
1.129353960996117576e-03
1.089456215837341204e-03
1.051092026333985989e-03
1.014197962711719690e-03
9.787127223784457611e-04
9.445774141274647893e-04
9.117360029075143035e-04
8.801350425836405953e-04
8.497235212077403066e-04
