# cl_kdes_weak_delens
4.624483809177303817e-08
4.833421778315511650e-08
5.052710719385844948e-08
5.284433110749840341e-08
5.591627594853035185e-08
5.777770694884083013e-08
6.036157634866829339e-08
6.304962481365301797e-08
6.576668564968483668e-08
6.852027995478333388e-08
7.137141216669618654e-08
7.404277226486850306e-08
7.680873304352455707e-08
7.933028473728829557e-08
8.186773033631300455e-08
8.420996394572709126e-08
8.635314340245897812e-08
8.815266587406289130e-08
8.980816671728735128e-08
9.110324604409080213e-08
9.199737176960042022e-08
9.247071943481542438e-08
9.246261397232249854e-08
9.182434174502735855e-08
9.093303409170039763e-08
8.941164780200317709e-08
8.727178177540555348e-08
8.471876716775198434e-08
8.151759793453390878e-08
7.803242632221657780e-08
7.399653375745709301e-08
6.962868032217467073e-08
6.507654001747236397e-08
6.033119507698604902e-08
5.501825675086492818e-08
5.065151698146452766e-08
4.606464214841251481e-08
4.136139715942333977e-08
3.710403133933230343e-08
3.300745763220033400e-08
2.923766337911225559e-08
2.586974571712874265e-08
2.260582959378604984e-08
1.983279560723809903e-08
1.702455590790626935e-08
1.485826069303597816e-08
1.285647980276690776e-08
1.090594932522000621e-08
9.376663745908625433e-09
8.049722614593433241e-09
6.845799848253892482e-09
5.792108735195015293e-09
4.952202731311574149e-09
4.180470878548954735e-09
3.582231721482549355e-09
3.042293415030485182e-09
2.609436175904507170e-09
2.224216867245940938e-09
1.912883390133271329e-09
1.640155402455310733e-09
1.412200881199243903e-09
1.216352838579311382e-09
1.048251540497178364e-09
9.040048907800282658e-10
7.793528412897170958e-10
6.713589739572431225e-10
5.775401992987556865e-10
4.958666578450681268e-10
4.246717658849622253e-10
3.626073821150875027e-10
