# cl_keuclid_delens
1.160139008895855700e-07
1.175576157971048211e-07
1.191321308457809062e-07
1.207378474569732227e-07
1.223749708061725867e-07
1.240435720839424786e-07
1.257436532199483600e-07
1.274752013538253650e-07
1.292384897152126600e-07
1.310340035093414169e-07
1.328624727220647043e-07
1.347247131238895021e-07
1.366215714802673863e-07
1.385471157670176325e-07
1.405146111963230760e-07
1.425179573187747970e-07
1.445577233268448590e-07
1.466344470159293495e-07
1.487486268609418873e-07
1.509004763503090712e-07
1.530901491157171026e-07
1.553181074900660847e-07
1.575849211671976028e-07
1.598912538365247923e-07
1.622379409807842347e-07
1.646252694295225227e-07
1.670526495554334950e-07
1.695192967365310795e-07
1.720244000366275054e-07
1.745672920933668316e-07
1.771483660126651510e-07
1.797182733723386960e-07
1.823875842979410911e-07
1.850970922268759445e-07
1.878473049975825903e-07
1.906390452733905726e-07
1.934733411573950742e-07
1.963513897135472688e-07
1.992741718807210885e-07
2.022422902960768580e-07
2.052560313760940388e-07
2.083144623326455384e-07
2.114163840957828913e-07
2.145609781043614315e-07
2.177475440129739894e-07
2.209762229915357531e-07
2.242476069961602287e-07
2.275479527417298163e-07
2.310324637245248904e-07
2.344593462362491950e-07
2.379320760843094248e-07
2.414486677444560034e-07
2.450069472425312990e-07
2.484124176707041052e-07
2.520314198351233199e-07
2.556903139845531460e-07
2.593902764203568197e-07
2.631340145698970052e-07
2.669247840666569404e-07
2.707901505832756420e-07
2.746668919279943238e-07
2.785825138075959477e-07
2.825349041900479661e-07
2.865231663836592299e-07
2.905483873938326703e-07
2.946124642087346008e-07
2.987155463572051829e-07
3.028559308915115007e-07
3.070310233802814459e-07
3.112388796444722538e-07
3.154790058611801515e-07
3.197515107961193447e-07
3.240551529638832544e-07
3.283874035209573907e-07
3.327456096801256526e-07
3.371273695977297504e-07
3.415316927361886392e-07
3.459582840702242504e-07
3.504070503355800724e-07
3.548768439922517647e-07
3.594317891221072251e-07
3.639399277496691189e-07
3.684538491093377987e-07
3.729729831866614499e-07
3.774089823514855353e-07
3.819568874922204780e-07
3.865088756987000413e-07
3.910666456852261225e-07
3.956166337665589479e-07
4.001597516502237844e-07
4.047030773587568433e-07
4.092459727778350025e-07
4.137837430470831358e-07
4.183098918226058603e-07
4.228174187518462180e-07
4.272861112600309995e-07
4.317445194792910071e-07
4.361800236511774459e-07
4.405880509870891275e-07
4.449637727254453448e-07
4.493029818707946505e-07
4.536030668075240383e-07
4.578681286660130020e-07
4.620946868651298413e-07
4.662671262433556455e-07
4.703799242561841583e-07
4.744301310865129733e-07
4.783976562978740810e-07
4.823192257780629601e-07
4.861771998695838035e-07
4.902983536760071989e-07
4.934826805717448866e-07
4.971711298793589706e-07
5.007783068793602881e-07
5.042936740381181877e-07
5.076006175725320491e-07
5.108421669917189952e-07
5.140931835479932842e-07
5.171475729477270351e-07
5.200698093057816133e-07
5.229058169784516226e-07
5.256199996352036795e-07
5.282062584879899957e-07
5.306629438091712067e-07
5.329900439140473425e-07
5.351827886390116152e-07
5.372327857859335406e-07
5.391313609572855029e-07
5.408730315267391729e-07
5.424565842393972904e-07
5.438646688068122693e-07
5.451370853215748246e-07
5.463548787705149341e-07
5.472826059219626871e-07
5.479527030156571305e-07
5.485433649368502968e-07
5.489545448473111129e-07
5.491520223290361886e-07
5.491412275696324197e-07
5.489422836042407076e-07
5.485395693993111162e-07
5.482041255870627929e-07
5.475037599520321336e-07
5.467339661563907236e-07
5.454526345219739189e-07
5.441345467396745545e-07
5.426179731311594289e-07
5.409033420250763370e-07
5.389898569345041253e-07
5.368762593201999037e-07
5.345606614663958813e-07
5.321144860589298677e-07
5.294158374175452338e-07
5.265094337827304168e-07
5.232622068145976703e-07
5.199467192166939542e-07
5.164421572282216723e-07
5.127761913499174797e-07
5.088949875895275571e-07
5.048313202142971374e-07
5.005890552229646128e-07
4.963333775479563794e-07
4.915847033931763612e-07
4.868306814699773502e-07
4.819145773936806234e-07
4.768535157676363972e-07
4.716212472289874769e-07
4.661943654061492535e-07
4.596657373303880933e-07
4.551136201459635293e-07
4.493578629194436979e-07
4.434895073477721615e-07
4.375166255526980531e-07
4.314463002125992749e-07
4.252860343991830484e-07
4.190431188096047386e-07
4.127257181171838274e-07
4.063699497622904563e-07
3.999359865541596235e-07
3.934441969055578239e-07
3.872620848923376467e-07
3.803455133886969776e-07
3.736770382896127908e-07
3.671996065602433733e-07
3.606191335311625432e-07
3.540444551600532015e-07
3.474655602909711844e-07
3.409328694067345284e-07
3.344308694388252045e-07
3.279658814615445259e-07
3.215106780360812174e-07
3.151385067307857040e-07
3.088106850065632551e-07
3.025430663457330270e-07
2.963372026221576973e-07
2.902086589049036196e-07
2.841310008588280580e-07
2.781392306542058841e-07
2.722337831068305032e-07
2.664280354849770285e-07
2.606859646493802021e-07
2.550283372286928381e-07
2.494553630846842093e-07
2.439690626081252587e-07
2.385801919720708004e-07
2.333551581070076093e-07
2.280076761213905964e-07
2.237830533300468576e-07
2.177873129859198115e-07
2.124471826862198461e-07
2.078762996833425075e-07
2.030313403842655517e-07
1.982635023697805723e-07
1.935643531261369258e-07
1.889286845616453416e-07
1.843376992658132980e-07
1.798307755504874223e-07
1.753776578108411587e-07
1.709846652584597635e-07
1.666406584658587705e-07
1.623626699717865271e-07
1.582328744830849964e-07
1.536523938586272678e-07
1.498515666027295322e-07
1.457212812740136483e-07
1.417835423955086150e-07
1.378294709803839850e-07
1.339358682389688394e-07
1.301030433760253025e-07
1.263373055000163035e-07
1.226315443549057422e-07
1.189978800431387852e-07
1.154414978724845113e-07
1.119277640853915609e-07
1.084989398830647905e-07
1.045032327962701575e-07
1.018852925294961003e-07
9.869891989405194457e-08
9.559343356980156184e-08
9.259078058174620634e-08
8.966748494611469269e-08
8.669122689263297036e-08
8.402439678958028304e-08
8.133740242675238908e-08
7.873521026350577322e-08
7.621940410723990217e-08
7.376015346043799711e-08
7.141586521050782662e-08
6.914940240913598013e-08
6.693586586103719240e-08
6.467900882000099808e-08
6.271947683803428117e-08
6.072205278144023394e-08
5.876084382748973868e-08
5.687844214395554244e-08
5.504508634939006130e-08
5.345396938962303601e-08
5.163936085615720501e-08
4.987298701418309534e-08
4.824188894607946793e-08
4.665811455852428407e-08
4.512450075873050515e-08
4.363564681163833958e-08
4.218916747087191362e-08
4.055988480573536289e-08
3.944104450910457672e-08
3.814351270995402925e-08
3.688738140697508191e-08
3.566289044279185097e-08
3.447434907701726178e-08
3.332777415363293658e-08
3.220548026923848521e-08
3.123919316677431346e-08
3.016307001735105896e-08
2.917902650918766011e-08
2.822431504224725681e-08
2.733045459346016106e-08
2.643303654846574880e-08
2.553759406124721838e-08
2.475654428373458175e-08
2.399805586028555383e-08
2.316126195364240184e-08
2.242433596173172383e-08
2.171789075350379189e-08
2.099212522759921913e-08
2.029969992099387547e-08
1.965750827336270325e-08
1.905709705112922910e-08
1.848521274218646574e-08
1.792427068234918416e-08
1.736852512788224083e-08
1.682105949617068943e-08
1.628651967074311104e-08
1.577254560118355890e-08
1.528076222868918454e-08
1.481205781542920553e-08
1.436630308092246229e-08
1.393904474543865328e-08
1.352556966435969739e-08
1.311990619415653566e-08
1.272089009503361911e-08
1.233261809896906099e-08
1.196000146021100255e-08
1.160614486670790738e-08
1.126841439707351619e-08
1.094202671795354480e-08
1.062270908568607805e-08
1.030980944286367858e-08
1.000565495668380836e-08
9.712799790604369482e-09
9.431999380180508830e-09
9.161890769203995831e-09
8.900351946423518339e-09
8.645690589588822677e-09
8.397619124383260681e-09
8.156756151007068283e-09
7.923722985727317551e-09
7.698503947783675280e-09
7.480588992317382016e-09
7.269263201403596425e-09
