# cl_klsst_delens
2.067450089973197981e-07
2.089184505047078734e-07
2.111248122640212674e-07
2.133634487854184869e-07
2.156336186849250301e-07
2.179350186279197759e-07
2.202675369330520896e-07
2.226312792169727402e-07
2.250269400022659865e-07
2.274553392983840909e-07
2.299171015914426637e-07
2.324125710976160575e-07
2.349834080557979032e-07
2.375537129018696469e-07
2.401571691010338802e-07
2.427922110565976221e-07
2.453915788649438915e-07
2.480880779585616224e-07
2.508189297513444274e-07
2.535837188403902094e-07
2.563824011559480279e-07
2.592147965337876530e-07
2.620804739500339504e-07
2.649797222583803382e-07
2.679130013882637054e-07
2.708799657322991380e-07
2.738795558892170824e-07
2.769102571799654261e-07
2.799448055332707318e-07
2.830511325300526384e-07
2.861849934328524103e-07
2.893453196523908048e-07
2.925323679416851168e-07
2.957472707272272122e-07
2.989912821933564966e-07
3.022548720296571526e-07
3.055582625312539158e-07
3.088894618101683913e-07
3.122489079424802850e-07
3.156365945180057705e-07
3.194376114262801004e-07
3.224941240752930256e-07
3.259611601733013671e-07
3.294522558589787616e-07
3.329675180801774845e-07
3.365073918226860431e-07
3.400729193070556385e-07
3.436647949807567595e-07
3.472818340812902342e-07
3.509220709786859148e-07
3.545818490261669916e-07
3.582478584266884339e-07
3.619486808319504780e-07
3.656527382015446353e-07
3.693697860307059463e-07
3.730470174183272858e-07
3.768311974953123837e-07
3.805160235190608850e-07
3.843757566470913117e-07
3.881464155785110723e-07
3.919222529929290733e-07
3.957009776239800820e-07
3.995708799069646405e-07
4.033842952339113435e-07
4.071924061579405440e-07
4.110038281141325317e-07
4.148046091147307438e-07
4.186029530281759368e-07
4.223999183481832071e-07
4.261955146204599693e-07
4.299867020477053209e-07
4.337081779002979674e-07
4.374579163114387798e-07
4.413120075583721659e-07
4.450529786614619329e-07
4.487971866632488784e-07
4.526096208344035527e-07
4.561449766167830331e-07
4.598112715434115959e-07
4.634181323428735405e-07
4.670354004182959131e-07
4.706215940136190987e-07
4.741734800275570931e-07
4.776884644226561773e-07
4.816824726456063185e-07
4.842741504639346631e-07
4.878625686990522419e-07
4.911694952823830413e-07
4.944469616365226790e-07
4.977359232345064609e-07
5.009608963795751323e-07
5.041242552842159433e-07
5.072196778762187426e-07
5.102449251621028558e-07
5.132054687087266008e-07
5.161054541018641895e-07
5.189435501426981849e-07
5.217152814760228519e-07
5.244130587121831290e-07
5.270348055093222229e-07
5.295788369398773611e-07
5.319767643926873766e-07
5.341786179240190791e-07
5.371247470598056042e-07
5.390042978995213214e-07
5.410832388286238161e-07
5.430173696260284323e-07
5.448899846656153767e-07
5.466627706188868884e-07
5.483332652368869241e-07
5.499040137317611527e-07
5.511577580322620954e-07
5.524766726916229213e-07
5.537758754437032192e-07
5.551648711607325920e-07
5.582279644012826158e-07
5.574242355508885050e-07
5.581848342623094263e-07
5.587661399903648352e-07
5.592107438047767876e-07
5.595485749713364283e-07
5.597985056158238692e-07
5.600208763262160612e-07
5.599995443769454098e-07
5.598777593514187547e-07
5.594605320107510508e-07
5.590210958419695305e-07
5.584425612655229539e-07
5.576328732350990672e-07
5.568296227288362716e-07
5.558654172102279250e-07
5.547462590067421140e-07
5.537214331655872332e-07
5.520137953769587053e-07
5.503821594051280557e-07
5.485721668206653049e-07
5.464558704277218711e-07
5.447896420560520562e-07
5.424644693777142921e-07
5.393971982271643627e-07
5.377218716788515754e-07
5.350684530687480389e-07
5.324522049648062423e-07
5.293466499152056322e-07
5.262751715900647280e-07
5.230632407311563788e-07
5.196720089127690291e-07
5.154069586552886272e-07
5.124705428234981796e-07
5.108894163125531358e-07
5.047379557514120846e-07
5.009663532198090442e-07
4.964100772596698589e-07
4.919690002574906074e-07
4.875906616640459873e-07
4.830016929952003648e-07
4.782985363664627940e-07
4.734702858301216090e-07
4.685485162554631916e-07
4.635115785441052782e-07
4.583904025535691642e-07
4.530647755030767086e-07
4.477982542735381124e-07
4.423501652631689579e-07
4.368101104090165737e-07
4.311808863696943176e-07
4.255122975317137864e-07
4.197081650020419896e-07
4.138664350706434723e-07
4.079600184194613769e-07
4.020137215190137569e-07
3.960205512698757172e-07
3.899827545724421636e-07
3.839013158672016443e-07
3.777601884030501554e-07
3.716134556787088294e-07
3.655160394580989078e-07
3.592116615510303903e-07
3.530002523198141360e-07
3.467665354791004745e-07
3.402980282352345920e-07
3.343491892467431285e-07
3.282040471476404404e-07
3.219388281327912807e-07
3.157675521552782802e-07
3.096196711485730863e-07
3.034908838753147421e-07
2.974017246654539747e-07
2.913609180432545625e-07
2.853526954701684871e-07
2.794031115205694388e-07
2.735084496394773212e-07
2.676714313160535263e-07
2.618957164350735038e-07
2.561806135135106093e-07
2.504701572341352914e-07
2.449409485920111984e-07
2.394280519578758819e-07
2.339930404466985568e-07
2.286370467892285264e-07
2.233594709220329959e-07
2.181630785280196775e-07
2.130496459387179123e-07
2.080233848043705175e-07
2.030465695215695402e-07
1.981882643511854772e-07
1.934005891252880749e-07
1.887006939439239491e-07
1.840856237170391255e-07
1.795513239070560557e-07
1.750984813038045347e-07
1.707478099237884095e-07
1.664617387642652563e-07
1.622083391478608287e-07
1.580991464037078326e-07
1.540426958217779490e-07
1.500649473887057558e-07
1.451569216241208337e-07
1.423268885554015337e-07
1.385810583111283708e-07
1.348965075326404481e-07
1.311247009491428765e-07
1.276359741471664462e-07
1.242468899953598597e-07
1.208258769297081006e-07
1.174702920264846352e-07
1.141837741716155051e-07
1.109612549036293115e-07
1.078032684239665346e-07
1.047106277595260932e-07
1.025386860989032214e-07
9.869258034542398734e-08
9.576583956890688349e-08
9.290140351586146001e-08
9.010487680709816152e-08
8.737296949077252181e-08
8.469855686161439480e-08
8.208367766867290386e-08
7.956217498885883754e-08
7.691828897956603533e-08
7.463801327956132228e-08
7.225083969201034164e-08
6.992186394601226932e-08
6.765776909906303624e-08
6.584271277409936415e-08
6.336046743575486181e-08
6.132250208413364456e-08
5.934415091195137218e-08
5.729919298605340507e-08
5.552952621764218697e-08
5.370158690659553691e-08
5.192872880213320043e-08
5.021302965303449030e-08
4.855834830531343169e-08
4.696737181449009571e-08
4.547739109278690709e-08
4.374792580335478174e-08
4.251363650812477741e-08
4.110992103717706368e-08
3.975182709279893651e-08
3.844268225127246946e-08
3.717706928996009852e-08
3.595116016179736178e-08
3.460514442329601089e-08
3.362120602925193203e-08
3.251712956140590417e-08
3.170209343931817248e-08
3.040702597534487988e-08
2.937813759518475760e-08
2.838613867125349816e-08
2.743606025486429034e-08
2.657681353608340714e-08
2.564190345412238238e-08
2.466581976652103213e-08
2.385324183094210321e-08
2.309390615907777177e-08
2.238487415737410375e-08
2.166941649821506577e-08
2.101178252383350367e-08
2.035673678668355388e-08
1.970383904835244955e-08
1.903906588216473078e-08
1.836602850811986757e-08
1.773186693290959092e-08
1.710675523101233819e-08
1.655400219645091002e-08
1.603288811600377542e-08
1.553380423268429403e-08
1.504383836853814935e-08
1.455690895495225176e-08
1.407729010773867408e-08
1.361094622635595919e-08
1.316568779070922480e-08
1.274194843541170225e-08
1.233663589453420190e-08
1.194726242428916969e-08
1.157183571215677061e-08
1.120873651610819268e-08
1.085559444403905063e-08
1.050980817131318731e-08
1.017285770767077385e-08
9.848177935011346237e-09
9.538954575270306326e-09
9.244806059364397181e-09
8.961848140719627292e-09
8.685719566866828039e-09
8.414633224633002007e-09
8.150394080681881783e-09
7.895576639872261878e-09
7.651802072899418494e-09
7.418084773789719746e-09
7.192490429509443328e-09
6.973043720632800790e-09
6.759246639723710638e-09
6.551678206443494306e-09
6.351059758609969254e-09
6.157580978928420160e-09
5.970778687289986006e-09
5.790007358566168199e-09
5.614612294682302156e-09
5.444424814357614170e-09
5.279421476628594144e-09
5.119639005020318375e-09
4.964883865793571514e-09
4.814935175671742657e-09
4.669579876706786568e-09
4.528584971022197646e-09
4.391842184661786649e-09
4.259232201859687990e-09
4.130635754770392372e-09
4.005864660937816987e-09
3.884792551563917885e-09
3.767312465115480215e-09
3.653291540803226435e-09
3.542617013695557633e-09
3.435189448648037224e-09
3.330900540370624138e-09
3.229623025123235428e-09
3.131272651610870654e-09
3.035771085854654927e-09
2.943018522957727032e-09
2.852923701039820674e-09
2.765417860766360225e-09
2.680420459157888897e-09
2.597841004890261697e-09
2.517613898734914890e-09
2.439677210722601177e-09
2.363952481501259787e-09
2.290369336670073373e-09
2.218876671550612042e-09
