# cl_kdes_delens
2.431689787991936627e-07
2.462648234607611559e-07
2.494153908295917172e-07
2.526213110380287478e-07
2.558831904413053998e-07
2.592016081011751752e-07
2.625771075311332275e-07
2.660102677207050242e-07
2.695016052391563347e-07
2.730516412892466606e-07
2.766609565005986597e-07
2.803300311111601864e-07
2.840592903805968204e-07
2.878492143859180916e-07
2.917001814364093933e-07
2.956125210569098385e-07
2.995867034025955035e-07
3.036230434435970727e-07
3.077218408197808893e-07
3.118834242713946937e-07
3.161079078401152499e-07
3.203954865725227716e-07
3.247463494464997436e-07
3.291604904322359314e-07
3.336381168495027995e-07
3.381793073807634407e-07
3.427839323791231317e-07
3.474521214786370588e-07
3.521837291280209255e-07
3.569785206395682037e-07
3.618364729436258084e-07
3.667572361842156525e-07
3.717405877329917439e-07
3.767862874065338389e-07
3.818938776390051714e-07
3.870630276788673092e-07
3.922932560559703819e-07
3.975840161922478390e-07
4.029348580311860216e-07
4.083451823019119435e-07
4.138143286381898811e-07
4.193417174286462404e-07
4.249265040617904228e-07
4.305679250591634122e-07
4.362652186144628389e-07
4.384667370177370323e-07
4.478229877867905132e-07
4.536814788081728074e-07
4.595911772584794982e-07
4.655511310098983837e-07
4.715573351251290963e-07
4.776129211416772268e-07
4.837142046259722621e-07
4.898590781034509505e-07
4.960462268221924020e-07
5.022733571039819351e-07
5.085387281940231315e-07
5.148402304673856437e-07
5.211755404259765551e-07
5.275429470876885241e-07
5.339397822575203353e-07
5.403644223922080740e-07
5.468142997489914129e-07
5.532874864562007082e-07
5.597818648920914860e-07
5.662947443515613166e-07
5.728240864052576881e-07
5.793667143164277630e-07
5.859199628368188576e-07
5.924805393212940678e-07
5.990451439034016839e-07
6.056103988150749193e-07
6.121726462320175955e-07
6.187283344475056914e-07
6.252735065583537419e-07
6.318043893415405909e-07
6.383166312822877809e-07
6.448059791759675348e-07
6.512676334942576191e-07
6.576968317584449597e-07
6.640886884028542346e-07
6.704380046042857709e-07
6.767399223231082271e-07
6.829888396855475192e-07
6.891795021054878698e-07
6.953059160380867361e-07
7.013621443555509439e-07
7.073420435597436500e-07
7.132393734802906584e-07
7.190481126228733576e-07
7.247618409567592797e-07
7.303745906230285947e-07
7.358798192096915568e-07
7.412711505997533869e-07
7.465415812946492294e-07
7.516840657882594954e-07
7.566913677743706664e-07
7.615558152136205024e-07
7.662702350207664924e-07
7.708271430413258774e-07
7.752196600947355134e-07
7.794408407307548316e-07
7.834836393806951900e-07
7.873415315996113970e-07
7.910071921954417009e-07
7.944742098660490632e-07
7.977353694444684469e-07
8.007842384095889447e-07
8.036145525229767525e-07
8.062197203270668096e-07
8.085942618261334827e-07
8.107312823704182010e-07
8.126260535915565017e-07
8.142716963904148591e-07
8.156633421894547867e-07
8.167944862975361692e-07
8.176628895394197789e-07
8.182547706764588321e-07
8.185686772415572485e-07
8.185993249604874726e-07
8.183407773143998568e-07
8.177889943841997681e-07
8.169389906070379645e-07
8.157880585209055402e-07
8.143321394028407075e-07
8.125691509531524807e-07
8.104963538003884480e-07
8.081116756601029825e-07
8.054145095770479269e-07
8.024047872822487811e-07
7.990840545559396668e-07
7.954537041891713972e-07
7.915165066890923394e-07
7.872750541467783138e-07
7.827335131756288471e-07
7.778959172389168755e-07
7.727663388748851983e-07
7.673485843665456705e-07
7.616476798719794362e-07
7.556687103039690182e-07
7.494170988352966221e-07
7.428984201301804947e-07
7.361192758653394142e-07
7.290863037556593825e-07
7.218063914825971413e-07
7.142860193585760297e-07
7.065333822398626846e-07
6.985581891154674501e-07
6.903715767266857716e-07
6.819848566350153155e-07
6.734097438467142118e-07
6.646582895908445082e-07
6.557419369093077650e-07
6.466713172950639463e-07
6.374569923710206398e-07
6.281104823096492843e-07
6.186448933219978816e-07
6.090735362332017785e-07
5.994103901971800890e-07
5.896688743245327366e-07
5.798630963337976982e-07
5.700055366317992415e-07
5.601076712079822958e-07
5.501802632611912070e-07
5.402352973813807785e-07
5.302851688963759126e-07
5.203428108098505187e-07
5.104199091613758979e-07
5.005274181927718346e-07
4.906771405367895531e-07
4.808799324383251178e-07
4.711465456197522435e-07
4.614859284953575573e-07
4.519064436175295711e-07
4.424162103721152619e-07
4.330238158450938415e-07
4.237341153046035246e-07
4.145568900109509935e-07
4.054938902203223115e-07
3.965478228567672364e-07
3.877218664352579116e-07
3.790463982169510312e-07
3.704820132330721427e-07
3.620396027754404687e-07
3.537187073625460776e-07
3.455252463076480948e-07
3.374092827285722574e-07
3.294800182426676027e-07
3.216857868423773670e-07
3.140284201393237903e-07
3.062370379313446147e-07
2.991320973953814166e-07
2.918961356474398724e-07
2.848026003569794590e-07
2.778525514845486972e-07
2.710425754313280173e-07
2.643743915968522084e-07
2.578431706272659570e-07
2.514668231744971293e-07
2.451876745959256032e-07
2.390324674203167464e-07
2.329935217741842339e-07
2.270633004081007679e-07
2.212073152759228698e-07
2.154432155450773132e-07
2.097518902171053266e-07
2.041260713727688805e-07
1.985609840260944599e-07
1.930499537317570436e-07
1.875923484276905941e-07
1.821881506640538507e-07
1.768422251101617023e-07
1.715820591193299583e-07
1.663728723402870319e-07
1.612439008021772511e-07
1.562105721593734619e-07
1.512592394178286852e-07
1.464421482703066790e-07
1.417466493867676871e-07
1.371796216700198065e-07
1.327453147185074660e-07
1.284464020437751259e-07
1.242837236044924784e-07
1.202705297215770884e-07
1.163747485853789581e-07
1.126135727369523876e-07
1.088667040756685531e-07
1.054445751127400149e-07
1.020416891994966060e-07
9.874899848816051844e-08
9.542804533271101165e-08
9.247647595429183228e-08
8.948870331272577787e-08
8.659583891305165929e-08
8.379688514401370531e-08
8.108238428655327202e-08
7.845510246145441379e-08
7.589575118309048960e-08
7.342503752237395286e-08
7.103280971999836723e-08
6.863062160520416984e-08
6.641241012603964510e-08
6.427417190705472952e-08
6.221238327009611019e-08
6.018213717226987498e-08
5.821591118994204768e-08
5.631030556168818772e-08
5.446251145990578561e-08
5.267064769870472530e-08
5.093257085420378139e-08
4.924771446214772745e-08
4.761684051710600831e-08
4.604387774518259786e-08
4.451943539267493150e-08
4.304552013979047914e-08
4.163212734705818697e-08
4.027434642578760550e-08
3.897095087387754155e-08
3.771981126429144412e-08
3.652252608894050093e-08
3.536555823251891366e-08
3.425020359288649590e-08
3.316854973057372154e-08
3.212610729966517919e-08
3.112055975326876201e-08
3.014226435265886313e-08
2.919575415718032052e-08
2.828079783561302910e-08
2.736983376978184768e-08
2.651817849784610964e-08
2.570023627099682366e-08
2.491405368367407806e-08
2.415613854994730367e-08
2.342406874818026858e-08
2.271680516495602514e-08
2.203476370079189067e-08
2.137689000398898068e-08
2.074283171485106520e-08
2.013091957323946732e-08
1.953946706876109615e-08
1.896809758229944946e-08
1.841506908974244456e-08
1.788047932424711309e-08
1.736307720100236373e-08
1.686298936994896191e-08
1.637988139613658712e-08
1.591326857747647531e-08
1.546281261846627187e-08
1.502721634020832375e-08
1.460585399454300513e-08
1.419753238818789293e-08
1.380175075719705621e-08
1.341811739370272113e-08
1.304632210168993158e-08
1.268623781821929814e-08
1.233744268039429952e-08
1.199957981450670975e-08
1.167196151976146348e-08
1.135403207645399509e-08
1.104535164995050919e-08
1.074555620196697086e-08
1.045443205214480828e-08
1.017173419774175193e-08
9.897201317148816161e-09
9.630457625558426242e-09
9.371138646385619784e-09
9.118945463804605926e-09
8.873599355575282780e-09
8.634876096515522621e-09
8.402577130897303594e-09
8.176492843662304934e-09
7.956385666324435779e-09
7.742026939482751151e-09
7.533219053276248863e-09
7.329764055006701092e-09
7.131482261120561727e-09
6.938218034285220089e-09
6.749817645317845719e-09
6.566119321964411201e-09
6.386972898764139240e-09
6.212244192367749802e-09
6.041793851361524467e-09
5.875490200900876207e-09
5.713217716205564562e-09
5.554864400886870527e-09
5.400316198480045128e-09
5.249469565340501553e-09
5.102231985097599579e-09
4.958505902305134414e-09
4.818196968459059417e-09
4.681222223723135859e-09
4.547501917171031691e-09
4.416954260516663718e-09
4.289504196911990657e-09
4.165083972947852870e-09
4.043622357841577149e-09
3.925051601173904429e-09
3.809310770215159467e-09
3.696340300503024422e-09
3.586079266550795752e-09
3.478471337445712236e-09
3.373465652633734585e-09
3.271008165027207059e-09
3.171046181519984563e-09
3.073532185491939973e-09
2.978419962349444368e-09
2.885661665153329108e-09
2.795211962838814329e-09
2.707029531829331517e-09
2.621070759112306164e-09
