# cl_kska5_delens
1.223053368258378373e-07
1.235668462274970961e-07
1.248476736428992368e-07
1.261481300558584025e-07
1.274688611494738529e-07
1.288030014651325744e-07
1.301602608966565965e-07
1.315379807227586323e-07
1.329363420960829076e-07
1.343554422783805310e-07
1.357953978523565396e-07
1.372562824298196020e-07
1.387380302553311313e-07
1.402401467215322749e-07
1.417621229061590647e-07
1.433038522562472028e-07
1.448653722577570955e-07
1.464468773527630885e-07
1.480489227717996523e-07
1.496719473122877712e-07
1.513159186218236388e-07
1.529806744747481701e-07
1.547414781050358533e-07
1.564567536219121437e-07
1.581918853606929641e-07
1.599456591048132884e-07
1.616271487783144641e-07
1.634244433336691614e-07
1.652430583311376225e-07
1.670821036967331876e-07
1.689407680257544166e-07
1.708189523048993036e-07
1.727168028277885907e-07
1.746345353500233778e-07
1.765728340422339452e-07
1.785323494997986153e-07
1.804908710546224879e-07
1.825093309304027632e-07
1.845465055395004527e-07
1.866008970198495171e-07
1.886724697693882867e-07
1.907477299792529157e-07
1.928530627704030144e-07
1.949799632386743376e-07
1.971263786415012587e-07
1.992919528342441725e-07
2.014767545350423959e-07
2.036811957317635970e-07
2.059051100007343694e-07
2.081480092042600084e-07
2.104091577073342405e-07
2.127002110875929376e-07
2.149988827942630334e-07
2.174502936265788410e-07
2.197303298373986607e-07
2.219969643899882371e-07
2.243639288143877284e-07
2.267473135251011177e-07
2.291463345280443361e-07
2.315603130009135390e-07
2.339887697021512183e-07
2.364312295985020901e-07
2.388868981126500492e-07
2.414427943795746218e-07
2.439567721160868304e-07
2.464893683399261961e-07
2.487650987888298485e-07
2.512717149407466838e-07
2.537893973735246762e-07
2.564317853282153050e-07
2.589793592595542524e-07
2.615064566153798907e-07
2.640651754373477560e-07
2.666280198952602634e-07
2.692077097298662289e-07
2.717359333685668926e-07
2.743390589489410472e-07
2.769251769233337311e-07
2.795127236650746238e-07
2.821097307593779044e-07
2.846949728041320258e-07
2.872797826472473811e-07
2.898631829565576207e-07
2.924439793080965064e-07
2.950214428810016622e-07
2.976124332285258503e-07
3.001916905630913364e-07
3.027612923982318196e-07
3.053181417260981524e-07
3.078604221403595011e-07
3.103676918074012097e-07
3.125753815604893613e-07
3.159137077684276826e-07
3.176533797818109511e-07
3.201977280926252090e-07
3.227881827153971617e-07
3.252210262529902251e-07
3.276334637620167715e-07
3.300244924318608358e-07
3.323936666122648862e-07
3.346710711439572057e-07
3.370358968303298226e-07
3.393424394926368766e-07
3.416119709341314384e-07
3.438583376895163835e-07
3.460711147341695052e-07
3.482473742999521162e-07
3.503639267733020870e-07
3.524528611816056754e-07
3.545014230806361915e-07
3.565090665398226280e-07
3.586095994476274064e-07
3.605189960989912177e-07
3.623739520786839849e-07
3.641012953914891757e-07
3.658795826984778311e-07
3.676005047949996716e-07
3.692944483612326407e-07
3.708730477135615455e-07
3.722621398360336981e-07
3.737711714861447172e-07
3.753559403265731131e-07
3.782150171303952010e-07
3.781320846904820955e-07
3.793783182712134774e-07
3.805586067032191804e-07
3.816720424726157425e-07
3.827166438893769453e-07
3.836900234481782025e-07
3.845894432063101433e-07
3.855093630770825735e-07
3.862597889695708126e-07
3.869220585167630227e-07
3.873695567333379229e-07
3.878583239527129451e-07
3.883102538152125984e-07
3.886328645572623073e-07
3.888680499551260286e-07
3.890148524866238019e-07
3.890723688895397502e-07
3.891340197669023715e-07
3.889165493743008877e-07
3.886994378917210844e-07
3.883864161414159305e-07
3.879916414777745380e-07
3.874708467571168659e-07
3.868040450932359920e-07
3.855186554076039193e-07
3.853265059537576670e-07
3.844634767119497732e-07
3.833936564685221611e-07
3.822775401075570138e-07
3.810601545688417857e-07
3.797387120255395495e-07
3.783119808410025359e-07
3.767952196552930706e-07
3.751650367093359192e-07
3.734234300044796060e-07
3.717644900786776316e-07
3.696000137971786212e-07
3.674679269121367350e-07
3.653878590033335848e-07
3.631291864734098460e-07
3.607693589343966875e-07
3.582902785424105876e-07
3.557334790535683127e-07
3.530798147771501312e-07
3.503294645942176493e-07
3.474821680793258150e-07
3.445177051179568589e-07
3.414736254364862625e-07
3.383390358423784922e-07
3.351229223586469955e-07
3.317883368053176143e-07
3.273054358791294556e-07
3.249168942574044019e-07
3.213580924440329625e-07
3.177370763399087293e-07
3.140258573050435301e-07
3.102502120046873118e-07
3.064048291763911022e-07
3.024906522359788662e-07
2.985104393777084506e-07
2.945267997349975004e-07
2.904265260424297713e-07
2.862215317584425386e-07
2.820297294485070305e-07
2.776525372400230309e-07
2.735298472363694829e-07
2.692256742080875800e-07
2.648887724526038801e-07
2.605239824527051744e-07
2.561354904985809182e-07
2.517184753964901474e-07
2.473132823405508170e-07
2.428645467432145728e-07
2.383020642785949656e-07
2.339896171562301779e-07
2.295590844677913206e-07
2.251373996172473920e-07
2.207107991236654428e-07
2.162902331555255836e-07
2.119277535731383794e-07
2.075800012344293518e-07
2.032911455894740114e-07
1.990062105016468947e-07
1.947601295988741277e-07
1.905547976930680922e-07
1.863936777822966420e-07
1.822805345137049881e-07
1.782229827966882815e-07
1.742981431886257730e-07
1.707438378777733622e-07
1.663370663321974185e-07
1.622353098734111736e-07
1.587135134878278815e-07
1.549927384105607005e-07
1.513400714149245652e-07
1.477497053115311458e-07
1.442216276648369308e-07
1.407254745871372822e-07
1.373443313566630203e-07
1.339993828638884698e-07
1.307216896377068143e-07
1.275132979071603524e-07
1.243717363201228862e-07
1.213846506930033135e-07
1.180329734142423928e-07
1.153198903940385634e-07
1.123537690670810627e-07
1.095568597041675505e-07
1.067556977073779856e-07
1.040094016473645843e-07
1.013162013683767662e-07
9.867211426320531239e-08
9.607721913625546126e-08
9.356257974112260467e-08
9.116492819539821857e-08
8.854947921528216999e-08
8.584672579309540727e-08
8.370765920960373376e-08
8.136158174934281072e-08
7.906021760265035063e-08
7.679935079942311531e-08
7.457606652783703164e-08
7.238482264997852626e-08
7.014719222184897445e-08
6.809664426769857889e-08
6.600061749447913060e-08
6.393970625096074246e-08
6.213135576364860819e-08
6.004045231705294098e-08
5.809358077461114295e-08
5.617639835706969101e-08
5.429951001524289306e-08
5.247909244786192685e-08
5.072827645203517761e-08
4.904667377605540524e-08
4.742339820169677748e-08
4.585077221899324636e-08
4.432338041354397881e-08
4.284505616503458471e-08
4.140002750496632686e-08
3.998707448680962401e-08
3.861190540889601800e-08
3.728551953438241515e-08
3.601468105494638154e-08
3.480349548957007451e-08
3.356229586065178561e-08
3.253783551454633050e-08
3.146350540448203600e-08
3.041538858342458382e-08
2.939156578490078073e-08
2.839666631468975552e-08
2.742953083316224393e-08
2.649034483748092174e-08
2.563962947093541039e-08
2.470559224598584425e-08
2.386339581703823361e-08
2.304803799788372907e-08
2.224847476432656644e-08
2.146463036757860488e-08
2.068559422881101218e-08
1.997148013113497549e-08
1.924979852097938544e-08
1.856260077459551718e-08
1.789927622695221023e-08
1.726286692146056511e-08
1.665203068367384759e-08
1.603814134002376735e-08
1.546349174340645200e-08
1.492453564879902443e-08
1.441240842167001093e-08
1.392334955758947287e-08
1.343906785702479303e-08
1.296353470340676988e-08
1.250548565377961514e-08
1.206687307558173986e-08
1.164098369840244416e-08
1.122404496490874475e-08
1.083050332702482937e-08
1.045240148617773304e-08
1.008884432655923443e-08
9.735963964337837096e-09
9.389967973750941731e-09
9.053626564834007384e-09
8.730256564818959841e-09
8.423812422178620972e-09
8.133769941955609514e-09
7.855437341964919214e-09
7.585373854031083381e-09
7.321394405862241245e-09
7.064956683493574641e-09
6.818538508415675010e-09
6.582491056330842542e-09
6.356547073767458943e-09
6.138628995832855586e-09
5.927581772209180775e-09
5.723200998105927369e-09
5.525931198171035561e-09
5.336391267885839767e-09
5.154385279427204813e-09
4.979312590169790403e-09
4.810500606246518574e-09
4.647340511118330195e-09
4.489725269984011205e-09
4.337612401568953396e-09
4.190952672977456045e-09
4.049609182942683971e-09
3.913312677844929754e-09
3.781916230854759293e-09
3.655146394163242607e-09
3.532841272765746253e-09
3.414799470695658639e-09
3.300827404024780926e-09
3.190792489863577267e-09
3.084555520442685811e-09
2.982039632248220635e-09
2.883086867479223056e-09
2.787551613242387002e-09
2.695284599843184796e-09
2.606141414055859414e-09
2.520014479153209797e-09
2.436801953437796440e-09
2.356416642128064753e-09
2.278748987316048372e-09
2.203691232603029199e-09
2.131145606213975016e-09
2.061014518258096569e-09
1.993208758451745207e-09
