# cl_kska01_delens
5.570167487236350731e-08
5.633030908056274429e-08
5.696947693657889311e-08
5.761927756055709402e-08
5.827982971310506552e-08
5.895134665907570831e-08
5.963398526778277109e-08
6.032782153878178429e-08
6.103272245471219286e-08
6.174035287195662902e-08
6.246672612727511586e-08
6.320452922500804358e-08
6.395378193761424479e-08
6.471449566602646853e-08
6.548661483833287207e-08
6.628368003891059294e-08
6.707857153744880432e-08
6.788506148445399418e-08
6.870353473448837571e-08
6.953442911487669966e-08
7.037805126275094008e-08
7.123454420927501664e-08
7.210392562550897732e-08
7.296206183052399525e-08
7.385365650555607834e-08
7.475755356971836379e-08
7.567404681782874807e-08
7.660352914968033130e-08
7.754622759377131487e-08
7.850220293539894675e-08
7.947124440683667013e-08
8.043597778750594899e-08
8.142788235925956336e-08
8.243402667569874626e-08
8.345466103033321895e-08
8.448994488159662252e-08
8.553966715482117846e-08
8.660304900204902933e-08
8.767897283063420891e-08
8.876629288764971497e-08
8.986453812330132483e-08
9.097403810517177650e-08
9.209572361312072979e-08
9.322336584599659012e-08
9.437219133831700051e-08
9.553397078744032547e-08
9.670835488651366428e-08
9.800718628036043954e-08
9.919832177212740078e-08
1.004002349998382080e-07
1.016126704476229308e-07
1.027672957086132262e-07
1.040171668405075023e-07
1.052797280271252439e-07
1.065549025834302776e-07
1.078426701268043285e-07
1.091429687366589986e-07
1.104556369477741719e-07
1.117802432065953927e-07
1.131160029060472936e-07
1.144621137528793812e-07
1.158252161992247259e-07
1.172002694624016787e-07
1.185874711726124665e-07
1.199869160438886555e-07
1.213986679666687249e-07
1.228227256864500281e-07
1.241540465231719870e-07
1.255813432638593838e-07
1.270183305143627810e-07
1.285008106159474230e-07
1.299575040404020741e-07
1.314205593044255581e-07
1.328899780175450372e-07
1.343662984696755036e-07
1.358502304694558641e-07
1.373426143195667544e-07
1.388438026519735072e-07
1.403534525201058753e-07
1.418707053631812867e-07
1.433944088558510544e-07
1.448501230853141638e-07
1.464561555484235299e-07
1.479931996525623363e-07
1.495342336890957057e-07
1.510794674545567891e-07
1.526283666719857399e-07
1.541796064636897855e-07
1.557313750682442439e-07
1.572819068611002272e-07
1.587134519144524500e-07
1.605530411148223155e-07
1.621201106189024111e-07
1.636845406596430528e-07
1.649669779349490049e-07
1.665063134967054599e-07
1.680912845799908460e-07
1.696260527520383508e-07
1.711680970970955413e-07
1.726954564232405646e-07
1.742088142142353933e-07
1.757257254189918384e-07
1.772353390414625513e-07
1.787374884596610282e-07
1.802315384993676789e-07
1.817164593037032743e-07
1.831905690708064361e-07
1.846521471960862829e-07
1.861001280778265981e-07
1.875205575153109262e-07
1.889879143508710671e-07
1.903891502183852504e-07
1.917695471937947596e-07
1.931297708137542096e-07
1.944712236315153232e-07
1.957824234082794874e-07
1.970866102826185362e-07
1.983776575541983888e-07
1.995940894892092908e-07
2.007781236566362419e-07
2.020589471723323365e-07
2.033133731120830444e-07
2.050925785474232325e-07
2.062376069806166046e-07
2.067810725525435205e-07
2.078706390953593495e-07
2.089309402457466521e-07
2.099611813055576906e-07
2.109602403222513040e-07
2.119613046498470046e-07
2.128982931486567000e-07
2.137958433380226097e-07
2.146538500914279648e-07
2.154723907519180797e-07
2.162074885593784094e-07
2.169506288193577823e-07
2.176554990591624814e-07
2.183287493037295359e-07
2.189447320288369588e-07
2.195910684396826062e-07
2.200882114157503491e-07
2.205394259169271085e-07
2.209904765003937415e-07
2.213807115232859163e-07
2.217204444821977768e-07
2.219754307584687958e-07
2.220207498285841886e-07
2.221632889824450222e-07
2.224863347128255714e-07
2.226697153410654328e-07
2.226785409104034300e-07
2.226542595778002059e-07
2.225760337274331735e-07
2.224429198301272278e-07
2.222535282533643707e-07
2.220060835520034237e-07
2.216986824014545112e-07
2.213300011839651942e-07
2.209823397572252983e-07
2.204891987209204221e-07
2.198168190737587497e-07
2.192082393340058765e-07
2.185606211731332920e-07
2.178251762081958907e-07
2.170295291815476592e-07
2.161733065527742683e-07
2.152558734400184964e-07
2.142760195377813458e-07
2.132377496666069450e-07
2.120591217843513929e-07
2.109568657423172163e-07
2.097324103315829784e-07
2.084275280006742916e-07
2.070357163968020642e-07
2.051455113073006440e-07
2.041689086074414630e-07
2.026316186924972933e-07
2.010367392881301767e-07
1.993849807537280216e-07
1.976761684632878767e-07
1.959097047848320062e-07
1.940855766020364813e-07
1.922207510060748487e-07
1.902921013111699046e-07
1.883066611089522146e-07
1.864154656936251803e-07
1.843348513950142432e-07
1.819614888637869089e-07
1.797876070951368071e-07
1.776119807017726163e-07
1.753469352306469566e-07
1.730448458527051751e-07
1.707072947722255143e-07
1.683356469130299617e-07
1.659297523257029133e-07
1.634901737342981914e-07
1.609497641966320940e-07
1.585137282772987132e-07
1.559794579725010923e-07
1.534329769695956638e-07
1.508346418751840427e-07
1.482262187163897784e-07
1.456812549892540813e-07
1.430148483139866085e-07
1.403951354072359123e-07
1.377734696166008430e-07
1.351509897475988795e-07
1.325280348460495402e-07
1.299056137236444115e-07
1.272867325485818685e-07
1.247173678855456284e-07
1.221259395025785636e-07
1.197513522838315071e-07
1.169692565127074769e-07
1.142958492565530462e-07
1.118881514105682723e-07
1.093942084156526795e-07
1.069347147692630333e-07
1.045110547515649351e-07
1.021246451679492484e-07
9.977694195959479008e-08
9.746686221604553134e-08
9.519199229878350736e-08
9.295153640766857498e-08
9.074569481357094954e-08
8.857461039125356981e-08
8.647045014392698862e-08
8.422562937938845934e-08
8.229436207127572991e-08
8.029234056756196137e-08
7.827945848728447832e-08
7.636609163052867525e-08
7.451429755767200699e-08
7.271986373622724503e-08
7.097191214167603464e-08
6.926074689943506972e-08
6.757732903821749052e-08
6.591699532372813320e-08
6.427742127506091886e-08
6.246919226875460413e-08
6.105476066346824448e-08
5.947967531701705533e-08
5.793500109829999924e-08
5.642487797410773623e-08
5.495097822612645648e-08
5.350969498105312972e-08
5.209459365995419020e-08
5.070144436547720145e-08
4.932574784539499384e-08
4.796436975276395764e-08
4.667159988293783068e-08
4.526193928877636421e-08
4.391681309345749147e-08
4.258262711559573949e-08
4.126375534558058447e-08
3.996375380933535259e-08
3.868654668615672914e-08
3.743787954806351521e-08
3.622022970317930989e-08
3.500249283594642023e-08
3.385919576556021462e-08
3.270609195939757962e-08
3.157496725859141233e-08
3.046977321309811519e-08
2.939413031147426751e-08
2.835323002316323731e-08
2.735188787411292746e-08
2.639275225721458139e-08
2.543778726985970494e-08
2.460270119965367872e-08
2.376726606336192483e-08
2.296659848442455552e-08
2.219480779856876859e-08
2.144905870674006901e-08
2.073227579228801171e-08
2.004546783280560463e-08
1.941573880288147645e-08
1.875364778040748995e-08
1.813904036488265008e-08
1.754118766032137684e-08
1.695791700182236365e-08
1.638328181003815671e-08
1.580245154595692546e-08
1.525342577946263178e-08
1.470226586377111238e-08
1.416636082499543120e-08
1.364488465241613291e-08
1.313588078984186906e-08
1.263955101762091921e-08
1.214863458625785934e-08
1.168729237602760565e-08
1.125463543354647860e-08
1.083425397400582725e-08
1.043410228528312069e-08
1.006278712835167387e-08
9.691071378508623610e-09
9.346299068808227610e-09
9.016323769534312810e-09
8.698203363822680046e-09
8.389348220669450213e-09
8.088288597357786975e-09
7.797674598668487613e-09
7.510330740243493481e-09
7.228346383539761614e-09
6.954813090780340071e-09
6.690177908259647711e-09
6.435212048305606524e-09
6.191538346926948953e-09
5.959274357233899163e-09
5.737927511432266258e-09
5.527974815337610389e-09
5.327830391603792857e-09
5.135308265039189902e-09
4.948588904215620765e-09
4.767377461378896008e-09
4.591268462306746758e-09
4.420801822239626784e-09
4.256196789671000715e-09
4.097347684788405180e-09
3.944780874152171273e-09
3.798526131230361305e-09
3.658920642781709524e-09
3.525522055429521179e-09
3.397503447251053177e-09
3.274021194111968549e-09
3.154470235141043474e-09
3.038786030183743185e-09
2.927226498856995371e-09
2.819963717665307823e-09
2.717030211390138623e-09
2.618217407104048041e-09
2.523276026866881266e-09
2.431983255248048961e-09
2.344094263760481632e-09
2.259457972055004321e-09
2.177890242851718032e-09
2.099293972771911804e-09
2.023610419695125229e-09
1.950802123009005403e-09
1.880801675833069802e-09
1.813480841999997038e-09
1.748693378536244813e-09
1.686292680361042749e-09
1.626161743598441005e-09
1.568223841982504118e-09
1.512422941860181651e-09
1.458691754724384161e-09
1.406955986997466718e-09
1.357135062105655092e-09
1.309150202701965241e-09
