# cl_kk_delens
5.263783798220852216e-08
5.319482161412887046e-08
5.376111081881454368e-08
5.432551588362729228e-08
5.492544716800159079e-08
5.552521153344608406e-08
5.613430163946975187e-08
5.674108054702986246e-08
5.736780625419553934e-08
5.800043011625124991e-08
5.862383081374354140e-08
5.955542557730579988e-08
6.004150257217411354e-08
6.070836018816396102e-08
6.139537419869943222e-08
6.209611789430585923e-08
6.280900484216762120e-08
6.353331573296003746e-08
6.426862208684608617e-08
6.495156830777722283e-08
6.569984220555342462e-08
6.645867932061950674e-08
6.838630637534492838e-08
6.810731521331375342e-08
6.886463064126260745e-08
6.967886508314557277e-08
7.050498461445537172e-08
7.134306798236257787e-08
7.219306542772195337e-08
7.315179139769908316e-08
7.402001780610639894e-08
7.489808013712049839e-08
7.578558509962663009e-08
7.668223403619596760e-08
7.758814652481205179e-08
7.850384094347037602e-08
7.942989709582430872e-08
8.036704215671213422e-08
8.131560926765510183e-08
8.224618291475667828e-08
8.328975068431969793e-08
8.430690069850727806e-08
8.537032696382459708e-08
8.694392468796554946e-08
8.712008569288650922e-08
8.834088506132177389e-08
8.939993259112028379e-08
9.043117026332379493e-08
9.151632516367814343e-08
9.261094612586661830e-08
9.358033110035268287e-08
9.483253837710448568e-08
9.612197935445358468e-08
9.717476567199883252e-08
9.830828365787891304e-08
9.946344094293440463e-08
1.005821848405264366e-07
1.016719455533406157e-07
1.028461942181918976e-07
1.041488543214945198e-07
1.053617682204317016e-07
1.065869524944645602e-07
1.078238976271169462e-07
1.091037064372896671e-07
1.103733400924302942e-07
1.118379929039094720e-07
1.131069441203060519e-07
1.143794042177478494e-07
1.156559599431979844e-07
1.169375183186483385e-07
1.182251749725834768e-07
1.194464390925096039e-07
1.207851597871304335e-07
1.221320655827495577e-07
1.234858243812259399e-07
1.248448043223489041e-07
1.262075265619469246e-07
1.275729443440203228e-07
1.289408962652758791e-07
1.303117365266535390e-07
1.316862253929099979e-07
1.330652318310624834e-07
1.344495989755607345e-07
1.358402000392291282e-07
1.372374103853909433e-07
1.386408064373654241e-07
1.400490700257494854e-07
1.414604226842922354e-07
1.428735532432282959e-07
1.442882472828953963e-07
1.454869654779203309e-07
1.470768973102931670e-07
1.484921108394629931e-07
1.499107129747429228e-07
1.513309319815797450e-07
1.528177824750424298e-07
1.542608765912079348e-07
1.556974960997932864e-07
1.574404058135166466e-07
1.588195046895611739e-07
1.601886242082465095e-07
1.615493714867850259e-07
1.626953118267447399e-07
1.640840935420991493e-07
1.654634982303209480e-07
1.668318037754780603e-07
1.681872030948108241e-07
1.695290001524693539e-07
1.709996660055378902e-07
1.723334821806845554e-07
1.736891771196634625e-07
1.753200524080691215e-07
1.758005233944759132e-07
1.772503112106637831e-07
1.785434767626491086e-07
1.798016982492869057e-07
1.810536943385904121e-07
1.822497932395961575e-07
1.834265739979759173e-07
1.844051126617946753e-07
1.857835747882711030e-07
1.869177353099335887e-07
1.874271671844200351e-07
1.889305391037899462e-07
1.899800611675296644e-07
1.913092392242333673e-07
1.922521419741721445e-07
1.931922118889772229e-07
1.941755260655900548e-07
1.950139376847075118e-07
1.965452261216253715e-07
1.973505862259423711e-07
1.975793760881852480e-07
1.983980197944509057e-07
1.991709895851901721e-07
1.998903248149993086e-07
2.005650140699161054e-07
2.011255044465600029e-07
2.017347617239487693e-07
2.023051719301579505e-07
2.028355195750465976e-07
2.033209377615080383e-07
2.037575954257377948e-07
2.041475415717587656e-07
2.044913607077168163e-07
2.047888284038859620e-07
2.050484797416572986e-07
2.052321314657813727e-07
2.053737962900034589e-07
2.055739298821660927e-07
2.056390169298210321e-07
2.056875290138268275e-07
2.056768903438320814e-07
2.052609436542807856e-07
2.051008730801380987e-07
2.052539746491267476e-07
2.050247830083010336e-07
2.048423989179017488e-07
2.044027818185443510e-07
2.040083937278942483e-07
2.035574976522253523e-07
2.030496232253492153e-07
2.024849080075183836e-07
2.026504126243828366e-07
2.017460510711198097e-07
2.007714850242747772e-07
1.997993330957777127e-07
1.988124815008553379e-07
1.979369077230742689e-07
1.969922716793666648e-07
1.959927785624778291e-07
1.949375118831843610e-07
1.938263759957362400e-07
1.926592403921188965e-07
1.914359278320196267e-07
1.901568181517154344e-07
1.887305236509261996e-07
1.874354405784243655e-07
1.859992399294564166e-07
1.836029778801547171e-07
1.822516038118153808e-07
1.808680254167762487e-07
1.794375571924208480e-07
1.780928778116140090e-07
1.763729797914078870e-07
1.746066863715815970e-07
1.727951408416999333e-07
1.709400983004599561e-07
1.690424738529648061e-07
1.671352942697374850e-07
1.651624917827087503e-07
1.631476562460426322e-07
1.610802256307161969e-07
1.592093195632880526e-07
1.569070396569868641e-07
1.547038523190765164e-07
1.526163972035787630e-07
1.504056367889785863e-07
1.482033049008695520e-07
1.459819608329342728e-07
1.437415889156340186e-07
1.414830109982612636e-07
1.392079299470176614e-07
1.369167436835348909e-07
1.344738876813272076e-07
1.322897617122964572e-07
1.299608216027132228e-07
1.276316155003163097e-07
1.252808766694709613e-07
1.222096508133675514e-07
1.206417896077269009e-07
1.183267880606090157e-07
1.159695191585199672e-07
1.136820762753517594e-07
1.114121360672300727e-07
1.091573243618890034e-07
1.069139295278928175e-07
1.046777910715676027e-07
1.024474888687537845e-07
1.003998805431896167e-07
9.801891264333541760e-08
9.583511655334950655e-08
9.356502125575316892e-08
9.155099256140509395e-08
8.945519797792012042e-08
8.739564937069004079e-08
8.537428438876490076e-08
8.389181464667744944e-08
8.174396307443111978e-08
7.951217632978742816e-08
7.761897110621928395e-08
7.575379939140038898e-08
7.391422412382564346e-08
7.215107367201855843e-08
7.012935426086201313e-08
6.856293095673548050e-08
6.684306233462797419e-08
6.516248756026425642e-08
6.352475283323833585e-08
6.186020491974151253e-08
6.030730393683850304e-08
5.879719211631952939e-08
5.749716397100297976e-08
5.587178567297959453e-08
5.443953616956288764e-08
5.301937237728304561e-08
5.143962400021324911e-08
5.021404630643376652e-08
4.883974459127742733e-08
4.749240841743949238e-08
4.617625712585371228e-08
4.489011653442969169e-08
4.363349866110188745e-08
4.241042634614848825e-08
4.121923182603756564e-08
3.984171145836688741e-08
3.898316733053698809e-08
3.776691471663840143e-08
3.663940948484119189e-08
3.552356783855136675e-08
3.441936020248230057e-08
3.333063713607347649e-08
3.221896469691309349e-08
3.117486390158255618e-08
3.016553463841302436e-08
2.944416061445824069e-08
2.825019510801475396e-08
2.733950776053019090e-08
2.645275793010979049e-08
2.558018963202705588e-08
2.471387999743961158e-08
2.385206100070195906e-08
2.300057807881509203e-08
2.216836885982090001e-08
2.136801884963941879e-08
2.060868392725121011e-08
1.999221791400887899e-08
1.933448234831266770e-08
1.856332496227599462e-08
1.793877298582924778e-08
1.733355415560015591e-08
1.674431447600189256e-08
1.616832455306843937e-08
1.554613487220470717e-08
1.500259492690015537e-08
1.452474518922801487e-08
1.401861796197898757e-08
1.353788796277875598e-08
1.307655007852980996e-08
1.262805389752957841e-08
1.218891853156287918e-08
1.178374694875385182e-08
1.133759197317111581e-08
1.092345603031458726e-08
1.051584210920712302e-08
1.011888333995194546e-08
9.737748593492702647e-09
9.370046101222669228e-09
9.026184261754283715e-09
8.696572786690640317e-09
8.379717744473761627e-09
8.073704281572437656e-09
7.773775776532974030e-09
7.478842353575341496e-09
7.193169556156201286e-09
6.926026845453712521e-09
6.673893989324163855e-09
6.433476753337803014e-09
6.201650769356999320e-09
5.975519491054491563e-09
5.753426770000432138e-09
5.545355737349076817e-09
5.335219601868666335e-09
5.130921994597134706e-09
4.934607961003139086e-09
4.749467410599670355e-09
4.570493213793322523e-09
4.397623821307625741e-09
4.231732646214094676e-09
4.073303028389151412e-09
3.922340166457338521e-09
3.777708491641466173e-09
3.638429477377202987e-09
3.503696286424092861e-09
3.373127302785111209e-09
3.246954846354284723e-09
3.125104667209557709e-09
3.007875561570832351e-09
2.895156156313313928e-09
2.787032455543959263e-09
2.683336283530306283e-09
2.583791695450656714e-09
2.488185637135572679e-09
2.396147454583226887e-09
2.307512599180249153e-09
2.222039081321045848e-09
2.139655469733000900e-09
2.060291007086200745e-09
1.983923320446337367e-09
1.910564958650187068e-09
1.840116154721298021e-09
1.772443057145569398e-09
1.707324215788739992e-09
1.644590361809026169e-09
1.584126634372998741e-09
1.525883667536440365e-09
1.469851037185036471e-09
1.415982163619637320e-09
1.364190357950452381e-09
1.314353841931310661e-09
