# cl_kdesi_delens
4.642374289726142181e-08
4.710006836372126142e-08
4.779107162951139278e-08
4.849704671539912591e-08
4.921829234080459787e-08
4.995511193172992096e-08
5.070781363780779204e-08
5.147671031208664096e-08
5.226211953467411932e-08
5.306436356766814492e-08
5.388376938673387312e-08
5.472066865359988195e-08
5.557539771004336468e-08
5.644829755939865940e-08
5.733971382729999169e-08
5.824999670412265436e-08
5.917950088506999139e-08
6.012858548764602498e-08
6.109761400861673211e-08
6.208695426205716808e-08
6.309697831556048212e-08
6.412806238120310502e-08
6.518058671595786787e-08
6.625493546127130874e-08
6.735149652280279513e-08
6.847066144769745700e-08
6.961282529437091180e-08
7.077838650148352462e-08
7.196774675074887718e-08
7.318131070839943356e-08
7.441948575481791153e-08
7.568268171568784718e-08
7.697131055683974512e-08
7.828578619085807766e-08
7.962652425632942422e-08
8.099394188848786622e-08
8.238845745623410032e-08
8.381049021780659278e-08
8.526045997977343376e-08
8.673878673879441654e-08
8.824589028658680114e-08
8.978218983320559784e-08
9.134810353539134936e-08
9.294404802195685794e-08
9.457043788739515523e-08
9.622768513698858912e-08
9.791619870953303513e-08
9.963638393968849760e-08
1.013886420378296235e-07
1.031733695493535365e-07
1.049909576616637372e-07
1.068417916241894787e-07
1.087262499768820859e-07
1.106447038725291986e-07
1.125975163071593109e-07
1.145850413748199869e-07
1.166076234838870164e-07
1.186655964648748977e-07
1.207592826961536089e-07
1.228889920343845946e-07
1.250550208118835650e-07
1.272576508358166045e-07
1.294971484097003793e-07
1.317737640412497271e-07
1.340877318455114176e-07
1.364392688268468165e-07
1.388285736698037883e-07
1.412558234768254691e-07
1.437211710382691126e-07
1.462247427860964884e-07
1.487666373038451224e-07
1.513469280118377772e-07
1.539656646694263799e-07
1.566228729241743797e-07
1.593185558235575871e-07
1.620526922685137553e-07
1.648252352310012644e-07
1.676361112046693771e-07
1.704851984549069699e-07
1.733722995897861807e-07
1.762971201969012712e-07
1.792592633708640107e-07
1.822583217447338033e-07
1.852939697410306763e-07
1.883660341031811050e-07
1.914744896064162300e-07
1.946191472755927650e-07
1.977994048601778064e-07
2.010141025937845505e-07
2.042614692564024441e-07
2.075394753557015524e-07
2.108461413946887556e-07
2.141795914035845722e-07
2.175383542561038122e-07
2.209215782046518180e-07
2.243289785722028334e-07
2.277609607414402692e-07
2.312180223588708661e-07
2.347001402008130712e-07
2.382066414247344854e-07
2.417359398825241888e-07
2.452860351993647268e-07
2.488550137123417200e-07
2.524409171169219866e-07
2.560419998182633743e-07
2.596565926013709025e-07
2.632827719817687897e-07
2.669185164174274985e-07
2.705615862312989078e-07
2.742094746211010065e-07
2.778596199977253717e-07
2.815093590389363989e-07
2.851559610480216926e-07
2.887967805169021848e-07
2.924291424302632927e-07
2.960502561402747271e-07
2.996571471769921385e-07
3.032465429709967701e-07
3.068148916631462632e-07
3.103584985372257090e-07
3.138736363641434330e-07
3.173565834978910191e-07
3.208035745969881943e-07
3.242107056218900868e-07
3.275738874806628014e-07
3.308888653199402054e-07
3.341512435948210722e-07
3.373565048568319756e-07
3.405000016118121248e-07
3.435769520377050542e-07
3.465824628363041181e-07
3.495115652071508774e-07
3.523592337267065011e-07
3.551203929380341028e-07
3.577899160408661528e-07
3.603626081058570589e-07
3.628331503674462463e-07
3.651958706719688277e-07
3.674445144999854200e-07
3.695721431224550087e-07
3.715717475117139602e-07
3.734373613284133580e-07
3.751650227252562762e-07
3.767531567718125525e-07
3.782008942820696995e-07
3.795064842255289204e-07
3.806663618703675020e-07
3.816743409457024086e-07
3.825224625983008197e-07
3.832020623138893989e-07
3.837038304708755131e-07
3.840190102864397312e-07
3.841407482599013240e-07
3.840638696429543530e-07
3.837845134579844929e-07
3.832989002982933242e-07
3.826011763864490702e-07
3.816834765169587894e-07
3.805378555329549231e-07
3.791578558680311219e-07
3.775402748609079483e-07
3.756859255724191871e-07
3.735975659209343137e-07
3.712787637031392940e-07
3.687336759923535565e-07
3.659661295518705799e-07
3.629796676328416561e-07
3.597782015147685988e-07
3.563656440235696267e-07
3.527460072739928178e-07
3.489243648070104073e-07
3.449063213799161190e-07
3.406979789592906448e-07
3.363061680059425660e-07
3.317379897949139401e-07
3.270013712439379186e-07
3.221059513344096069e-07
3.170636260786738820e-07
3.118889609114544698e-07
3.065983721673048126e-07
3.012088927322369404e-07
2.957376029019517145e-07
2.902013907847255256e-07
2.846171136267323035e-07
2.790018187278704736e-07
2.733723679393991660e-07
2.677455622311182272e-07
2.621380400306423440e-07
2.565663346082572875e-07
2.510470748027435417e-07
2.455965912928969497e-07
2.402308413267565198e-07
2.349653515416129994e-07
2.298147450633494071e-07
2.247920249886021428e-07
2.199080044326543718e-07
2.151708621448579241e-07
2.105863474698700525e-07
2.061580619413430995e-07
2.018872428096621887e-07
1.977730332583166145e-07
1.938125801343911754e-07
1.900007958474975508e-07
1.863303910709885513e-07
1.827914705170181077e-07
1.793710489621674762e-07
1.760530632824910318e-07
1.728188872190676225e-07
1.696487498717016456e-07
1.665228958509772136e-07
1.634221737463855656e-07
1.603279337941815323e-07
1.572219030028199005e-07
1.540863870632939763e-07
1.509043869790430154e-07
1.476616061123280989e-07
1.443478507272740575e-07
1.409576477187101033e-07
1.374903827928296463e-07
1.339498938690563737e-07
1.303444041357856039e-07
1.266857720677804437e-07
1.229891926471801543e-07
1.192731083926104715e-07
1.155587636270521347e-07
1.118694876535478321e-07
1.082297425609877116e-07
1.046637823242826398e-07
1.011943228424505018e-07
9.784007796257543709e-08
9.461432625649704214e-08
9.152421018781543471e-08
8.857135378085562909e-08
8.575326285177085032e-08
8.306286354169895741e-08
8.048930381345366371e-08
7.801892954061192213e-08
7.563516758436278824e-08
7.332007946959519116e-08
7.105670907502493959e-08
6.883134769545635254e-08
6.663580063076982298e-08
6.446699739010369055e-08
6.232679805949652858e-08
6.022113869535081807e-08
5.815909700861239874e-08
5.615162872560209154e-08
5.420885302126267965e-08
5.233902763086939302e-08
5.054792241965469691e-08
4.883676291476704140e-08
4.720249738444750016e-08
4.563724337100131929e-08
4.412951210273930165e-08
4.266730509871674226e-08
4.123896397284613342e-08
3.983512442526504627e-08
3.845091804506117838e-08
3.708591372404205014e-08
3.574517640624302005e-08
3.443709879536181731e-08
3.316959587771152620e-08
3.194943686463548678e-08
3.078092181707963293e-08
2.966509778544414182e-08
2.860070123226278006e-08
2.758316604989654325e-08
2.660609107842095992e-08
2.566425925856265422e-08
2.475416319460196185e-08
2.387407890274297350e-08
2.302375828336735229e-08
2.220281818442491233e-08
2.141078890377405074e-08
2.064743554372408662e-08
1.991161110823101289e-08
1.920144541172079927e-08
1.851554616358505049e-08
1.785294595020997113e-08
1.721354084463148321e-08
1.659819028157393668e-08
1.600744516481024978e-08
1.544109866493130318e-08
1.489819849924794811e-08
1.437663527635994721e-08
1.387407673160923339e-08
1.338921168462410337e-08
1.292186464019094376e-08
1.247240541640173023e-08
1.204109575253435567e-08
1.162744615457840955e-08
1.123025146586108755e-08
1.084830336358060548e-08
1.048061213798279381e-08
1.012634199324980979e-08
9.784902234487080315e-09
9.456068297454984330e-09
9.139903522581276462e-09
8.836493436415258935e-09
8.545683828154767370e-09
8.266754103114544986e-09
7.998553780725890420e-09
7.740014597579151559e-09
7.490536568905245369e-09
7.250028955593829274e-09
7.018628648375469154e-09
6.796351724147046237e-09
6.582868928844198755e-09
6.377566073164251634e-09
6.179798761158756746e-09
5.989092752330490068e-09
5.805183836047702651e-09
5.627938902603879748e-09
5.457216271836066781e-09
5.292784762661678309e-09
5.134328775878459207e-09
4.981515209873047155e-09
4.834051640766294883e-09
4.691703440596132381e-09
4.554279888251541852e-09
4.421600799383307033e-09
4.293479598262962715e-09
4.169719516175191999e-09
4.050124360778299671e-09
3.934506697782103035e-09
3.822691710609230647e-09
3.714517184006402934e-09
3.609830904820458723e-09
3.508489168127749448e-09
3.410353388096651124e-09
3.315290693390799041e-09
3.223172394469946143e-09
3.133874926855725910e-09
3.047280221499789287e-09
2.963276695795542183e-09
2.881759294181358007e-09
2.802627853167523967e-09
2.725787889071179428e-09
2.651149012740521981e-09
2.578625236249716244e-09
2.508134404850361973e-09
2.439598561568685919e-09
2.372943902287235746e-09
2.308099755868026136e-09
2.244999501533548858e-09
2.183579536566617750e-09
2.123779458177595746e-09
2.065541662028802144e-09
2.008811572340256471e-09
1.953537611191579895e-09
