# cl_kska1_delens
7.479555756176098360e-08
7.563321038617625084e-08
7.648476180717923270e-08
7.735042800889894657e-08
7.823059533239525738e-08
7.912553326975189930e-08
8.003530112868740784e-08
8.095168621103522309e-08
8.188858775107823294e-08
8.284062890381994946e-08
8.380795250358913488e-08
8.479067001292020587e-08
8.578881470942069409e-08
8.680218147529966753e-08
8.783055202921573163e-08
8.887392876929710317e-08
8.993239757701165343e-08
9.100613562240788404e-08
9.211553570404602659e-08
9.322239901298785135e-08
9.434626564190949140e-08
9.548721453258278715e-08
9.664490604043896027e-08
9.781885658484055994e-08
9.896957973819911351e-08
1.001728358077203516e-07
1.013933273450860883e-07
1.026310849913058205e-07
1.038859300719524765e-07
1.051576323086609860e-07
1.064460306104623646e-07
1.077512424107022160e-07
1.090735406436117250e-07
1.103855223880761583e-07
1.117435554437416600e-07
1.131215488322102283e-07
1.145183706524132697e-07
1.159325236787691244e-07
1.173624778520500811e-07
1.188075378515864397e-07
1.202678010969955111e-07
1.217437633171001464e-07
1.232260715820874608e-07
1.247355660789683523e-07
1.262618151178721122e-07
1.278046924714369322e-07
1.293643237634822261e-07
1.309409829795088425e-07
1.325345978252706153e-07
1.342776632617611872e-07
1.358865316688785428e-07
1.375094954102197104e-07
1.390729816136715334e-07
1.407482621930463607e-07
1.424404412770970963e-07
1.441497626060540464e-07
1.458758655932871702e-07
1.476179437656639948e-07
1.493748129138569701e-07
1.511454036552619622e-07
1.529292701555260546e-07
1.547264881468857588e-07
1.565605819742561150e-07
1.583974798094499392e-07
1.602508496404130554e-07
1.621219617135545225e-07
1.638902410271332657e-07
1.657655207621068922e-07
1.676530102048920643e-07
1.695520761843830249e-07
1.715156769007039737e-07
1.734404536869061319e-07
1.753728962362451501e-07
1.773129715479668374e-07
1.792612637072423957e-07
1.812189051019679992e-07
1.832039328674327254e-07
1.851841525557670840e-07
1.871716861659660765e-07
1.891662102507632392e-07
1.911671271260725340e-07
1.930596092845815709e-07
1.951857419631135701e-07
1.972006669735902041e-07
1.992249245879701185e-07
2.012530716358253894e-07
2.032836207155144661e-07
2.053145321617404174e-07
2.073441095069840849e-07
2.093713199528615564e-07
2.112342637730873666e-07
2.136464047095896383e-07
2.156876775101947167e-07
2.177250529411230900e-07
2.193886777271109486e-07
2.214609507484363841e-07
2.234600593318523344e-07
2.254516583256649805e-07
2.274348889520287315e-07
2.294092005873474660e-07
2.313739394993361214e-07
2.333153569490347354e-07
2.352593845140334774e-07
2.371915591791792973e-07
2.391093127184176852e-07
2.410102025838488557e-07
2.428924146682126405e-07
2.447552498354471250e-07
2.465976827305209781e-07
2.483985592195014825e-07
2.501923931376370215e-07
2.520275781345080543e-07
2.537659154342064861e-07
2.554742510629513951e-07
2.571202275556811867e-07
2.587844017661159644e-07
2.604041145768045260e-07
2.620028530924898202e-07
2.634986275221470475e-07
2.649513201324450601e-07
2.665255699382305085e-07
2.680596032606935226e-07
2.702488878328496590e-07
2.708856363233959725e-07
2.722219212986751648e-07
2.735158058012680810e-07
2.747661957231811457e-07
2.759714765980156993e-07
2.771298053951401036e-07
2.782816541410359014e-07
2.793464549870147483e-07
2.803558083178744625e-07
2.813075521245633248e-07
2.821379558520145636e-07
2.829740381735679387e-07
2.837550896776803238e-07
2.844963772691757677e-07
2.851569571883730004e-07
2.857558341114586978e-07
2.863806614912127395e-07
2.868096297554283883e-07
2.871712873926068185e-07
2.875115046521071755e-07
2.877955464554787450e-07
2.879918809168824774e-07
2.880745583788501252e-07
2.878756876104738298e-07
2.877997811916367798e-07
2.879744057231119163e-07
2.879374863505524820e-07
2.876488658195245700e-07
2.873300947290340475e-07
2.869343111059089864e-07
2.864595334154437588e-07
2.859069316940396146e-07
2.852772343625104039e-07
2.845639514458384261e-07
2.837656611706501819e-07
2.829915252279831476e-07
2.818705614370003834e-07
2.808244463167089844e-07
2.797007284791312709e-07
2.785222249178947205e-07
2.772290146152456353e-07
2.758554530475605357e-07
2.744015059358636503e-07
2.728664755643881168e-07
2.712502534126857428e-07
2.695465334370462350e-07
2.677716091756688446e-07
2.659085128014703359e-07
2.639740212673695781e-07
2.619404754222570986e-07
2.598037371316470655e-07
2.569901466882519367e-07
2.554125196535786302e-07
2.530912059359990697e-07
2.507009458018731492e-07
2.482419383484867125e-07
2.457143696266859694e-07
2.431189056678349424e-07
2.404569664293939057e-07
2.377553812125246489e-07
2.349749786422713061e-07
2.321264581767124246e-07
2.294176532654797747e-07
2.262409396992738311e-07
2.231557128934570272e-07
2.201114005102619382e-07
2.171032791841135049e-07
2.139700448774933145e-07
2.107980681246425537e-07
2.075764529223562824e-07
2.043459780235220472e-07
2.010869320382851985e-07
1.977830413393876606e-07
1.943801842351685896e-07
1.911325906395734986e-07
1.877850355131158619e-07
1.844423955979567764e-07
1.810486980203972533e-07
1.776694228786370665e-07
1.743019690671394988e-07
1.709366397352043270e-07
1.675962556804169468e-07
1.642499273498975099e-07
1.609298236402970523e-07
1.576250549062121425e-07
1.543377654343289120e-07
1.510708534720255602e-07
1.478887014912457929e-07
1.446783855755696217e-07
1.417810704914940771e-07
1.383037655673734392e-07
1.350561997160362802e-07
1.321629962555673126e-07
1.291562667074299076e-07
1.261925725427182355e-07
1.232739901202639210e-07
1.204015034700180452e-07
1.175584219294684086e-07
1.148001969564924129e-07
1.120628368536118022e-07
1.093846284688080105e-07
1.067609269248109355e-07
1.041906793868901171e-07
1.017286609288430104e-07
9.905224007742229503e-08
9.678808325786707370e-08
9.437823952880875028e-08
9.205074777050634309e-08
8.978241632129807590e-08
8.756684487786226890e-08
8.539383708927808778e-08
8.325663886279895621e-08
8.115382606838520905e-08
7.908233556300788821e-08
7.712302305169011862e-08
7.502808052491674742e-08
7.287663724994669552e-08
7.111312025349436398e-08
6.921223533269528833e-08
6.731456343569277796e-08
6.545185879510585425e-08
6.362748606626249476e-08
6.184046325875052810e-08
6.009154742452493671e-08
5.837669315653365929e-08
5.668960626659026635e-08
5.502010139510575255e-08
5.344330880632857028e-08
5.171740498028226334e-08
5.008993135700010294e-08
4.848182146078350411e-08
4.690056676322575203e-08
4.535787188753979340e-08
4.386319240898200574e-08
4.241677451954148469e-08
4.101191731087908472e-08
3.960800962157980823e-08
3.831449577303962691e-08
3.701930734789628782e-08
3.575547112691958835e-08
3.452111218688669375e-08
3.332128654478598505e-08
3.216423021409904203e-08
3.105487340673770885e-08
2.999655244703170636e-08
2.892428534909632066e-08
2.801903245399831866e-08
2.708605577403573667e-08
2.618053763953989120e-08
2.530064885248965890e-08
2.444923835972184229e-08
2.362440541719492153e-08
2.287695876065263663e-08
2.209248271733453612e-08
2.130545671102978795e-08
2.058558751270332273e-08
1.988650997383554333e-08
1.919940639391031212e-08
1.852401666935119608e-08
1.785287657264180012e-08
1.722909130091429525e-08
1.659906160019964671e-08
1.599570039140166620e-08
1.541097958670696761e-08
1.484805150160588833e-08
1.430673790485734467e-08
1.376630222355274970e-08
1.325934024151431962e-08
1.279778172502426965e-08
1.233187436546505608e-08
1.188791277466510952e-08
1.147959924701167573e-08
1.106694604238313822e-08
1.067128279488842008e-08
1.029200360043938008e-08
9.924009207139423673e-09
9.567906518981258942e-09
9.221635144916427665e-09
8.891580051045242414e-09
8.573219288445681963e-09
8.263525325726254713e-09
7.959772138258218323e-09
7.664692679576398611e-09
7.381271711550688669e-09
7.118068955548209821e-09
6.859478987738213812e-09
6.616904177042816261e-09
6.382427782036394476e-09
6.154004205571083493e-09
5.932458831282867758e-09
5.719570625402980186e-09
5.515262667570496034e-09
5.319314224137505403e-09
5.130036312998621642e-09
4.946676699896088647e-09
4.769355386071977039e-09
4.598620769556512807e-09
4.435039107532710883e-09
4.278377998626048917e-09
4.127931233300776276e-09
3.983037357077214542e-09
3.843060523092886216e-09
3.707904667268836463e-09
3.577531300548220312e-09
3.451904817400558049e-09
3.330980508002085444e-09
3.214567465679807399e-09
3.102603497810460257e-09
2.994816226130902143e-09
2.891012397412153736e-09
2.790943081665264655e-09
2.694397791766867715e-09
2.601281342639755959e-09
2.511509554291988742e-09
2.425057404452802467e-09
2.341782861779743272e-09
2.261537881102867188e-09
2.184158742825118548e-09
2.109497791503660171e-09
2.037463105285698041e-09
1.967978283699697071e-09
1.900978465015947083e-09
1.836366128047336006e-09
1.774039543340863613e-09
1.713901187741886235e-09
1.655856151331649862e-09
1.599823739062053571e-09
