# cl_kska10_delens
1.532859546924697686e-07
1.548010416781758183e-07
1.563384419150683459e-07
1.578985323533073152e-07
1.594821388653072291e-07
1.610893592576416933e-07
1.627131021637080516e-07
1.643528076209363260e-07
1.660255028420040868e-07
1.677219955940454939e-07
1.694423701647085295e-07
1.711866654359329297e-07
1.729547431463868777e-07
1.747459158533218273e-07
1.765594852464888892e-07
1.783952746907405636e-07
1.802532886562074409e-07
1.821337278346540609e-07
1.840372589260469649e-07
1.859643812676779119e-07
1.879149631078858953e-07
1.898887080680639546e-07
1.918855603736670433e-07
1.939011102662491491e-07
1.960840597051118620e-07
1.981589415319108222e-07
2.002533477953833147e-07
2.022407531878352420e-07
2.043870034371413957e-07
2.065555508581987695e-07
2.087452439051163147e-07
2.109559092974942109e-07
2.131877171813986920e-07
2.154409379768068251e-07
2.177164637984242948e-07
2.200151410636358222e-07
2.223375726554598477e-07
2.246690339533708388e-07
2.270561149250529486e-07
2.294612421171321597e-07
2.318842743441560791e-07
2.343097126061277236e-07
2.367696780140873939e-07
2.392491158351106879e-07
2.417481348479538953e-07
2.442691081239656506e-07
2.468103454055340753e-07
2.493723644415627899e-07
2.519549649869660033e-07
2.545575451067580335e-07
2.571929169277738006e-07
2.598367313789689756e-07
2.624978967677063719e-07
2.651761087711850772e-07
2.678717447072212151e-07
2.706443121053187183e-07
2.733159697836611223e-07
2.760632443125402420e-07
2.788237233456800851e-07
2.815811776888744711e-07
2.844151399389878472e-07
2.872046574625084009e-07
2.900181671345978965e-07
2.928496812370421035e-07
2.958606829934754041e-07
2.987682829291304869e-07
3.012982823449753366e-07
3.041560845097335495e-07
3.070244008814450160e-07
3.100724312334489512e-07
3.129719678479748125e-07
3.158384204389753945e-07
3.187418634238830162e-07
3.216484053787593679e-07
3.245735005059788282e-07
3.274045469813049344e-07
3.303700205931648176e-07
3.332909179760510799e-07
3.362091407988427231e-07
3.391566422229915572e-07
3.420450254836346648e-07
3.449478792262061413e-07
3.478453520555897221e-07
3.507360456008015044e-07
3.536191186699238003e-07
3.564874666761206550e-07
3.587367262541004379e-07
3.622655100546814217e-07
3.651107864719875741e-07
3.679264553741022040e-07
3.707050821655893986e-07
3.730489450993716884e-07
3.769672040788709853e-07
3.786725708493259124e-07
3.815058831740477750e-07
3.843880619764783456e-07
3.870523831063145233e-07
3.896886795156872272e-07
3.922959578410730487e-07
3.949588560546525413e-07
3.973025167905427438e-07
3.998962498445671016e-07
4.023951568506547620e-07
4.048522959423452130e-07
4.072619060458901149e-07
4.096365820348438614e-07
4.119642457814928573e-07
4.142129847783378072e-07
4.164267761781711920e-07
4.185890102156978931e-07
4.206993950859002359e-07
4.227010965876749513e-07
4.249302458977430853e-07
4.268482438476439952e-07
4.285919970936814135e-07
4.304170692649260922e-07
4.321692798816970987e-07
4.338550658396878882e-07
4.355284727145367174e-07
4.367957892637829125e-07
4.382735248948678009e-07
4.417925097968193351e-07
4.413359049255672196e-07
4.425869946096156962e-07
4.437637159347079786e-07
4.448648307445174750e-07
4.458890115672854836e-07
4.468046240460484124e-07
4.476360358258674139e-07
4.483918136502659421e-07
4.490561068051772196e-07
4.497653285017755712e-07
4.500755082674290818e-07
4.504321488406166732e-07
4.506959841488209586e-07
4.509252494898079185e-07
4.509933073250681328e-07
4.509581877283529878e-07
4.508191045652348151e-07
4.505753524034727916e-07
4.503548276076189187e-07
4.497715906830500494e-07
4.492073661163479273e-07
4.485312641351131233e-07
4.477632266949227540e-07
4.468429251474258386e-07
4.457430285675833235e-07
4.438779451622041475e-07
4.434108816351778750e-07
4.420938858920276760e-07
4.405434117605580681e-07
4.389388005160766604e-07
4.372187674198276659e-07
4.353799208893077786e-07
4.334209329214008703e-07
4.313618971100509858e-07
4.291731625732746579e-07
4.268571891320710904e-07
4.246609964686507355e-07
4.218355289264660572e-07
4.190654967794304272e-07
4.163834765678274189e-07
4.134876560958916464e-07
4.104796531925674536e-07
4.073605371490553576e-07
4.041104429095281486e-07
4.007795340806477769e-07
3.973429215694938583e-07
3.938051777782176398e-07
3.901252814435057576e-07
3.863671465107155591e-07
3.825117934071939844e-07
3.785721707240782448e-07
3.745207853008764625e-07
3.703899567668835887e-07
3.661456608663453639e-07
3.618407646256095697e-07
3.574754606069656956e-07
3.530127235380393915e-07
3.484773886628991106e-07
3.438727355133158790e-07
3.392039786948454763e-07
3.344878541295746768e-07
3.297669749091181883e-07
3.248421598105642472e-07
3.199460021637421682e-07
3.150108759159116655e-07
3.100421808930838611e-07
3.050416528208988518e-07
3.000116894190302531e-07
2.949552539094511503e-07
2.898779901283292637e-07
2.847847114805460663e-07
2.796682780554668566e-07
2.745805967304489263e-07
2.694504880415064052e-07
2.641983914543293452e-07
2.592535841158199762e-07
2.541803967942088732e-07
2.491283165374401160e-07
2.440808172473244603e-07
2.391036532342498005e-07
2.340922608169646999e-07
2.291639397513819802e-07
2.243154426455174258e-07
2.194762617673159434e-07
2.146897237442486223e-07
2.099573466608777269e-07
2.052825282346177049e-07
2.006689749574835754e-07
1.961254803451381444e-07
1.916186731031566967e-07
1.878051902985525457e-07
1.828460674280682961e-07
1.785643071411063041e-07
1.743558677618494877e-07
1.702187667770742680e-07
1.661539471319147272e-07
1.621764772084451657e-07
1.582631527696442730e-07
1.543826937259202174e-07
1.506388225861310427e-07
1.469319213063836884e-07
1.433004524262238204e-07
1.397466001190179945e-07
1.362670628165531533e-07
1.329689708923301531e-07
1.292170562268079241e-07
1.262370168511850755e-07
1.229400971765685662e-07
1.198420005825449196e-07
1.167309106245868281e-07
1.136793504765639443e-07
1.106855192028757115e-07
1.077449542047347801e-07
1.048580938851600094e-07
1.020228489067459552e-07
9.925121333084557495e-08
9.648348677955384965e-08
9.375307641857078413e-08
9.108355480557767944e-08
8.847272229987501963e-08
8.591390303581207962e-08
8.340242828853109169e-08
8.093524272401097470e-08
7.850621850676976542e-08
7.602110297569656606e-08
7.376189451720814613e-08
7.144810024748609750e-08
6.917718977822480350e-08
6.720805268480881873e-08
6.479788967116721870e-08
6.270088645234051198e-08
6.066145847256634846e-08
5.863074983562780755e-08
5.672929609543497024e-08
5.483884601491220309e-08
5.300018437435610135e-08
5.118790376890832617e-08
4.949734075214379577e-08
4.785626586131733432e-08
4.627177842962144480e-08
4.472126719568660354e-08
4.320372136619385775e-08
4.172526684387323328e-08
4.029861505204785397e-08
3.893170934768443688e-08
3.762922469890355835e-08
3.628663999163542094e-08
3.519084696430848151e-08
3.403171220510187881e-08
3.289815907677447961e-08
3.178832689578553444e-08
3.070801729630770395e-08
2.965659770243676947e-08
2.863501426182633032e-08
2.771562599441298860e-08
2.669563793540635936e-08
2.578279937072851225e-08
2.490065858420805616e-08
2.403670652043563552e-08
2.319084795583200317e-08
2.234996585819256370e-08
2.158436332147757081e-08
2.081000187745815835e-08
2.007442958015181733e-08
1.936543101634623383e-08
1.868599254283538453e-08
1.803412590044117511e-08
1.737649709131157363e-08
1.676142241266669876e-08
1.618475673148167938e-08
1.563997706712321759e-08
1.511206898654285546e-08
1.459134525948939097e-08
1.407884666882479585e-08
1.358429040521603816e-08
1.311122685057645002e-08
1.265185421398959078e-08
1.220215342116858414e-08
1.177901583764647285e-08
1.137319775626080565e-08
1.098341972555503821e-08
1.060530098900895639e-08
1.023444315082749064e-08
9.873683054941013161e-09
9.526599778966283985e-09
9.197506242684809703e-09
8.885800143640573526e-09
8.586386048043750672e-09
8.295453468236399938e-09
8.010706861689567284e-09
7.733929266480054752e-09
7.467959945635896740e-09
7.213382636345173122e-09
6.969876577683784675e-09
6.735128777907121825e-09
6.507751379281132005e-09
6.287370434564762736e-09
6.074409265138478978e-09
5.869546445948935029e-09
5.672619084050089937e-09
5.483079107352040608e-09
5.300225699069413003e-09
5.123450734879951061e-09
4.952626985298293942e-09
4.787705329212382902e-09
4.628631760351107102e-09
4.475222271495658931e-09
4.327176493948046024e-09
4.184306815227864660e-09
4.046342941375372824e-09
3.913133761884310311e-09
3.784494344446127149e-09
3.660234567887761398e-09
3.540199052343875764e-09
3.424223616364169376e-09
3.312207623804820535e-09
3.203987461959782853e-09
3.099416864971749330e-09
2.998350371966717741e-09
2.900642589848361439e-09
2.806176032799076021e-09
2.714836254167167749e-09
2.626525475308565078e-09
2.541128505782716916e-09
2.458533592784215346e-09
2.378641484858391090e-09
2.301352158912555926e-09
2.226571087249828147e-09
