# cl_lkernlkern_delens
5.470677298893541893e-08
5.528386914082069177e-08
5.586952287831398302e-08
5.646398096145290614e-08
5.706775292647422076e-08
5.768129346285485710e-08
5.830497749595127127e-08
5.893911269224196940e-08
5.958386101890883073e-08
6.023932224320214232e-08
6.090566571080337308e-08
6.158305352897256191e-08
6.227158607487833167e-08
6.297131061323229405e-08
6.368241431731612496e-08
6.440496802927804097e-08
6.507003901966370661e-08
6.602091758333844462e-08
6.671211140134387851e-08
6.747207142291345539e-08
6.825133400731099358e-08
6.904510437911572180e-08
6.985197908103949242e-08
7.067121096240102382e-08
7.150226561480765057e-08
7.234462944230019138e-08
7.312976049017920732e-08
7.399709996519216331e-08
7.487679515957795024e-08
7.569330696140669423e-08
7.658068968206612014e-08
7.748028538012570657e-08
7.985527635004799033e-08
7.945769291285393565e-08
8.041242625442696812e-08
8.138002605841407193e-08
8.236014250956618338e-08
8.335249001287310901e-08
8.435667760262326969e-08
8.521237191833697959e-08
8.633292408766049699e-08
8.748653451192625037e-08
8.851616526696887627e-08
8.955748698881578249e-08
9.061209948049275973e-08
9.168087365760108420e-08
9.276373057165526617e-08
9.386037918264684577e-08
9.497076351656822874e-08
9.609457058940369722e-08
9.723116053774290682e-08
9.835257194024339047e-08
9.955308542783492100e-08
1.007472634505853403e-07
1.019476009749013973e-07
1.031580080810272567e-07
1.043795784219186288e-07
1.057288459372715893e-07
1.069583042318960629e-07
1.082046264899153616e-07
1.094659406498675427e-07
1.107389297443779576e-07
1.120224958167199586e-07
1.132316895402503734e-07
1.145372118104003998e-07
1.157560328355973718e-07
1.171933046735046295e-07
1.185485821639546395e-07
1.199168106376180006e-07
1.212960314445631344e-07
1.226844333972780640e-07
1.240801850455774857e-07
1.253800930253588644e-07
1.270328211194875854e-07
1.284119994607893330e-07
1.297949922063566045e-07
1.311850837679864593e-07
1.325846347081039944e-07
1.340153668459945413e-07
1.354626328043210349e-07
1.369172504792348184e-07
1.383755760201959835e-07
1.398359028263475531e-07
1.412978614502068501e-07
1.427168882189562011e-07
1.442291444996142910e-07
1.456999411202597117e-07
1.471752510637262359e-07
1.486554090817081644e-07
1.501130866010821442e-07
1.516278035749551249e-07
1.531226405234955627e-07
1.546184246373052252e-07
1.561140850536959942e-07
1.576269059719291584e-07
1.591497016075664823e-07
1.605399349670714182e-07
1.620264894636511163e-07
1.632553761473083229e-07
1.650064319194134648e-07
1.665522091312155532e-07
1.680668472210456814e-07
1.695719557795224628e-07
1.710032725020029105e-07
1.724806895925897072e-07
1.743437195663376923e-07
1.757519418529731319e-07
1.771451905871839021e-07
1.785219023617387648e-07
1.797204293967435539e-07
1.811269968360586725e-07
1.825180830657337837e-07
1.840255557197003206e-07
1.853940230378201035e-07
1.867520365326833258e-07
1.881155164960479642e-07
1.895667265857114028e-07
1.905722576021694335e-07
1.914939768232924398e-07
1.928645287949057012e-07
1.938917231877750294e-07
1.955797251868785664e-07
1.967716253668429810e-07
1.979391001718192059e-07
1.991845672405033429e-07
2.004629455314724362e-07
2.013775751404920728e-07
2.024624787698660126e-07
2.032948532994353230e-07
2.043086408010651816e-07
2.052968066909690851e-07
2.064633074773604415e-07
2.074417522424880753e-07
2.083000595039986406e-07
2.091411578926226099e-07
2.099550074173387996e-07
2.107438244383606676e-07
2.121523843437541300e-07
2.127617300603222285e-07
2.129362677701147431e-07
2.135667449095379109e-07
2.141512796251480636e-07
2.146150922221619547e-07
2.151223994708821627e-07
2.155796780143229817e-07
2.160053150822879923e-07
2.163721304747218605e-07
2.166859634572189455e-07
2.169492036022782387e-07
2.171620421196545636e-07
2.173233893673221389e-07
2.174452750023868239e-07
2.174779365672920477e-07
2.174640578060391360e-07
2.175218616897539697e-07
2.174284577785655502e-07
2.173166546599244828e-07
2.171399420182898754e-07
2.164633525664111209e-07
2.161277899391205333e-07
2.161384555119569925e-07
2.158037495024723130e-07
2.153123646499186258e-07
2.147757979435164537e-07
2.141784667662990311e-07
2.135308244368882170e-07
2.128235415369807221e-07
2.120558304432391810e-07
2.112276415717699094e-07
2.104802050686575445e-07
2.095464398856074564e-07
2.083759882402185128e-07
2.073305313370780434e-07
2.062409444588741259e-07
2.050788825654638183e-07
2.038591559416007139e-07
2.025827089161628078e-07
2.012509189072453434e-07
1.998635676551361108e-07
1.984192952583467525e-07
1.969185353656042209e-07
1.952412383723133957e-07
1.935793790988069368e-07
1.920994826687608146e-07
1.903814317160266405e-07
1.886205772313292039e-07
1.862551044097914190e-07
1.850939269641728120e-07
1.831250890474811719e-07
1.811967142363464380e-07
1.792251652469387790e-07
1.772112361044641699e-07
1.751564887572457677e-07
1.730633311184206610e-07
1.709671658355331924e-07
1.688067684278142026e-07
1.666064445781444548e-07
1.645767793488809572e-07
1.621202889405733212e-07
1.597672380762172094e-07
1.574784507258036796e-07
1.552386710799099640e-07
1.529012986578665576e-07
1.505449595938987252e-07
1.481670303541296345e-07
1.457936766613943257e-07
1.434079576816643878e-07
1.410092482029860876e-07
1.385184294058846005e-07
1.359687477848810844e-07
1.337545306797325694e-07
1.313291795719248897e-07
1.289051772277911762e-07
1.264858545559599597e-07
1.232083834053303191e-07
1.216927677218413238e-07
1.193154789164191799e-07
1.169519041751395432e-07
1.146023359326555709e-07
1.122667959078465309e-07
1.099636485143316916e-07
1.076772124797615062e-07
1.054011472782178009e-07
1.033426622510266238e-07
1.008973168286631336e-07
9.867319317145857790e-08
9.633664960798706257e-08
9.430432950434219470e-08
9.216952768281519122e-08
9.089323100832329931e-08
8.872909238576530325e-08
8.598886126267454064e-08
8.399973120330144801e-08
8.204430499101240929e-08
8.012099985748078392e-08
7.822616479973090962e-08
7.635586856274379191e-08
7.456489032933378603e-08
7.247780809357379489e-08
7.089757532773560012e-08
6.913677554819870110e-08
6.741241100601966832e-08
6.572839632950539706e-08
6.408402994859956214e-08
6.247433897192404044e-08
6.089361187691871240e-08
5.956023760231181258e-08
5.782211408508016797e-08
5.633446947888460931e-08
5.473186902164334412e-08
5.320211515885463264e-08
5.193605589804263815e-08
5.049748505074400139e-08
4.908148426437940096e-08
4.769276592651943571e-08
4.633691736675884389e-08
4.501709324398920885e-08
4.373231642070149091e-08
4.229635774042182860e-08
4.124828805720636094e-08
4.013007727930003927e-08
3.884138877904314927e-08
3.765333777490856623e-08
3.647780418712462069e-08
3.531998342818479563e-08
3.418255095863469760e-08
3.306961494056360944e-08
3.224446908495058999e-08
3.090054460581187386e-08
2.990215592923312574e-08
2.894161462506279659e-08
2.801370628574083488e-08
2.710814295176152613e-08
2.621042744892410194e-08
2.531708590636394406e-08
2.443467944573035969e-08
2.357140060642533891e-08
2.273464734676864939e-08
2.193419296901700557e-08
2.129558820756773183e-08
2.061134001207819774e-08
1.979774624138939295e-08
1.914939640254302675e-08
1.852100013366252456e-08
1.787990284926662987e-08
1.723297366345075936e-08
1.662073484389015556e-08
1.611332494054627217e-08
1.554750648280927891e-08
1.500301341277076178e-08
1.448140191561596212e-08
1.398173314913366648e-08
1.349850605409385037e-08
1.305650419356850844e-08
1.257824399415940034e-08
1.210960531021162787e-08
1.165932643624884300e-08
1.121309213017420752e-08
1.078841214296273968e-08
1.038543872541899642e-08
1.000769128635379320e-08
9.650678395325746205e-09
9.300896158797299928e-09
8.973913232975568632e-09
8.646547718626741904e-09
8.326309198475238661e-09
8.014728342988249251e-09
7.715199917272109350e-09
7.439026498112635878e-09
7.169897074600371388e-09
6.910463355421481499e-09
6.662474572335956332e-09
6.417770538894468752e-09
6.176159613482864257e-09
5.940872613001140121e-09
5.714887974909195086e-09
5.501064568389074354e-09
5.296097496505203655e-09
5.098090398063203170e-09
4.907953584529032661e-09
