# cl_lsstdesi_delens
1.195187309615419017e-07
1.212726862599554729e-07
1.230649933639824965e-07
1.248964338238182007e-07
1.267678023169520894e-07
1.286799066718717364e-07
1.306335679812740850e-07
1.326296207220222812e-07
1.346689128926818273e-07
1.367523060054138682e-07
1.388806751807818419e-07
1.410549090892761896e-07
1.432759098957888844e-07
1.455445932281316252e-07
1.478618881748945373e-07
1.502287373107184331e-07
1.526460967236169183e-07
1.551149360192365971e-07
1.576362381385199691e-07
1.602109991620681879e-07
1.628402280433792051e-07
1.655249463758013450e-07
1.682661882512168165e-07
1.710650000918741203e-07
1.739224405939053254e-07
1.768395806339176039e-07
1.798175030059220834e-07
1.828573019746071611e-07
1.859600827328743848e-07
1.891269608221457533e-07
1.923590615774562862e-07
1.956575197959944936e-07
1.990234791874673025e-07
2.024580920452712525e-07
2.059625186331320095e-07
2.095379265502857303e-07
2.131854899867097257e-07
2.169063888842716140e-07
2.207018080978248193e-07
2.245729365126417714e-07
2.285209661044469654e-07
2.325470911295464203e-07
2.366525071369700781e-07
2.408384100368135680e-07
2.451059948634820915e-07
2.494564544803056516e-07
2.538909781231121689e-07
2.584107500061305763e-07
2.630169481159256458e-07
2.677107429510071395e-07
2.724932959922615255e-07
2.773657581005426711e-07
2.823292672906424174e-07
2.873849468426797983e-07
2.925339032343814906e-07
2.977772242945124546e-07
3.031159776329151366e-07
3.085512088292460310e-07
3.140839394108614430e-07
3.197151642399790325e-07
3.254458486137682453e-07
3.312769252360768191e-07
3.372092910161566859e-07
3.432438043774645926e-07
3.493812832739733539e-07
3.556225040875043085e-07
3.619682000649796428e-07
3.684190587432673716e-07
3.749757165592344031e-07
3.816387521687655913e-07
3.884086795020387515e-07
3.952859424163982054e-07
4.022709151114576762e-07
4.093639020593215560e-07
4.165651390859106603e-07
4.238747950239993282e-07
4.312929751752639660e-07
4.388197278807768046e-07
4.464550440363651467e-07
4.541988236065843242e-07
4.620507712320249054e-07
4.700103009006535617e-07
4.780764886261567935e-07
4.862482307245050139e-07
4.945246509645344599e-07
5.029054531143300368e-07
5.113910442729302190e-07
5.199818353270590755e-07
5.286772639404845216e-07
5.374749241521215347e-07
5.463701157140791438e-07
5.553568349368338132e-07
5.644284536418576708e-07
5.735782225383562351e-07
5.828005273748819164e-07
5.920915449553469073e-07
6.014501438181162665e-07
6.108786869167464317e-07
6.203810448180745608e-07
6.299604623653856010e-07
6.396177353564980046e-07
6.493499250994787460e-07
6.591521718797105355e-07
6.690186549689080503e-07
6.789432676233149321e-07
6.889210609685514020e-07
6.989470295873346750e-07
7.090160766063161217e-07
7.191233483778576044e-07
7.292630347261390062e-07
7.394286607992277386e-07
7.496133914177186052e-07
7.598096816576889822e-07
7.700099150034722068e-07
7.802068021014316290e-07
7.903930504596329774e-07
8.005612103398644644e-07
8.107033148445860586e-07
8.208105197934147882e-07
8.308732487074027467e-07
8.408815409355273737e-07
8.508253096445772295e-07
8.606944352020627873e-07
8.704786215725459092e-07
8.801671903246258505e-07
8.897490197230560946e-07
8.992125878812856136e-07
9.085460189008055905e-07
9.177370669888096483e-07
9.267730669079259186e-07
9.356409012277534136e-07
9.443270578265680004e-07
9.528177127997427703e-07
9.610987825612845022e-07
9.691560439488550658e-07
9.769752309868590937e-07
9.845421160876060235e-07
9.918425110625005718e-07
9.988613634471861805e-07
1.005581600774055463e-06
1.011983467735177234e-06
1.018045355788417128e-06
1.023747991993106065e-06
1.029078289848319314e-06
1.034031302782524414e-06
1.038606928622285282e-06
1.042804661956504399e-06
1.046619061446294321e-06
1.050036190020707303e-06
1.053035809457739042e-06
1.055592450252075561e-06
1.057675067050462548e-06
1.059252963782834746e-06
1.060300669627704807e-06
1.060799208764388110e-06
1.060737877922222086e-06
1.060107861216502949e-06
1.058894408886070343e-06
1.057076184485909570e-06
1.054627425784913554e-06
1.051524302788964468e-06
1.047752577674042323e-06
1.043309911408947174e-06
1.038201749147287129e-06
1.032439917298137296e-06
1.026041156152580921e-06
1.019022356461536499e-06
1.011399243821075699e-06
1.003185557862888559e-06
9.943908485133136175e-07
9.850231778610030605e-07
9.750923441369067404e-07
9.646084793423967583e-07
9.535834995724636506e-07
9.420329008861808613e-07
9.299764533796225027e-07
9.174412092358044234e-07
9.044606866334511420e-07
8.910726536425893029e-07
8.773182825992183032e-07
8.632392945109180705e-07
8.488773794780885136e-07
8.342756306751230645e-07
8.194785671290778881e-07
8.045323662896877808e-07
7.894852294285765577e-07
7.743855228818717794e-07
7.592807019109233276e-07
7.442172768423179333e-07
7.292404111581106565e-07
7.143941340675606126e-07
6.997224017454880924e-07
6.852698591034561402e-07
6.710815289070007973e-07
6.572013790113776194e-07
6.436684607428302308e-07
6.305136861355229716e-07
6.177585195700361487e-07
6.054164967939008723e-07
5.934949407367708327e-07
5.819954033052794065e-07
5.709143223816477173e-07
5.602416197475362644e-07
5.499596401405831703e-07
5.400431224345794184e-07
5.304584313116634695e-07
5.211632005989858110e-07
5.121066623172509618e-07
5.032311878766897461e-07
4.944774000488133008e-07
4.857884251247987791e-07
4.771120299961024513e-07
4.683987378559747133e-07
4.595995536537973945e-07
4.506647581651246143e-07
4.415438070536699277e-07
4.321933279300501758e-07
4.225830273693792478e-07
4.126984551865607968e-07
4.025415420845200033e-07
3.921295229086749937e-07
3.814933778561786577e-07
3.706750945561368712e-07
3.597277029073805850e-07
3.487142956567775613e-07
3.377071553125454969e-07
3.267864396950997241e-07
3.160355728007107215e-07
3.055367811278441034e-07
2.953664516738843987e-07
2.855874381834442305e-07
2.762443044327972940e-07
2.673602973770944080e-07
2.589395115626597811e-07
2.509704204311729814e-07
2.434249862216258263e-07
2.362607931283455463e-07
2.294239673325743209e-07
2.228507846531045675e-07
2.164721970585461308e-07
2.102209837036589937e-07
2.040410415422776234e-07
1.978941565868356178e-07
1.917613742937497282e-07
1.856428439482853894e-07
1.795551061169415369e-07
1.735300685187005583e-07
1.676099402129270868e-07
1.618373752680140680e-07
1.562520916835291991e-07
1.508870459141148043e-07
1.457614346318705281e-07
1.408793602551497323e-07
1.362258038748127610e-07
1.317703813331780809e-07
1.274767158296754644e-07
1.233055668481813318e-07
1.192218074033396146e-07
1.152020000216161103e-07
1.112371073243605963e-07
1.073372724243505604e-07
1.035249509171432932e-07
9.982409100264465551e-08
9.625772846863134767e-08
9.284239288388373537e-08
8.958475851822841564e-08
8.648192412077233529e-08
8.351774325960274853e-08
8.066913099388800016e-08
7.791636313759790916e-08
7.524550409036140696e-08
7.265094845360887069e-08
7.013376265623885012e-08
6.769655346153843970e-08
6.534314400493313091e-08
6.307725444947382264e-08
6.089822479664731054e-08
5.880150104753743037e-08
5.678095916827710496e-08
5.483015717853605188e-08
5.294579759321110183e-08
5.112926864667138672e-08
4.938286801348580064e-08
4.770732475968474816e-08
4.610056830980306638e-08
4.455630557706289394e-08
4.306770141050869410e-08
4.163062229649448903e-08
4.024366637727382059e-08
3.890702433281508048e-08
3.762143822919933723e-08
3.638663481141146897e-08
3.520062234819411904e-08
3.406086083540462561e-08
3.296439487767371869e-08
3.190792732083074567e-08
3.088891013159436763e-08
2.990638869519177752e-08
2.896049565041295430e-08
2.805132117604733497e-08
2.717811826198516784e-08
2.633883789943415031e-08
2.553062090242380996e-08
2.475099899279994939e-08
2.399866383189301134e-08
2.327324329596930354e-08
2.257456222673947164e-08
2.190205669191342912e-08
2.125453799975987183e-08
2.063040637482347158e-08
2.002818144756401415e-08
1.944679979638407697e-08
1.888556476729949707e-08
1.834391231097748630e-08
1.782119856373880905e-08
1.731661530557545568e-08
1.682924325350746778e-08
1.635820889395713003e-08
1.590276110427815345e-08
1.546226767561821027e-08
