# cl_lsstlsst_delens
9.311941945908014400e-07
9.410269190001046056e-07
9.509066769544785956e-07
9.610221359634505595e-07
9.712750902463148277e-07
9.816638721661286584e-07
9.921878729640461575e-07
1.002847277877964081e-06
1.013645049501535793e-06
1.024584857114362494e-06
1.035780534909267640e-06
1.047031777669132801e-06
1.058252504308987422e-06
1.069587529064798306e-06
1.081439534713165297e-06
1.094484702810497082e-06
1.107015832051086454e-06
1.116518023707571378e-06
1.129422575967895001e-06
1.141879085617206725e-06
1.154387411290749228e-06
1.167048380749858321e-06
1.179837084410940753e-06
1.192762891783121558e-06
1.205827802402659359e-06
1.218809914534223520e-06
1.232104247360078446e-06
1.245345110209984034e-06
1.259316285767639332e-06
1.273081738331480382e-06
1.286948301531642874e-06
1.300811610639576661e-06
1.314883247063012057e-06
1.329097181083849434e-06
1.343382846701310620e-06
1.357770748841544943e-06
1.372266065472974527e-06
1.386869302772404725e-06
1.401566686692171309e-06
1.416380025313758758e-06
1.431279108204728481e-06
1.446219912557982783e-06
1.461282120163070393e-06
1.476419174831959628e-06
1.491630358101994041e-06
1.506922107555264789e-06
1.522280327203493649e-06
1.537724857426222292e-06
1.553246651861015704e-06
1.568827413954277839e-06
1.584449155333306335e-06
1.600099439187568158e-06
1.615769860612290674e-06
1.631453664539530359e-06
1.646819809370012388e-06
1.662850461690621294e-06
1.678572503669545031e-06
1.694761042824442775e-06
1.709927808228884610e-06
1.725735104006055777e-06
1.741382381040231207e-06
1.757256408399499642e-06
1.772873337025459217e-06
1.788494905007762370e-06
1.804053260034919229e-06
1.819498078133643505e-06
1.834865205257583661e-06
1.850154521814719245e-06
1.865367394216895760e-06
1.880501047050688910e-06
1.895422209508274701e-06
1.910341909553741895e-06
1.924531574945049410e-06
1.939955828729489254e-06
1.954446769282964499e-06
1.968861596355424695e-06
1.983332504720744031e-06
1.998215458497555356e-06
2.010723379624988207e-06
2.024362607910731556e-06
2.037663659126106670e-06
2.050864080741921518e-06
2.062739102140871669e-06
2.075993116224609550e-06
2.087579773513400996e-06
2.100787075220079155e-06
2.112453812584786733e-06
2.123551121524814332e-06
2.135140656341038113e-06
2.146230490620354807e-06
2.156968925607872019e-06
2.167343014218052491e-06
2.177315423712405145e-06
2.186872158367404128e-06
2.196042225897995519e-06
2.204847037952540111e-06
2.213279474191090555e-06
2.221319209291246698e-06
2.228935258643837105e-06
2.236112233582734822e-06
2.242761700386141488e-06
2.248831017785648189e-06
2.253759725301529582e-06
2.262141991967286508e-06
2.265632311019281816e-06
2.269646766883209161e-06
2.273271374020458845e-06
2.276410393850558123e-06
2.279026265803588201e-06
2.281108284133706736e-06
2.282671130851184958e-06
2.283734463049199504e-06
2.284317532969754420e-06
2.284226787036398228e-06
2.284127889558886445e-06
2.283305567182315996e-06
2.281753710538578189e-06
2.279330801063716952e-06
2.276116442330682337e-06
2.271794308502388052e-06
2.267579430629408826e-06
2.262946976194836331e-06
2.258921728515376908e-06
2.255252681209764334e-06
2.245100825880392739e-06
2.237173632869743178e-06
2.229144363925037124e-06
2.219667478790360176e-06
2.210859744165122677e-06
2.201222737314547368e-06
2.190912114645885242e-06
2.179956058054133387e-06
2.168405600827321908e-06
2.155987471236713689e-06
2.142898103533545900e-06
2.129074419073242233e-06
2.113785624284720317e-06
2.100838859316320537e-06
2.085670480393133675e-06
2.065504624785460221e-06
2.053332832024102303e-06
2.036342503936305147e-06
2.018865907885615669e-06
2.003019991111817156e-06
1.982454705024790525e-06
1.963539326923469686e-06
1.944199541384747651e-06
1.923847926808155094e-06
1.903242735338561778e-06
1.882697271519090104e-06
1.861367211832409180e-06
1.841281333037188345e-06
1.817538770314911808e-06
1.794539769389373723e-06
1.772334280978557686e-06
1.749236356558456950e-06
1.725700249360446616e-06
1.702048520671827361e-06
1.678208186878642868e-06
1.654012790803314382e-06
1.629743207220313449e-06
1.605233972540756941e-06
1.580496180174142838e-06
1.555571619152722842e-06
1.530395751267681825e-06
1.505310663220660812e-06
1.480074217663092108e-06
1.454810196393744283e-06
1.429410879559095530e-06
1.404273593548399701e-06
1.378777947496248843e-06
1.353569974868128490e-06
1.328428058609731149e-06
1.303351649707104938e-06
1.278276359835233152e-06
1.253677417894605376e-06
1.229025918449639185e-06
1.203997152066712818e-06
1.179422257006316156e-06
1.155139604624868327e-06
1.131067634080825971e-06
1.107217411980305445e-06
1.083597463548306764e-06
1.060228133717620410e-06
1.037171137010786764e-06
1.014301485526147390e-06
9.917367811917439946e-07
9.694988690038571955e-07
9.475383945380868622e-07
9.256581226855520537e-07
9.043160384145009874e-07
8.835497693271950663e-07
8.629030648618854863e-07
8.427728160686061413e-07
8.225342361772583279e-07
8.025908291656356303e-07
7.835091801040505292e-07
7.644858870938571742e-07
7.458050416363903489e-07
7.274908286016581936e-07
7.095674292135415172e-07
6.952184914657641275e-07
6.744044641514699760e-07
6.574428449400565766e-07
6.407183816340102352e-07
6.243516900599340314e-07
6.081777259721655909e-07
5.924285607146178575e-07
5.769447918478574199e-07
5.617580350474348919e-07
5.468575991191841401e-07
5.322616223896498568e-07
5.179490066483038208e-07
5.039014254325751072e-07
4.900897731342799613e-07
4.765627702627495838e-07
4.633055494884066468e-07
4.503377388303224643e-07
4.376381270979427656e-07
4.251917228991796942e-07
4.131991052790363731e-07
4.010104539235033640e-07
3.893187953821602135e-07
3.778661164662600598e-07
3.666796645407379958e-07
3.556816758647201141e-07
3.450441579257880222e-07
3.345951915325418603e-07
3.243978319076961630e-07
3.144524560021592743e-07
3.047599943458731608e-07
2.953574050040373056e-07
2.861176781002697665e-07
2.771670022277445182e-07
2.657722346947223755e-07
2.600016662152045563e-07
2.517850916528289259e-07
2.438095651542683846e-07
2.360731410197964116e-07
2.285699227034914845e-07
2.212981133137499905e-07
2.142529609177693238e-07
2.074074683890578524e-07
2.008263822444298962e-07
1.958815124841264290e-07
1.882480909880230784e-07
1.822629822504447030e-07
1.764928554539272537e-07
1.708679003101426751e-07
1.654538296469517831e-07
1.602120803932851047e-07
1.578678613152180371e-07
1.527903346405839139e-07
1.454977202915622272e-07
1.408964821515022928e-07
1.364431604975831233e-07
1.324924931063125953e-07
1.279760908634897282e-07
1.239496151793956237e-07
1.200522720700258045e-07
1.162786307822491804e-07
1.126255331238485308e-07
1.090935824199479004e-07
1.056965231115767784e-07
1.023777387731431079e-07
9.918769879882008753e-08
9.687688957625952508e-08
9.312406404535440679e-08
9.023462254297006822e-08
8.742655470764692869e-08
8.466513765917662175e-08
8.219080193758248060e-08
7.962183012307596705e-08
7.708844069664362699e-08
7.470825362495783683e-08
7.251189363195058593e-08
7.035543697679481179e-08
6.833512858484101605e-08
6.638811011560946294e-08
6.443589120107406472e-08
6.254127600503157352e-08
6.069900266006610790e-08
5.895504740950435096e-08
5.726518233890653984e-08
5.561158165454459490e-08
5.399137251082257783e-08
5.236701899576310590e-08
5.094041217413025117e-08
4.953901714596125999e-08
4.811345396375767163e-08
4.676572993431246587e-08
4.548593839627180568e-08
4.420882187014019948e-08
4.297233683983396509e-08
4.178711332439962474e-08
4.065184488252206824e-08
3.953826846847897347e-08
3.848101236175606829e-08
3.744907944486583524e-08
3.643850517432022488e-08
3.545365384545642002e-08
3.450177759147959178e-08
3.358898068565598939e-08
3.271358630004287091e-08
3.186776858432157920e-08
3.104270036236663641e-08
3.023441857107199417e-08
2.944588239387507167e-08
2.868184177132017003e-08
2.794537999024608321e-08
2.723500277415071133e-08
2.654690128056840514e-08
2.587696014733669059e-08
2.522352132923063322e-08
2.458734481237743219e-08
2.396961587322197044e-08
2.337078416245157075e-08
2.279009420497286543e-08
2.222626035397267989e-08
2.167786744596766878e-08
2.114418873817709797e-08
2.062506521098206869e-08
2.012036925192456499e-08
1.962971651209688288e-08
1.915265179332843534e-08
1.868870484504217605e-08
1.823732835449163149e-08
1.779814295932123366e-08
1.737087660987341395e-08
1.695519294084961863e-08
1.655066947554854040e-08
1.615699356525389618e-08
1.577389112257655432e-08
1.540102112605851054e-08
1.503808480212275651e-08
1.468485269975579461e-08
1.434104470778510979e-08
1.400634875098837758e-08
1.368055001705909040e-08
1.336344811667236045e-08
1.305479083039639067e-08
1.275434841259010232e-08
1.246194880593876430e-08
1.217738114369348602e-08
1.190041136439089650e-08
1.163087140930891236e-08
1.136859403148214376e-08
1.111337080310103798e-08
1.086501753822530052e-08
1.062339736887200855e-08
