# cl_lsstska10_delens
5.481519977905688173e-07
5.537407596197085025e-07
5.594151813039404139e-07
5.651729712295626595e-07
5.710127392422932042e-07
5.770054308115500445e-07
5.829909663137500213e-07
5.890580494586714896e-07
5.952075789615930909e-07
6.014393048483037423e-07
6.077526908236019411e-07
6.141480220406100435e-07
6.206261725785339884e-07
6.271887470202041189e-07
6.338373647019513276e-07
6.405726328571444989e-07
6.473922699400239837e-07
6.542927220264138674e-07
6.613081177220295544e-07
6.683591053721497685e-07
6.754846040030071616e-07
6.826878595620182683e-07
6.899707085942855199e-07
6.973250116092672710e-07
7.047530595985931943e-07
7.122837175697303016e-07
7.198887781192303003e-07
7.280478304905330066e-07
7.353470181633230526e-07
7.432047421914716726e-07
7.511381675183627326e-07
7.591444670555821016e-07
7.672178114589504666e-07
7.753541188665727536e-07
7.835525411156727296e-07
7.918118576765519038e-07
8.001348212333126547e-07
8.085072911413719678e-07
8.169849724077759387e-07
8.255386809958238089e-07
8.341127668492417155e-07
8.428327301350618790e-07
8.515066183856126956e-07
8.603068151505606286e-07
8.691493041921703754e-07
8.780378011487252312e-07
8.869736054673424961e-07
8.959581367143814983e-07
9.049765336766394762e-07
9.140659246147256014e-07
9.232019838634905874e-07
9.323784399495237126e-07
9.416011505891777516e-07
9.508615414663300822e-07
9.601543466631339622e-07
9.703685729983691289e-07
9.788170272688104466e-07
9.881618838078907378e-07
9.975550318576448089e-07
1.006967271037559158e-06
1.016955632346981918e-06
1.025901249288338035e-06
1.035366168639583311e-06
1.044726465514428838e-06
1.054142448841817793e-06
1.063573885998378357e-06
1.073482676703568456e-06
1.082374057431277859e-06
1.091782782084461976e-06
1.100851178468186926e-06
1.110550892824691138e-06
1.119991645107728347e-06
1.129191443413716629e-06
1.138445495725121133e-06
1.147647922989360756e-06
1.156797059972874628e-06
1.165915889532886073e-06
1.175237308382386892e-06
1.183831058392331692e-06
1.192771466012170888e-06
1.201627539952497986e-06
1.210529724030094160e-06
1.219095351697380094e-06
1.227707237858172710e-06
1.236192501993319693e-06
1.244575891075556836e-06
1.252852462329958968e-06
1.261005923197904875e-06
1.269011690551794844e-06
1.277135095574892863e-06
1.284949788903692199e-06
1.292655654060679528e-06
1.300023435708508580e-06
1.307326263576031576e-06
1.314488325820497707e-06
1.320330911043074260e-06
1.328320086925480553e-06
1.334978886358478097e-06
1.341433088660318451e-06
1.347702750926956065e-06
1.353902648357675905e-06
1.361125024143160971e-06
1.365058013987722275e-06
1.370638404220055379e-06
1.375937696854081933e-06
1.380995027745028850e-06
1.386194590858577610e-06
1.390446450354484347e-06
1.394789117603615991e-06
1.398513303161023410e-06
1.402504929527310096e-06
1.405983387680431041e-06
1.408981437719692852e-06
1.411938234648443719e-06
1.415476835140173974e-06
1.417051412752851235e-06
1.419143757429522054e-06
1.420906688924455715e-06
1.422314158670008809e-06
1.423419014154626440e-06
1.424271618578691666e-06
1.423674201534160081e-06
1.424877089166679898e-06
1.424274009712994131e-06
1.424441816833488399e-06
1.423556703592045300e-06
1.422346747651596804e-06
1.428162866822653769e-06
1.418954450953898256e-06
1.416700608491906981e-06
1.414257739456415091e-06
1.411126051216928611e-06
1.407805828941568453e-06
1.404135122379053344e-06
1.400101255421137525e-06
1.395540054572332379e-06
1.390870148901969195e-06
1.385694775568032708e-06
1.380160251378492493e-06
1.374273467910157985e-06
1.368023774621280372e-06
1.361431013329095333e-06
1.354451340149839704e-06
1.347155666503780577e-06
1.339448938426448590e-06
1.331427538351700806e-06
1.323022746898973861e-06
1.314311491747129358e-06
1.305117210207864817e-06
1.292169583206069966e-06
1.285891674129059359e-06
1.275454918973122962e-06
1.265287177355003949e-06
1.254537180300926451e-06
1.243492288530009917e-06
1.232148295186858632e-06
1.220501317961163665e-06
1.208442002843615007e-06
1.196450048231360868e-06
1.183822647236539127e-06
1.171071084120128997e-06
1.158028392699840264e-06
1.144769189761155634e-06
1.131262879039040802e-06
1.117574782141340262e-06
1.103786713103999023e-06
1.089556676762976875e-06
1.075273410265048892e-06
1.060748281494269536e-06
1.046205773216857284e-06
1.031392562055475472e-06
1.015931580050405322e-06
1.001351668254735278e-06
9.863024861236743302e-07
9.710766997139530341e-07
9.557762797879380537e-07
9.403979091000910927e-07
9.248785778525957638e-07
9.095755071141885412e-07
8.940000470205287930e-07
8.784856977895517381e-07
8.629732495300144399e-07
8.475055908670392175e-07
8.331203417484454105e-07
8.165733230441049488e-07
8.012605770477460742e-07
7.859099161719336468e-07
7.706890231274601190e-07
7.555472174650995201e-07
7.405105243241660732e-07
7.255812108092419484e-07
7.107718285975641865e-07
6.960958150974489756e-07
6.815998456427378473e-07
6.671824920909247083e-07
6.529513099584652309e-07
6.388759869417209191e-07
6.249700098236282591e-07
6.112461512862340171e-07
5.959030420586165916e-07
5.843307492881757585e-07
5.711909974313694070e-07
5.582149994973215206e-07
5.454263751375847927e-07
5.328420310509720152e-07
5.204586974372947629e-07
5.082759111411267396e-07
4.962727544001908479e-07
4.845043748506846804e-07
4.729154373689589163e-07
4.615254466522832660e-07
4.503313987407130793e-07
4.393334719845055958e-07
4.285115683354852796e-07
4.179092745096644110e-07
4.074778891247939054e-07
3.972310024818573494e-07
3.871649702453694141e-07
3.772738629347556196e-07
3.675624087196331474e-07
3.580240154617706836e-07
3.486524091347412289e-07
3.394475233651773442e-07
3.304053618620865877e-07
3.215139416202891895e-07
3.127960674005705318e-07
3.042466899403752846e-07
2.957952638366057174e-07
2.880892470159450800e-07
2.782734660641419829e-07
2.715603818926511078e-07
2.637759904162623337e-07
2.561518604921131703e-07
2.486853347406961667e-07
2.413417114361246933e-07
2.342098744746457087e-07
2.272044723489604673e-07
2.203603159455973277e-07
2.136763116118148130e-07
2.072742484920876884e-07
2.008161032541808425e-07
1.945977436189671299e-07
1.885610189304417929e-07
1.826865585970794121e-07
1.769752301644357191e-07
1.714145611103141290e-07
1.660329638543991825e-07
1.608081510245956513e-07
1.557352137601855901e-07
1.508176533226389586e-07
1.460467175807458427e-07
1.423026582076785860e-07
1.369433569359263602e-07
1.326315433553553380e-07
1.284377725130876884e-07
1.243925872698112859e-07
1.203103996028871234e-07
1.166279938291386929e-07
1.129335999540280301e-07
1.093939611911408569e-07
1.059073679911619737e-07
1.025530483346653320e-07
9.946149732581808809e-08
9.634611821961320926e-08
9.307537490769189961e-08
9.012885857655907507e-08
8.725572677573503016e-08
8.445080342682021285e-08
8.175133694473270840e-08
7.885032842377162243e-08
7.655883447298483643e-08
7.412380868236062435e-08
7.177638762639840858e-08
6.948233313228637971e-08
6.729063695194446943e-08
6.513140982464520872e-08
6.303864130094178750e-08
6.099797734788708283e-08
5.918895698459540652e-08
5.722072388832424936e-08
5.535029897788755177e-08
5.358946875391046392e-08
5.204700096728999610e-08
5.041182058689640106e-08
4.880120516242893440e-08
4.728361987233162711e-08
4.581744896384003124e-08
4.437078276700927537e-08
4.300822470707471121e-08
4.170017403169652749e-08
4.043248612744937200e-08
3.918651953727117299e-08
3.796598722379244727e-08
3.678511772979327315e-08
3.565523780218467368e-08
3.457821163472773040e-08
3.354143623406760471e-08
3.253245574117313775e-08
3.154649519340473917e-08
3.058657836921542709e-08
2.965952136397340759e-08
2.876790262314003880e-08
2.790971086708782869e-08
2.707998959493942311e-08
2.627432374330072446e-08
2.549130380007720307e-08
2.473139422789653198e-08
2.399612126023991534e-08
2.328505064150519937e-08
2.259751178776845528e-08
2.193133975607940155e-08
2.129421912706745464e-08
2.066405642579429768e-08
2.005186070128745046e-08
1.945975575176119088e-08
1.888877257949520003e-08
1.833687311124348053e-08
1.780127878020764375e-08
1.728027956790017075e-08
1.677310961697043669e-08
