# cl_lkerndesi_delens
2.061781197534594582e-04
2.219104697923674646e-04
2.394245992978685908e-04
2.589049282565932951e-04
2.805504295338745219e-04
3.045744827825930929e-04
3.312041444229801759e-04
3.606788459347146569e-04
3.932481107512455902e-04
4.291682421927910042e-04
4.686979532861025783e-04
5.120910793684153774e-04
5.595899670932382667e-04
6.114142069618656253e-04
6.677483133463818455e-04
7.287265206716493117e-04
7.944161849782510783e-04
8.647888772623770143e-04
9.397327636465085303e-04
1.018769295381562407e-03
1.101108421367088305e-03
1.186591196645883466e-03
1.274388200498641774e-03
1.363276357047891758e-03
1.451755173241309855e-03
1.537924398013431650e-03
1.619519424249543302e-03
1.693892548967509482e-03
1.758060815996185643e-03
1.808591952506316243e-03
1.842944117367993368e-03
1.857711507803044360e-03
1.848609781563248771e-03
1.812162373456574016e-03
1.748426964077118458e-03
1.659394043611569017e-03
1.548445596029787014e-03
1.422780282749944994e-03
1.291711185070417616e-03
1.165035888610172236e-03
1.051571950559505950e-03
9.551676121289008831e-04
8.725935669106025128e-04
7.943810593217429756e-04
7.104795916542944309e-04
6.180503733922218523e-04
5.259464719245234487e-04
4.469636402015829185e-04
3.833209141235057685e-04
3.271082774585086961e-04
2.756952410338575957e-04
2.327223002736676508e-04
1.956332491093215110e-04
1.626272796649275143e-04
1.357867030667311533e-04
1.133291195020492867e-04
9.441977518367069048e-05
7.875224095192164431e-05
6.584018981739150715e-05
5.522286004786950461e-05
4.646738952361547807e-05
3.929399058580849405e-05
3.338846680811722559e-05
2.851696839181409448e-05
2.448220747332558876e-05
2.111852101024567862e-05
1.829345706219056775e-05
1.589977344044114663e-05
1.385219362403272837e-05
1.208386742119313783e-05
