# cl_lsstcib_delens
1.242902356267368454e-02
1.333760396143243016e-02
1.434309650865171933e-02
1.545424717840131364e-02
1.668016005689814882e-02
1.803031503336793503e-02
1.951432049194849749e-02
2.114195114585936883e-02
2.292274459104731710e-02
2.486582321171038751e-02
2.697969857205510455e-02
2.927168965381913082e-02
3.174766170797810316e-02
3.441124137571459352e-02
3.726357960090476151e-02
4.030202726933413554e-02
4.352041574265765045e-02
4.690700251209443949e-02
5.044400478101046525e-02
5.410784971560016893e-02
5.786709720634859028e-02
6.168138436020188797e-02
6.550251932706305236e-02
6.927225644888201916e-02
7.292308283877400876e-02
7.637812829950990645e-02
7.955190114893923026e-02
8.235080027811586545e-02
8.467684079546057563e-02
8.643088958969130653e-02
8.751821158038788906e-02
8.785315039155268402e-02
8.736644381918330649e-02
8.601288584986184482e-02
8.377825237035571582e-02
8.068925348924725627e-02
7.681281828922523203e-02
7.226608581548298049e-02
6.721455344454953240e-02
6.185873371893836625e-02
5.641309653747419994e-02
5.107397591546160298e-02
4.599663795612424222e-02
4.127644446287078578e-02
3.693626913595136896e-02
3.293228589641922915e-02
2.918403428072241512e-02
2.562011464922821571e-02
2.222080222528168350e-02
1.903609354835847714e-02
1.615900451499538426e-02
1.366517711789115228e-02
1.155889891792062120e-02
9.772029994937524514e-03
8.221799136710530170e-03
6.871074112088485647e-03
5.723653969941201562e-03
4.771149482430780790e-03
3.977755433664005233e-03
3.312804536170352830e-03
2.761262264094565665e-03
2.306233466831631492e-03
1.929995921554153405e-03
1.619589742930199402e-03
1.363315532508431590e-03
1.151346533049887790e-03
9.755451683975232191e-04
8.291789723439672464e-04
7.067557949972121502e-04
6.038094031983528166e-04
