# cl_lsstska1_delens
2.521670077762904062e-07
2.549955696411278279e-07
2.578713813141280968e-07
2.608250000893139676e-07
2.637900167013058654e-07
2.667993730114675378e-07
2.698536529867966233e-07
2.729538985724950346e-07
2.761008530724341958e-07
2.792952190349420025e-07
2.825378490423507143e-07
2.858297654034486819e-07
2.891717097294584149e-07
2.925640463938839060e-07
2.960069891058233711e-07
2.994999367534468523e-07
3.030409991022679158e-07
3.066286293627292500e-07
3.102624078267191085e-07
3.139421352933179074e-07
3.176684468509026563e-07
3.215052479236957175e-07
3.253368033626393921e-07
3.292224377051078970e-07
3.330595149433507874e-07
3.370324784308676974e-07
3.410555038038839810e-07
3.451298518927322901e-07
3.492561806097192552e-07
3.534337743784222272e-07
3.576612361368313150e-07
3.619368939200061353e-07
3.662587520507550327e-07
3.706254331925225231e-07
3.750367083958246088e-07
3.794921228075660164e-07
3.839921043797568937e-07
3.885380048933365553e-07
3.930867496045803481e-07
3.977642932437151404e-07
4.024830406888546839e-07
4.072377694971149473e-07
4.119840891142058993e-07
4.168112363243571538e-07
4.216639455671832096e-07
4.265681223414934602e-07
4.315126922374911525e-07
4.364968737655543700e-07
4.415208800592771804e-07
4.471340657842870590e-07
4.516875861346188088e-07
4.568259170172595211e-07
4.619972032634083996e-07
4.671992500324307546e-07
4.724488774257480627e-07
4.777200188765683290e-07
4.830195541376501233e-07
4.883467540101910038e-07
4.937003710354719427e-07
4.990793502410294364e-07
5.044822583246819298e-07
5.099078740116663521e-07
5.153695221701089403e-07
5.208318381985204182e-07
5.263083396280282534e-07
5.318910290402005086e-07
5.374445900412003188e-07
5.427713582123991084e-07
5.482869274495690015e-07
5.538084345069231638e-07
5.594543069450427587e-07
5.650163311928701877e-07
5.705745485140683062e-07
5.760677113720698672e-07
5.816012652265718930e-07
5.871318423368828458e-07
5.926497770667988063e-07
5.979610920461203414e-07
6.036050585190910750e-07
6.090793902905307220e-07
6.145319501834517364e-07
6.198681193896109728e-07
6.253672476684405635e-07
6.307300947723196194e-07
6.360599280862987304e-07
6.413526718484100740e-07
6.466055371910328770e-07
6.518139162661517568e-07
6.570102407019096297e-07
6.621330966545863946e-07
6.671978321627917015e-07
6.722011808060561828e-07
6.771124526864686476e-07
6.819730648391629611e-07
6.863493381435860960e-07
6.925919233891782584e-07
6.959024449241446589e-07
7.007108896456889024e-07
7.051933024190899760e-07
7.095875361842545992e-07
7.138895290450790744e-07
7.177384916247573130e-07
7.221563710804960496e-07
7.261849842468730287e-07
7.301011850187862016e-07
7.339010353463223605e-07
7.376049133065860850e-07
7.411803165018270569e-07
7.446242408197151635e-07
7.479012427005012492e-07
7.510675983618125422e-07
7.540969382395228315e-07
7.569866294764246975e-07
7.596897996387459117e-07
7.625834559488975823e-07
7.647671012178885889e-07
7.670691726616578941e-07
7.692014184191106725e-07
7.711583991577229285e-07
7.729538064035011762e-07
7.746405853953410985e-07
7.756266423449208284e-07
7.773377165714183500e-07
7.783601468029398960e-07
7.794357864423873189e-07
7.801578443390090885e-07
7.806960330629073425e-07
7.840285575917529599e-07
7.812180699494617166e-07
7.811977216578228586e-07
7.810031454672802230e-07
7.804771255666878171e-07
7.798324631301350218e-07
7.792159470350992723e-07
7.779189570532189167e-07
7.765901262565921951e-07
7.750794553843855741e-07
7.734328418093788323e-07
7.715113297892320092e-07
7.693801056863487143e-07
7.670461783484034271e-07
7.644791302244549904e-07
7.619833683882435727e-07
7.587067299397893964e-07
7.555047252196794734e-07
7.520878552713673941e-07
7.484466063247475402e-07
7.446057665529776134e-07
7.404058833070047543e-07
7.346487443716954485e-07
7.317371040295601162e-07
7.269705252779067481e-07
7.221269634231261136e-07
7.170184859012106646e-07
7.117241900896453899e-07
7.062359171397729980e-07
7.005521427271784711e-07
6.946765816669548638e-07
6.886643867373915755e-07
6.823709542705475195e-07
6.759487061284737543e-07
6.693574256217797115e-07
6.624086770265988781e-07
6.556810728511179521e-07
6.486124240106656148e-07
6.413978039338283974e-07
6.340429224106790972e-07
6.265128824235736371e-07
6.189045356681243980e-07
6.111888461301139536e-07
6.033051666678188890e-07
5.953344988944341111e-07
5.872592401192431030e-07
5.790920206388352678e-07
5.708678389743919956e-07
5.625155868435271967e-07
5.541201701910650327e-07
5.456162455601370338e-07
5.371377274192848733e-07
5.285735603050033534e-07
5.199715101119065932e-07
5.113400654637680574e-07
5.026873404834320862e-07
4.940245293599071485e-07
4.853588275221658281e-07
4.768575010268141355e-07
4.680300457825692341e-07
4.593963925981249428e-07
4.507834635607634250e-07
4.422060045112782428e-07
4.336682935956067745e-07
4.251767558930771628e-07
4.167488184899571258e-07
4.083814795320485254e-07
4.000765868452506544e-07
3.918023038171920202e-07
3.836597810729565710e-07
3.755793737177913705e-07
3.675886165839454472e-07
3.596776042469820416e-07
3.518780516444948452e-07
3.441797876683460767e-07
3.365667461138582785e-07
3.290734427652816285e-07
3.215937827186596159e-07
3.143911193379419865e-07
3.072099010288021585e-07
3.001386642699196058e-07
2.931816395987849531e-07
2.863436763389659118e-07
2.796097544198831338e-07
2.729868876177184653e-07
2.664849231314972119e-07
2.600648364446792547e-07
2.537787835420596536e-07
2.475944369776030828e-07
2.415148775358839235e-07
2.355388252877971020e-07
2.296662650144276926e-07
2.238955781247694749e-07
2.182574890199738249e-07
2.126562649791756721e-07
2.071148818017336555e-07
2.017879359363274609e-07
1.964904408659396383e-07
1.912904721347498187e-07
1.861850032789652523e-07
1.811402365549093909e-07
1.764774776370697411e-07
1.713835245553084095e-07
1.666179883038775164e-07
1.617972701069799200e-07
1.573557506338447495e-07
1.528517381656133645e-07
1.484263309828807144e-07
1.441103572449800694e-07
1.398666432435003661e-07
1.357123085190196735e-07
1.316470050535474964e-07
1.277320316692252751e-07
1.237986967347364075e-07
1.199962126500854382e-07
1.162953195550329261e-07
1.126872138926905115e-07
1.091729386427143408e-07
1.057469448585079765e-07
1.024237657828074010e-07
9.896255785606193984e-08
9.606522088046295301e-08
9.301565402718621673e-08
9.004919553123360770e-08
8.769066145021205567e-08
8.440101510315416445e-08
8.167648403690478053e-08
7.912508022621792416e-08
7.660389156772124274e-08
7.407485193646483853e-08
7.182182424332249905e-08
6.953132054351589445e-08
6.729715875299847397e-08
6.512559716014959555e-08
6.303073116797966387e-08
6.114648810204245004e-08
5.920477131390299496e-08
5.719666709975257109e-08
5.536406906102771549e-08
5.358375491764455809e-08
5.185612645109772430e-08
5.017823335825625033e-08
4.837338390318142339e-08
4.695371991513970791e-08
4.543968947667987986e-08
4.397555411251968428e-08
4.256197913493667380e-08
4.118534061659152975e-08
3.984136194417097530e-08
3.853800175029072134e-08
3.726788758396011146e-08
3.613657810729145228e-08
3.491098877390062242e-08
3.374647318530114132e-08
3.265088606903731026e-08
3.161520987386307914e-08
3.062663190766577424e-08
2.967934139285869855e-08
2.873766098533113647e-08
2.781722437378690672e-08
2.693220362007786511e-08
2.608805680323081525e-08
2.527809990054464237e-08
2.449370765995260184e-08
2.367040571926942530e-08
2.293577745958905526e-08
2.223910621610093721e-08
2.156505548334338266e-08
2.090366420801677503e-08
2.023700982936450905e-08
1.961493490460422762e-08
1.900757864254615909e-08
1.841690694034542717e-08
1.784712861093470787e-08
1.729558561771284702e-08
1.677600989828953507e-08
1.627351616683709705e-08
1.578115145927051452e-08
1.529737362876218948e-08
1.482688650572117608e-08
1.437410873794602728e-08
1.394213491243293657e-08
1.352764146945146093e-08
1.312600442982858052e-08
1.273397501691771168e-08
1.235081326999046732e-08
1.197897802815919892e-08
1.161995619659788233e-08
1.127443258720770427e-08
1.094096065908291961e-08
1.061758103564103376e-08
1.030319554682827683e-08
9.997327625109094285e-09
