# cl_lsstdes_delens
1.140137730689485628e-06
1.154598237990393472e-06
1.169311966105247408e-06
1.184281456417517047e-06
1.199509188316965861e-06
1.214997679693356142e-06
1.230749354738506446e-06
1.246766761516879717e-06
1.263052220764394431e-06
1.279608049285141861e-06
1.296436283648739990e-06
1.313538792323887724e-06
1.330917380974906104e-06
1.348573859393433074e-06
1.366509843887117920e-06
1.384727261422550806e-06
1.403227736516285844e-06
1.422012365332984284e-06
1.441082407151193985e-06
1.460438558668921960e-06
1.480081318803678008e-06
1.500011607005897363e-06
1.520229826468305517e-06
1.540736280485551284e-06
1.561531161474577800e-06
1.582613778459471859e-06
1.603983902817560079e-06
1.625640689180825707e-06
1.647582930082078791e-06
1.669810089388831480e-06
1.692320567721931734e-06
1.715112737828104976e-06
1.738185060179957181e-06
1.761535267343211311e-06
1.785160777408069337e-06
1.809059354793909278e-06
1.833228160310108669e-06
1.857664455626261579e-06
1.882365001374956669e-06
1.907326624584861588e-06
1.932545234072072445e-06
1.958017009683468247e-06
1.983738135913207090e-06
2.009703747229533795e-06
2.035909624246646290e-06
2.062349954126230653e-06
2.089019141508098757e-06
2.115911467810964299e-06
2.143019810624894885e-06
2.170337866915207802e-06
2.197857277877682077e-06
2.225570330362835955e-06
2.253468742625294132e-06
2.281542227007153682e-06
2.309755435175367705e-06
2.338153313584283178e-06
2.366697585894559289e-06
2.395376612339004865e-06
2.424178211882629786e-06
2.453093701864097468e-06
2.482111093559224523e-06
2.511220507091641073e-06
2.540409302694779123e-06
2.569666101339239129e-06
2.598979084001506827e-06
2.628336342879802330e-06
2.657726827009997524e-06
2.687134817690319205e-06
2.716546545623190009e-06
2.745945633201056911e-06
2.775314506027780803e-06
2.804637580205302319e-06
2.832424920760670693e-06
2.861634510321898656e-06
2.890764394843799541e-06
2.921101541444591345e-06
2.949907181436340997e-06
2.978548298311321474e-06
3.007002160888605715e-06
3.035245648434185449e-06
3.063254353642663668e-06
3.091005579264931728e-06
3.118471879953235670e-06
3.145628991331007165e-06
3.172450859811038548e-06
3.198909432136860089e-06
3.224977120488728745e-06
3.250623915087654239e-06
3.275821571231940963e-06
3.300539722892587951e-06
3.324735845369902696e-06
3.348408617793169504e-06
3.370122890981236801e-06
3.392616772042109175e-06
3.414520001025798197e-06
3.435770976395398322e-06
3.456296456055277484e-06
3.476048024318773206e-06
3.495020946174516271e-06
3.514649179392668780e-06
3.532036555427425913e-06
3.548561116155934297e-06
3.564191305605523331e-06
3.578895622663289213e-06
3.592644338616021468e-06
3.605405851427960829e-06
3.617151297232119328e-06
3.627109409317880141e-06
3.636823966792647467e-06
3.645397410379195045e-06
3.652828736035980312e-06
3.659111554101709625e-06
3.664229933304549483e-06
3.668147128013650722e-06
3.671284065393145695e-06
3.672709275751939397e-06
3.672869107341880155e-06
3.671741433204437105e-06
3.669300461963797755e-06
3.665526914774097802e-06
3.660398577165193825e-06
3.653903934240078729e-06
3.646022774656972873e-06
3.636745054954082674e-06
3.626063280002927868e-06
3.613249223740426994e-06
3.599821949153424063e-06
3.585556537915508168e-06
3.569236500965887670e-06
3.551511129699089573e-06
3.532408082383009388e-06
3.511931963905741015e-06
3.490104729432236625e-06
3.466948751117190953e-06
3.442490458668938742e-06
3.416752149627064426e-06
3.389759314580259219e-06
3.361540189951595261e-06
3.332126921811933988e-06
3.301094245032567379e-06
3.269859139058809424e-06
3.237063683497562793e-06
3.203215180314730018e-06
3.168352025006741911e-06
3.132513806320206802e-06
3.095744014892927371e-06
3.058078979613654697e-06
3.019568452817888425e-06
2.980267216892624235e-06
2.940233612376782051e-06
2.899530469659816463e-06
2.858215774646374498e-06
2.816202030069893543e-06
2.773765037318375264e-06
2.731153407142199751e-06
2.687937171713789134e-06
2.644384896850586560e-06
2.600559419040647415e-06
2.556509347766243925e-06
2.512302247556463657e-06
2.467995403869203900e-06
2.423641128413957367e-06
2.379281167376779107e-06
2.335033980975177706e-06
2.290800400544292699e-06
2.246753482919314348e-06
2.202895496602577842e-06
2.159272141122424076e-06
2.115931629705612540e-06
2.072919635874870958e-06
2.030269530668907077e-06
1.987802772615183243e-06
1.946188510426492240e-06
1.904820438444155682e-06
1.863940300022033580e-06
1.823568490092826385e-06
1.783718686726257257e-06
1.744402278336829833e-06
1.705627578640101008e-06
1.667400210477866378e-06
1.629722866079116244e-06
1.592592894853867509e-06
1.556007439299000720e-06
1.519963827600988112e-06
1.484459651094647671e-06
1.449495039141783316e-06
1.415070863610289871e-06
1.381188640785241561e-06
1.347854216752558264e-06
1.315072696388197921e-06
1.282853239239912897e-06
1.251202979260729328e-06
1.220132046943191692e-06
1.189645300818083279e-06
1.159751529575442983e-06
1.130449171719995976e-06
1.101741988351205935e-06
1.073617560228180450e-06
1.046085409503596174e-06
1.019070512518689185e-06
9.926016820799783277e-07
9.666247977848654337e-07
9.411069464690472213e-07
9.160042616905336527e-07
8.912803898622348122e-07
8.668275150251990969e-07
8.428214149865825450e-07
8.190333962454599107e-07
7.955222761631962134e-07
7.722848773857145450e-07
7.493321973460827095e-07
7.266852561460223927e-07
7.042910288968929451e-07
6.824362329683164764e-07
6.609160792845623952e-07
6.398602924504568469e-07
6.193117020395364653e-07
5.993116976408247874e-07
5.798603118806561009e-07
5.610662805634394206e-07
5.428511537054194881e-07
5.252499856162157480e-07
5.082500919300523149e-07
4.918166692664639719e-07
4.759960815842512974e-07
4.606961136702814417e-07
4.459113097983933882e-07
4.316166325836751124e-07
4.177247034220666424e-07
4.043649236634358230e-07
3.914134758248841357e-07
3.788355935053203457e-07
3.666408780236817853e-07
3.548137950477133006e-07
3.433159957514246429e-07
3.322148019484885222e-07
3.214227538308977204e-07
3.109573547402464019e-07
3.007858506457909580e-07
2.909620744132286353e-07
2.814863493289120574e-07
2.722923988338351963e-07
2.634071278659681652e-07
2.547995978908284673e-07
2.465234748025751679e-07
2.385026950221263604e-07
2.307266886576012335e-07
2.232212428534994236e-07
2.159579683178674540e-07
2.089216442303146395e-07
2.021134582423723882e-07
1.955282894357646677e-07
1.891628644129786898e-07
1.830205203590093435e-07
1.770973556168500546e-07
1.713963195465734210e-07
1.659118829668437781e-07
1.606393152778361682e-07
1.555708419899297508e-07
1.506943284785194163e-07
1.460008478107366184e-07
1.414693659279109700e-07
1.370906128440981256e-07
1.328550952639379360e-07
1.287549585312160482e-07
1.247865002318517679e-07
1.209488295444747588e-07
1.172424747902177863e-07
1.136687789043392515e-07
1.102257816156423762e-07
1.069093476842566499e-07
1.037133850482451213e-07
1.006307075600519301e-07
9.765424984271121189e-08
9.477851551855009495e-08
9.199991234558420313e-08
8.931592925136617015e-08
8.672439478346688599e-08
8.422207954878337556e-08
8.180459221891452630e-08
7.946719650171744293e-08
7.720568474403605876e-08
7.501699184178570697e-08
7.289871795500797154e-08
7.084883707078791221e-08
6.886573852879274800e-08
6.694765254647368861e-08
6.509208777928450861e-08
6.329600159448013806e-08
6.155584801793358335e-08
5.986909264474654503e-08
5.823288930169087183e-08
5.664569460447454591e-08
5.510615487446203803e-08
5.361275135083976470e-08
5.216391481541780860e-08
5.075786677889729993e-08
4.939275830949347085e-08
4.806678621094813003e-08
4.677835369979974848e-08
4.552597132333715326e-08
4.430823335483428458e-08
4.312394647696188906e-08
4.197200350567855489e-08
4.085127343311937614e-08
3.976060558363832893e-08
3.869888397494387609e-08
3.766503201902489309e-08
3.665799393754831490e-08
3.567685184015563324e-08
3.472077072882569757e-08
3.378892897950645429e-08
3.288051562709974003e-08
3.199478519931789428e-08
3.113101831903460398e-08
3.028848300430784222e-08
2.946652495952160162e-08
2.866453479647320911e-08
2.788191411868695819e-08
2.711807612077073461e-08
2.635742547604306012e-08
2.562995142465381998e-08
2.491975766642660968e-08
2.422637307509001122e-08
2.354933700668420122e-08
2.288824408421508072e-08
2.224269470272575832e-08
2.161229893933681512e-08
2.099668884363718802e-08
2.039553069248286425e-08
1.980849113375571594e-08
1.923523810775419751e-08
1.867547397414664435e-08
1.812890868628037451e-08
1.759525930215748688e-08
1.707425199701327794e-08
1.656563534400029322e-08
1.606915997154909094e-08
1.558457655531528736e-08
1.511166026894353285e-08
1.465018764650606015e-08
1.419993797350944644e-08
1.376069399186962191e-08
1.333225719444626880e-08
1.291443050833507117e-08
1.250701103898887457e-08
1.210981197651251938e-08
1.172265019209611172e-08
1.134534382338027367e-08
1.097770793323577154e-08
