# cl_lsstska01_delens
1.848512579507152042e-07
1.869277194572656323e-07
1.890387217892862345e-07
1.912075533980814974e-07
1.933838215803409898e-07
1.955923392148202155e-07
1.978334938333349525e-07
2.001080326885648531e-07
2.024164955084665459e-07
2.047593969516958268e-07
2.071373671970215759e-07
2.095511692664372038e-07
2.120013583248710648e-07
2.144881979765757653e-07
2.170118380554234363e-07
2.195718135133814935e-07
2.221666817379258799e-07
2.247952501311688248e-07
2.274571664473746817e-07
2.301914641054625523e-07
2.329202520564245553e-07
2.356862418674796188e-07
2.384906118879407803e-07
2.412773321180152051e-07
2.441472664477100188e-07
2.470529401056858918e-07
2.499955254358503932e-07
2.529750296511990884e-07
2.559919139964412566e-07
2.590456271849205265e-07
2.621351206839222706e-07
2.652470446998959593e-07
2.684020469351981765e-07
2.715910201538997517e-07
2.748146541890407123e-07
2.780737628123373024e-07
2.813675500938846992e-07
2.846211849203176792e-07
2.879972013871924145e-07
2.914082280975573020e-07
2.948481520157860370e-07
2.983130416864307316e-07
3.017689168926569676e-07
3.052762480053587404e-07
3.088152369736478147e-07
3.123842369031942052e-07
3.159813693714221912e-07
3.200255331447661196e-07
3.236597801072421239e-07
3.269383977159022380e-07
3.306451085212720714e-07
3.343763155573463363e-07
3.381298931210357208e-07
3.419041497784320401e-07
3.456992372202227597e-07
3.495320931947956106e-07
3.533721254304990687e-07
3.572304848697163162e-07
3.611062219477293212e-07
3.649985355693877023e-07
3.689063407449373105e-07
3.728287182748977591e-07
3.767645045078564176e-07
3.807125120538228880e-07
3.847172451750656482e-07
3.887023057991548633e-07
3.927056582871352749e-07
3.965464375890435791e-07
4.005200015728043293e-07
4.044953855946518477e-07
4.085520327034357178e-07
4.125516804946091445e-07
4.165461709730471351e-07
4.204912351386716898e-07
4.244621268708204513e-07
4.284267839617646807e-07
4.323829801673573205e-07
4.362442926285748377e-07
4.402266185245375728e-07
4.441411560872476393e-07
4.480376974021332766e-07
4.518590045490452322e-07
4.557714078144668393e-07
4.595948234016614091e-07
4.633915934081002396e-07
4.671586999907163648e-07
4.708941297522929466e-07
4.746093722181561789e-07
4.782827091072722744e-07
4.819148373588027614e-07
4.855022829504999996e-07
4.890427824095083193e-07
4.925142134311350492e-07
4.959468764914186456e-07
4.990300439316453311e-07
5.024233213120185075e-07
5.068154461964797532e-07
5.091397589868056000e-07
5.122853821857018825e-07
5.153648063382348610e-07
5.183750961474115381e-07
5.213149028392870907e-07
5.241467895338329765e-07
5.269516756360953049e-07
5.296738261143892712e-07
5.323101980718615443e-07
5.348744096188531540e-07
5.373442910307445108e-07
5.397171616089870328e-07
5.419670489036661661e-07
5.441365685316723027e-07
5.462058192290644891e-07
5.481729933675522348e-07
5.500349931473435146e-07
5.519751691200718920e-07
5.534269714633609800e-07
5.549652168460777152e-07
5.563800562074746335e-07
5.576683751711098916e-07
5.588706524643577656e-07
5.596337868597181772e-07
5.605038464374451345e-07
5.616324954630869728e-07
5.622383790881679574e-07
5.628976631606570939e-07
5.632987659723415605e-07
5.635660769024393475e-07
5.637018649954288684e-07
5.657644371773942226e-07
5.635734084805770445e-07
5.632544208349290687e-07
5.628244142866256567e-07
5.622480307716300175e-07
5.617004355351862767e-07
5.606355719892107599e-07
5.595885827733378926e-07
5.583976765567302562e-07
5.571132701599910710e-07
5.556326234835783015e-07
5.540179932050107254e-07
5.522333351424907312e-07
5.502978744227237185e-07
5.484252737189900472e-07
5.459785719108597654e-07
5.435942731192536112e-07
5.410657117893635756e-07
5.384003949912615387e-07
5.355480611815148810e-07
5.324625805763277619e-07
5.282123220245229757e-07
5.261193171143937181e-07
5.226086613304177647e-07
5.191144918016292084e-07
5.154063855228103840e-07
5.115582835273243597e-07
5.075810061157874378e-07
5.034677856187334869e-07
4.992208602696825740e-07
4.948821429224848782e-07
4.903806851692000435e-07
4.857157705969586383e-07
4.809701256692191075e-07
4.759689661388549062e-07
4.711429095249283268e-07
4.660686746462007452e-07
4.608934678719363741e-07
4.556212132782341294e-07
4.502254090921401360e-07
4.447782728228486956e-07
4.392494228188017496e-07
4.336206999784277509e-07
4.277104409395785670e-07
4.221458163730463542e-07
4.163097824368209825e-07
4.104360314627969549e-07
4.044695131721487544e-07
3.984725222234041827e-07
3.924010425584641361e-07
3.863185741628696621e-07
3.802353708735036354e-07
3.740942401566144448e-07
3.679318699609456339e-07
3.617537850665094362e-07
3.555678595735393653e-07
3.493789474546862944e-07
3.433126529910945176e-07
3.369984668521059409e-07
3.308280842389782657e-07
3.246704198705920498e-07
3.185361509124673567e-07
3.124280624286593501e-07
3.063506040189505698e-07
3.003166127328140191e-07
2.943234482017816363e-07
2.883722308462827112e-07
2.824384581501123946e-07
2.765990393391166119e-07
2.708005083919190802e-07
2.650637742554781578e-07
2.587039312393062094e-07
2.537768983171809737e-07
2.482430296313102596e-07
2.427694320060360100e-07
2.373764266690391950e-07
2.319900415010935392e-07
2.268067375164009415e-07
2.216342880825706746e-07
2.165394917976758199e-07
2.115258135649074691e-07
2.065920038070701038e-07
2.017412270990717091e-07
1.969723035200679982e-07
1.922791369333500658e-07
1.876494671153671728e-07
1.831168685992483168e-07
1.786540628817582469e-07
1.742729712027964054e-07
1.699685608691758677e-07
1.657373230050167420e-07
1.615808140561070221e-07
1.575220979581205577e-07
1.535181337680867681e-07
1.495007812179861089e-07
1.456722655905004603e-07
1.418642283670221145e-07
1.381281688459349858e-07
1.344617969274199782e-07
1.308396755463033073e-07
1.274999328993099034e-07
1.238405254268160916e-07
1.204229607257094598e-07
1.169649364763219584e-07
1.137830262202542375e-07
1.105547889951905223e-07
1.073824270386214090e-07
1.042748363361226843e-07
1.012339932498545688e-07
9.826479934344737448e-08
9.535930865258785810e-08
9.254125386871268857e-08
8.971515332690863917e-08
8.698111847084582362e-08
8.431551734406824441e-08
8.171983722084466118e-08
7.918764047128558340e-08
7.672088237115170371e-08
7.434004935579180381e-08
7.182430469754521049e-08
6.976197726552108115e-08
6.755028222777399858e-08
6.538615875653797680e-08
6.365014820740492262e-08
6.125179407466494051e-08
5.930189945669316744e-08
5.742669627573274044e-08
5.561376985700592646e-08
5.378627638355138591e-08
5.214777162552176261e-08
5.048502177673297317e-08
4.886369555017108550e-08
4.728838157281402314e-08
4.576912500364983310e-08
4.439917271982785663e-08
4.299312110401898320e-08
4.154055643257918878e-08
4.021350371849343669e-08
3.892459355906431608e-08
3.767385935745867871e-08
3.645908622911604961e-08
3.515709446866442683e-08
3.412465899949746131e-08
3.304722644555430947e-08
3.196580162076418498e-08
3.094021910541902544e-08
2.994096258643585382e-08
2.896501726084017678e-08
2.801819050650327346e-08
2.709515838939308580e-08
2.626916209460807833e-08
2.537909690558935992e-08
2.453259679994701997e-08
2.373514588569320553e-08
2.298059492690435451e-08
2.225999782151030386e-08
2.157782464775469854e-08
2.088394862518171092e-08
2.021299077390475202e-08
1.956876906801619696e-08
1.895404376331704082e-08
1.836404893025138357e-08
1.779271111288054032e-08
1.719480872437380619e-08
1.665987109080306042e-08
1.615202896884673762e-08
1.566033207021373329e-08
1.517788218594268835e-08
1.469243235459283249e-08
1.423874559601592192e-08
1.379594984300072156e-08
1.336542658793162799e-08
1.294371648106537976e-08
1.254805612554741758e-08
1.216906149796146903e-08
1.180261226438550914e-08
1.144361886504285503e-08
1.109097769986751977e-08
1.074807581833591812e-08
1.041810819869106357e-08
1.010329080425881177e-08
9.801157888572601009e-09
9.508340428934191345e-09
9.222534500828409581e-09
8.943236642647520330e-09
8.672280766518299689e-09
8.410710796732867002e-09
8.158993015054986477e-09
7.916058596397826985e-09
7.680470676171235488e-09
7.451469938492787853e-09
7.228720516429989055e-09
