# cl_lsstska5_delens
5.126127044544083978e-07
5.178226547491282797e-07
5.231038073672588331e-07
5.284563329820669304e-07
5.338809113301844371e-07
5.393793279667545398e-07
5.449535840859058138e-07
5.506048417401218830e-07
5.563333361956437368e-07
5.621389701847995064e-07
5.680207203002438427e-07
5.739778282449906921e-07
5.800332930778120670e-07
5.861498193389357567e-07
5.923384440974289482e-07
5.985972050507192732e-07
6.049253617820063450e-07
6.113228891483020177e-07
6.177901387114024842e-07
6.243293089652542991e-07
6.309316598791794706e-07
6.378827302492334047e-07
6.443768126286274935e-07
6.512121135335176857e-07
6.581219885463783161e-07
6.651062905797209362e-07
6.721646528117152655e-07
6.792954435985493615e-07
6.864955666523026360e-07
6.937612283501376860e-07
7.010877471039382149e-07
7.084714795227062110e-07
7.159114672637440211e-07
7.234088857488208229e-07
7.309500835606912895e-07
7.385807846737850355e-07
7.462836039235021057e-07
7.540047727257538709e-07
7.618741307795578049e-07
7.694467023075498269e-07
7.776189620852460751e-07
7.855932508305304352e-07
7.936145841695171034e-07
8.016770531975493315e-07
8.097725388796684644e-07
8.179324809299484887e-07
8.261318756545048188e-07
8.343663744175249878e-07
8.440166479072642126e-07
8.509622933153910215e-07
8.593175567667785043e-07
8.677000486058297637e-07
8.761034753266201092e-07
8.845265833717423650e-07
8.929695765691968550e-07
9.014277985403226334e-07
9.099200526896023063e-07
9.184215453595925719e-07
9.269698313220917069e-07
9.354954968970901057e-07
9.440165597142404326e-07
9.525258413619586929e-07
9.610250499004340437e-07
9.698871994963257998e-07
9.779714101678440729e-07
9.864607230986360693e-07
9.946932493714207199e-07
1.003382671707586684e-06
1.011856100660368270e-06
1.020263840974982262e-06
1.028538915333024138e-06
1.036843561389225945e-06
1.045092469534857531e-06
1.053285260004673969e-06
1.061474853591768839e-06
1.069406108767438117e-06
1.077495338984761652e-06
1.085467303353663468e-06
1.093364176149733454e-06
1.101279895244178808e-06
1.108912990590150713e-06
1.116555512193732541e-06
1.124089891426166447e-06
1.131524642636539239e-06
1.138852042652098803e-06
1.146059730713403289e-06
1.153286137247472999e-06
1.160312904264620019e-06
1.167433085529019813e-06
1.173903264573923139e-06
1.180390583789610461e-06
1.186771403567358483e-06
1.192000961781365631e-06
1.198631384337699302e-06
1.205090628305839882e-06
1.210857410757998356e-06
1.216446900774205685e-06
1.221854790262831581e-06
1.227173145526892580e-06
1.232377465805347429e-06
1.236601701201562156e-06
1.241638864778021839e-06
1.245991196600528624e-06
1.250238394035895193e-06
1.254266041771871644e-06
1.258059377931978275e-06
1.261542144717784720e-06
1.264867666402656144e-06
1.267896718613192479e-06
1.270667705551475433e-06
1.273055027835089100e-06
1.275314499167704759e-06
1.277960762317580235e-06
1.279116069738231687e-06
1.280594810725504352e-06
1.281756731445674443e-06
1.282609067162480373e-06
1.283174627263619759e-06
1.281873459559601559e-06
1.283420146507921071e-06
1.283319113680366130e-06
1.282350790558703566e-06
1.281788549349561838e-06
1.280534341187073596e-06
1.278975212271961346e-06
1.277112325990943788e-06
1.274949713687858393e-06
1.272391979491973788e-06
1.269884316382919216e-06
1.266356302291621530e-06
1.262873867251711276e-06
1.259538688046753168e-06
1.254891305963762721e-06
1.250262760427340754e-06
1.245529028710851256e-06
1.240350445214459146e-06
1.234844853568851009e-06
1.229014584685514958e-06
1.223073506866995838e-06
1.216396179693300196e-06
1.210033358329096171e-06
1.202386376808521792e-06
1.195048480155628847e-06
1.187282975004455413e-06
1.179196335863827510e-06
1.170822716934925430e-06
1.161839606177913904e-06
1.152992116459170634e-06
1.143726003730551668e-06
1.134114419724782771e-06
1.124207386433627162e-06
1.114042422384766185e-06
1.103614654478994711e-06
1.092930051203606610e-06
1.081985515112436688e-06
1.070659565871034198e-06
1.059413687149152089e-06
1.047623757463038002e-06
1.035719700147303248e-06
1.023568614729782942e-06
1.010809340803694002e-06
9.986817268097830397e-07
9.859989016042191989e-07
9.730768206759895007e-07
9.600246628931890566e-07
9.468161736714673612e-07
9.334288564118410712e-07
9.199989787922447167e-07
9.063443573880183591e-07
8.919673292521516083e-07
8.788184436445198043e-07
8.649273030078105045e-07
8.510228325966330766e-07
8.369488738169471062e-07
8.228969528513218436e-07
8.087102091382304406e-07
7.945747346730188369e-07
7.805178194772297247e-07
7.663788833339335632e-07
7.522602328082380263e-07
7.382125212651731705e-07
7.238576458833889298e-07
7.101265118334070621e-07
6.962097395476699752e-07
6.823260362355825370e-07
6.685426931294372267e-07
6.548485499386720602e-07
6.412571356756243386e-07
6.277854627469361403e-07
6.144430000447830736e-07
6.012298492022493648e-07
5.881852297240178553e-07
5.752134249934150702e-07
5.624128109603576910e-07
5.498164329582247722e-07
5.373691071243916490e-07
5.250900148428850766e-07
5.129844117044407655e-07
5.010434605380795291e-07
4.893188261136077843e-07
4.777280750581177715e-07
4.664047931252301320e-07
4.552304388022929131e-07
4.442471891439812460e-07
4.334519249012767765e-07
4.228410905053525385e-07
4.124563869879150089e-07
4.022429110338384952e-07
3.922196744612320809e-07
3.823841816432935047e-07
3.727458592475463444e-07
3.632669639040343383e-07
3.539891705476013101e-07
3.448846702351025723e-07
3.359566896146566633e-07
3.271997284443494452e-07
3.186118920341839202e-07
3.102026836465692628e-07
3.019322970556103852e-07
2.938321417834086123e-07
2.858876130472801593e-07
2.780893676782333668e-07
2.704547556457313654e-07
2.629642382817032939e-07
2.556107615451077405e-07
2.483600162959636750e-07
2.413295414194835714e-07
2.344046820086559602e-07
2.276167414793364009e-07
2.209624040916976957e-07
2.144402842288192317e-07
2.080555621438640128e-07
2.017768646063971641e-07
1.956962197563818214e-07
1.897191543106732447e-07
1.838768734912261320e-07
1.781695408440802025e-07
1.732657245265287718e-07
1.671884804908738525e-07
1.618729597105493835e-07
1.553529043273050955e-07
1.516977699096935019e-07
1.468162998896619006e-07
1.420685633839899222e-07
1.374826244321485072e-07
1.330977223239930562e-07
1.284018747902430477e-07
1.244678919068354336e-07
1.204004133949843363e-07
1.164632319160537375e-07
1.134355632277399755e-07
1.089695132277457150e-07
1.053383837774888685e-07
1.019481025875563882e-07
9.861850669567228808e-08
9.521284497593687977e-08
9.228031624320499469e-08
8.926055717665069523e-08
8.633438985985290237e-08
8.351499256332930800e-08
8.078429855444588966e-08
7.844268638964653331e-08
7.574880012642870811e-08
7.309574352544005637e-08
7.072822270124576010e-08
6.839282889681829520e-08
6.611299904814068162e-08
6.390713500325077130e-08
6.151045822435983049e-08
5.973782219260110917e-08
5.780351199398817962e-08
5.589085597455405932e-08
5.403487523221494638e-08
5.224499366124867473e-08
5.052377182542072900e-08
4.882465782448483289e-08
4.725426855139065561e-08
4.577307123435609162e-08
4.419661562760714486e-08
4.268103301043695875e-08
4.124737923341155918e-08
3.991112854601586104e-08
3.875397403616456381e-08
3.746913484236433913e-08
3.625717505547579212e-08
3.508961836535022073e-08
3.395506387438908616e-08
3.288265717799625517e-08
3.183634108953152894e-08
3.081505390755639809e-08
2.982741579767655872e-08
2.884407534304062521e-08
2.794925401997742681e-08
2.707664183398586012e-08
2.621848884567467397e-08
2.539087941381253992e-08
2.459499911570237710e-08
2.382856349853728923e-08
2.308744700130860015e-08
2.236796943210582337e-08
2.167057242824489130e-08
2.099647734595184161e-08
2.034700573303026516e-08
1.972042241306647538e-08
1.911492312048369163e-08
1.852839163615147667e-08
1.796017272312618369e-08
1.741039750726456918e-08
1.687882409030171460e-08
1.636486230492358290e-08
1.587140655837333100e-08
1.539232957854195450e-08
1.492736158803163097e-08
1.447527116095710090e-08
1.403647422803086599e-08
1.361160227575314125e-08
1.320107072845934213e-08
1.280409808018521256e-08
1.241952557615928728e-08
1.204653008651424059e-08
1.168453744318519381e-08
1.133347606135287691e-08
1.099316381276049395e-08
1.066321469278987841e-08
1.034321644517742359e-08
1.003274797123325595e-08
9.731557081180804116e-09
9.439334516282838704e-09
9.155774862559438523e-09
8.880570321863638179e-09
8.613371100453443810e-09
8.353915874363146165e-09
8.101992879909471768e-09
7.857394733342706414e-09
7.619878437135073219e-09
7.389199979219957511e-09
7.165141997885985002e-09
6.947480641531952183e-09
6.736015679676076338e-09
6.530576458022897252e-09
6.330986056959732502e-09
6.137050991781718588e-09
5.948596151918080804e-09
5.765465710418496380e-09
5.587494474471320628e-09
5.414524349067976493e-09
5.246419512868050099e-09
5.083048814668838587e-09
4.924267991156526229e-09
4.769949921663082304e-09
