# cl_lkerncib_delens
6.176777356929631299e-03
6.641757472034858986e-03
7.158737745069141886e-03
7.733020345607750923e-03
8.370388546594196427e-03
9.076779781429834132e-03
9.858893735531813057e-03
1.072359656594509998e-02
1.167811920035927500e-02
1.272996649687489074e-02
1.388693083439808580e-02
1.515650110297335658e-02
1.654670915016121999e-02
1.806470248970766176e-02
1.971735675449280342e-02
2.151066167120118874e-02
2.344926220742350395e-02
2.553629537570958896e-02
2.777259547698439357e-02
3.015639840795543772e-02
3.268228195863263907e-02
3.534086406879204806e-02
3.811791467227232388e-02
4.099353460927396969e-02
4.394155186342207919e-02
4.692867373050261387e-02
4.991411263887223643e-02
5.284889209048972136e-02
5.567545117103948893e-02
5.832739058399344367e-02
6.073010866746480357e-02
6.280319320777684455e-02
6.446258884733475913e-02
6.562329385924610403e-02
6.620458695965594775e-02
6.613593946675197510e-02
6.536316663846940267e-02
6.385676578462003150e-02
6.161807478226925816e-02
5.868669008760309114e-02
5.515388278324533794e-02
5.117601299770165035e-02
4.694687242702941937e-02
4.266585365588498879e-02
3.851609870781669970e-02
3.464844696915325706e-02
3.113830028216920537e-02
2.796715584217392137e-02
2.503852805480751356e-02
2.222336453774085771e-02
1.943421920774810602e-02
1.669046150768156017e-02
1.412103503346151187e-02
1.188367233151227560e-02
1.004345373292715032e-02
8.515760398506459425e-03
7.160289481087176409e-03
5.933284608716575884e-03
4.890547289872319153e-03
4.045325027506364163e-03
3.335560789308187821e-03
2.732482634837422701e-03
2.239427916232675665e-03
1.833759481053174201e-03
1.499945047956346283e-03
1.228069059674237592e-03
1.006332111399381880e-03
8.261558890280441825e-04
6.797875772706639440e-04
5.609159186502411017e-04
