# cl_lsstlkern_delens
1.957776513323029622e-07
1.978644534996973526e-07
1.999818632644041962e-07
2.021285656134541159e-07
2.043037978374790566e-07
2.065080191821123233e-07
2.086983526165908710e-07
2.144993932831077296e-07
2.132894348372089377e-07
2.156268994138280645e-07
2.179932854274763395e-07
2.203912962626312140e-07
2.228223040541146050e-07
2.252871181920763432e-07
2.277860270746621867e-07
2.303188543706933673e-07
2.328851723310631971e-07
2.354851571387664773e-07
2.381186766343959722e-07
2.407853298366578235e-07
2.434856012547976179e-07
2.462197189882142548e-07
2.489880524905836781e-07
2.520268757290704876e-07
2.548485280177350067e-07
2.577038219281744967e-07
2.605926264889295751e-07
2.633069593288351573e-07
2.662799031263439026e-07
2.692934000801955937e-07
2.723456895013711421e-07
2.754322485860334300e-07
2.785225481733838990e-07
2.816513421077183794e-07
2.848099956476632578e-07
2.879989507415562630e-07
2.912188053065931997e-07
2.944705492230054534e-07
2.977535562511530093e-07
3.010665152307191151e-07
3.044090389754818559e-07
3.077815876049529494e-07
3.111839043056127017e-07
3.146146617294411661e-07
3.180709930144672078e-07
3.216235670196254485e-07
3.251325331873503774e-07
3.291730707627831275e-07
3.319421621836280087e-07
3.357188388585045905e-07
3.393457749516239411e-07
3.429859978036365515e-07
3.466460471694660978e-07
3.503244516100116639e-07
3.540183301756589830e-07
3.578948875626680818e-07
3.616431619097168590e-07
3.654170783219094064e-07
3.690640154626682456e-07
3.728436628005268595e-07
3.766502664088769251e-07
3.804808594438309927e-07
3.843274165138874225e-07
3.881786897539134089e-07
3.920263478873239561e-07
3.955958371826755278e-07
3.994288499142664829e-07
4.032760525745099110e-07
4.073825094538534166e-07
4.112219059210919238e-07
4.150635139482280765e-07
4.187544596638453331e-07
4.225991875804867677e-07
4.264401288692415556e-07
4.302694769896396848e-07
4.340688413737655695e-07
4.375595953278541825e-07
4.418714840531563554e-07
4.456013575090959368e-07
4.492684252145322728e-07
4.530189554895753924e-07
4.567534246438913020e-07
4.604668181292965004e-07
4.642433456970198033e-07
4.678608597809618374e-07
4.714381341322683759e-07
4.756522226372564113e-07
4.792512921268061608e-07
4.820579556244006702e-07
4.855661475492374172e-07
4.888719162733892786e-07
4.922544621515648101e-07
4.955911520290402626e-07
4.988733500545689285e-07
5.020979131140311514e-07
5.052663470381226841e-07
5.083823856938592407e-07
5.114437538109238146e-07
5.144433520790711900e-07
5.173765750696307220e-07
5.202411330176715812e-07
5.230345954390359548e-07
5.257526337508605370e-07
5.283930984354133130e-07
5.309254036471206819e-07
5.333820011725692863e-07
5.357597162643668211e-07
5.380567257198360413e-07
5.403510965772813257e-07
5.424232881475323591e-07
5.444021914471724475e-07
5.462606257097181729e-07
5.481584163688416923e-07
5.498080441941740145e-07
5.513669918888132017e-07
5.526587293115664802e-07
5.542092313023726045e-07
5.552073892096652297e-07
5.584644346622214522e-07
5.575585589892858654e-07
5.585226747210788435e-07
5.593471707567501344e-07
5.600278164315112319e-07
5.605648044036320519e-07
5.609803685896068723e-07
5.612733191895248049e-07
5.611662308424626992e-07
5.610727460774112304e-07
5.609424375030092368e-07
5.607595801299680060e-07
5.603047215650024556e-07
5.596926888019203572e-07
5.589741781969270045e-07
5.581049226815041428e-07
5.571223842692285959e-07
5.561668619478739453e-07
5.545480808292491425e-07
5.530321921304910704e-07
5.513711660597000876e-07
5.496859943782381365e-07
5.477384156505165133e-07
5.448301991933880207e-07
5.433838514161136498e-07
5.409955131469978194e-07
5.384435451036373310e-07
5.357776660743242835e-07
5.329531769423491390e-07
5.299850856148370839e-07
5.268271655641554414e-07
5.234279529954203131e-07
5.200919623110711199e-07
5.165291016707315642e-07
5.128130733826088861e-07
5.093305528135453005e-07
5.048626420823117344e-07
5.001583027791433968e-07
4.951043081729546945e-07
4.899365983745829031e-07
4.847020283906398862e-07
4.794539992233056478e-07
4.742349098747337290e-07
4.690654988014880172e-07
4.639611176076067056e-07
4.589211471186494248e-07
4.539342850350838086e-07
4.489846027307151062e-07
4.475177150020333515e-07
4.420276545015987317e-07
4.364521050384672932e-07
4.309253990546470127e-07
4.251132531513164747e-07
4.193321247079851955e-07
4.134856375651479868e-07
4.075891753653010479e-07
4.016427065068369979e-07
3.956480613458472910e-07
3.896020996769268529e-07
3.835152451937324149e-07
3.774785650212138857e-07
3.712463502623385845e-07
3.650893587851501985e-07
3.589034444037722055e-07
3.525291805098270506e-07
3.465440596059553913e-07
3.403914313997517952e-07
3.341789564273974893e-07
3.280168998781925589e-07
3.218692527333882798e-07
3.157448707603828310e-07
3.096377271561476373e-07
3.035802589706586819e-07
2.975550310779446070e-07
2.915741625941040052e-07
2.856429556452857211e-07
2.797645125160373736e-07
2.739022006203799246e-07
2.681920364076328541e-07
2.594319774541226982e-07
2.568088088124871306e-07
2.512266388317613012e-07
2.457136535861739684e-07
2.402739557058516863e-07
2.349090954948438772e-07
2.296184241694314591e-07
2.244023993950730723e-07
2.194284749615067999e-07
2.141894530128535283e-07
2.101881163586451846e-07
2.043073920828878883e-07
1.994826558362256335e-07
1.947379683503732161e-07
1.900720223303141396e-07
1.854832769785503394e-07
1.809956270205484487e-07
1.765588599472278701e-07
1.721712475433407285e-07
1.678903518008466553e-07
1.636806227719906195e-07
1.590788142534865786e-07
1.554660027132583915e-07
1.514766325095205882e-07
1.477118969909262287e-07
1.437037033833896730e-07
1.399140264871897201e-07
1.361143895034789832e-07
1.325349835236764585e-07
1.289433130705066941e-07
1.254101596840041490e-07
1.219453640076063241e-07
1.185497019148582503e-07
1.152111237156112406e-07
1.119421409231983243e-07
1.089809060158172597e-07
1.055768417710684636e-07
1.024828714893068863e-07
9.888081508489816630e-08
9.649111880913247604e-08
9.359445119925770375e-08
9.076172464161600315e-08
8.799303108582033843e-08
8.532194255007094101e-08
8.255081906523645369e-08
8.006648669491269866e-08
7.756687008826705409e-08
7.510437241723411779e-08
7.311499492723190074e-08
6.956644902535843587e-08
6.816239562252599308e-08
6.599910144900327482e-08
6.389624834685757473e-08
6.173210937440637502e-08
5.984822054217861452e-08
5.790745863519414709e-08
5.602806845743938779e-08
5.421010544566717011e-08
5.289797560209549376e-08
5.093531608027791878e-08
4.920928026933173199e-08
4.754709371627665852e-08
4.600463832651347081e-08
4.450591086372691386e-08
4.305453104388238491e-08
4.164750662082422063e-08
4.028707892947569674e-08
3.879457651101821447e-08
3.772880235229168627e-08
3.647638229287525148e-08
3.557128200291708080e-08
3.411404304376193812e-08
3.298859780972531397e-08
3.188347387279293666e-08
3.081564467121400916e-08
2.986995345411950637e-08
2.883320238398520349e-08
2.773149307589283218e-08
2.681487916892110065e-08
2.608962725895726935e-08
2.515338016558937824e-08
2.436130357711920791e-08
2.359931498241661799e-08
2.290091779092209114e-08
2.216695551357217099e-08
2.142569970926915233e-08
2.063352466431291742e-08
1.996120785115105172e-08
1.926057090215589415e-08
1.863492098546931430e-08
1.804932080013490129e-08
1.748800753137646435e-08
1.693649157998354418e-08
1.639089781295559873e-08
1.585527422586078947e-08
1.533401764228631583e-08
1.483653529574652302e-08
1.435639345339875460e-08
1.388821962017929657e-08
1.345421281104682593e-08
1.303588028950396472e-08
1.262654326862809945e-08
1.222448463377251197e-08
1.183320002373068189e-08
1.145524055693997958e-08
1.109233784675793374e-08
1.074523918974389321e-08
1.041316166018500019e-08
1.009275573708001175e-08
9.779955898639815366e-09
9.474155326890113950e-09
9.177674072414510786e-09
8.893178995163529330e-09
8.620125057949326211e-09
8.356459456395362353e-09
8.100430842878289852e-09
7.852132798074105901e-09
7.611977826671573759e-09
7.379880606152569956e-09
7.155251673849595042e-09
6.937675097044387370e-09
6.727118742836925513e-09
6.523455123358689026e-09
