# cl_lkerndes_delens
2.281468736554421685e-07
2.434833757610643120e-07
2.602636049830214663e-07
2.784886030024476231e-07
2.982595783351322680e-07
3.196174104246305081e-07
3.426127713807860059e-07
3.676896076344224194e-07
3.938342800023011648e-07
4.191348183743102938e-07
4.503491705350496555e-07
4.808965995511499088e-07
5.125595881849297581e-07
5.451471092179366832e-07
5.783688612887801680e-07
6.119162701194346747e-07
6.453289413430437301e-07
6.781255788421039018e-07
7.097982168408674509e-07
7.392818840058252489e-07
7.659590644615262339e-07
7.889303436188937661e-07
8.073103108371798435e-07
8.202467430062105980e-07
8.269634255311322987e-07
8.266958282195453991e-07
8.188672278685776795e-07
8.032510298431531360e-07
7.800171669455919631e-07
7.496508459014042972e-07
7.128612420203784457e-07
6.707416078593869647e-07
6.245948399243882713e-07
5.760933395192565626e-07
5.267222492801151719e-07
4.779482687607031164e-07
4.309553420003642571e-07
3.865685502414774277e-07
3.448258671186034996e-07
3.063643662340110700e-07
2.712721797153635645e-07
2.390064781586572150e-07
2.088352102340558475e-07
1.802748450767582430e-07
1.538961512326752214e-07
1.309196534753824936e-07
1.113890823657542781e-07
9.477615986600236477e-08
8.047872793335071775e-08
6.828866019995517123e-08
5.784067458325577371e-08
4.894910991106249917e-08
4.152412642905083694e-08
3.538713083674456702e-08
3.019351866193271412e-08
2.582533540436208635e-08
2.220355980031244611e-08
1.915385066226282704e-08
1.658462837537665291e-08
1.440330196753767933e-08
1.254232301073327342e-08
1.094116039535174459e-08
9.554277806904870245e-09
8.344198790235047486e-09
7.281661086787287530e-09
6.343794106292554137e-09
5.512748712633352079e-09
4.774688037265246324e-09
4.118780392652368695e-09
3.536414628986782269e-09
