# cl_ska10des_delens
6.076148380455694722e-07
6.154062802353684150e-07
6.233373153883220127e-07
6.314094222091368634e-07
6.396238370230038812e-07
6.479813594558140675e-07
6.564828522307199515e-07
6.651294137032410203e-07
6.739223082623427764e-07
6.828652740704684645e-07
6.919556462612805924e-07
7.011969661768606494e-07
7.105903161573250876e-07
7.201366631794467953e-07
7.298378984722153897e-07
7.396963925867377382e-07
7.497151532600883612e-07
7.600736458637396562e-07
7.703921789983902882e-07
7.808689436735555249e-07
7.915081513548243130e-07
8.022199490244364438e-07
8.131888469004447147e-07
8.243082422372731220e-07
8.355742299631386106e-07
8.469812354040109042e-07
8.584975627100252241e-07
8.701052689503336851e-07
8.817406664499149835e-07
8.949712487886101206e-07
9.072634259512414742e-07
9.197164894224448201e-07
9.323380940594345721e-07
9.451112972641092839e-07
9.580440797968734506e-07
9.723250394240645856e-07
9.852370049758025862e-07
9.984240355705699582e-07
1.011839763905147587e-06
1.025458920593455872e-06
1.039264292655606686e-06
1.053243237546291110e-06
1.067384987785961241e-06
1.081681492859616198e-06
1.096127105083816176e-06
1.110719883344901686e-06
1.125459383462158970e-06
1.140343477400887107e-06
1.155366300494602152e-06
1.170518928431454553e-06
1.185794643704820655e-06
1.201192476194049802e-06
1.216713843566987190e-06
1.232357311522999956e-06
1.248117979322263700e-06
1.263987651278788911e-06
1.279967132169096170e-06
1.296053268471001628e-06
1.312241367269228084e-06
1.328523082798737826e-06
1.344887084241401192e-06
1.361326465306401003e-06
1.377838354905194643e-06
1.394420792237573025e-06
1.411069501831084308e-06
1.427779485275900365e-06
1.444545634547189047e-06
1.461362552229802365e-06
1.478222509690153241e-06
1.495116605446117513e-06
1.512035027945211893e-06
1.528970970845336589e-06
1.545916652053847307e-06
1.562863457230987367e-06
1.579802950502265556e-06
1.596728258267141816e-06
1.613634358327259448e-06
1.630513518182228137e-06
1.647035994186870487e-06
1.663858988377447152e-06
1.680591894296834521e-06
1.697426642656120107e-06
1.713931051358425270e-06
1.730321746725458182e-06
1.746584530599451922e-06
1.762713443296220162e-06
1.778703346687090760e-06
1.794541727775975345e-06
1.810205903439785405e-06
1.825670960623178290e-06
1.840919986445858343e-06
1.855723500894663291e-06
1.870485945070280094e-06
1.884980770457381985e-06
1.899512954932441571e-06
1.913443333579823414e-06
1.927120460898138933e-06
1.940473785170043959e-06
1.953483845540071772e-06
1.966131770794389802e-06
1.978399831063097922e-06
1.990270374394905528e-06
2.001725529017678424e-06
2.012747021027120738e-06
2.023316741048409440e-06
2.033416176273547707e-06
2.043046800490063306e-06
2.052156336257592484e-06
2.060745811971461530e-06
2.068799590312695333e-06
2.076301624288145248e-06
2.083232846744043642e-06
2.089573104908812698e-06
2.095283501156362547e-06
2.100408229970800482e-06
2.104905295374528957e-06
2.108958021740417043e-06
2.111987979472390250e-06
2.114517188296849818e-06
2.116349105652828308e-06
2.117467496679931443e-06
2.117864314231270083e-06
2.117527611970002172e-06
2.116446075101463673e-06
2.114519022832848544e-06
2.111923196709790238e-06
2.108588180630134411e-06
2.104502610618499087e-06
2.099573688594695940e-06
2.093856886512896730e-06
2.087343232749409038e-06
2.080041440857025784e-06
2.071950437529879160e-06
2.063103023550964703e-06
2.053453397039770045e-06
2.043036151980976090e-06
2.031860569742564122e-06
2.019935567026844043e-06
2.007269163420579263e-06
1.993871833204018346e-06
1.979754924365613775e-06
1.964931833474953593e-06
1.949415476409319932e-06
1.933215082788855597e-06
1.916379838628478442e-06
1.898889023151444020e-06
1.880771480552987942e-06
1.862045982079115694e-06
1.842732177100795114e-06
1.822853148976874659e-06
1.802434671785310693e-06
1.781506026240194039e-06
1.760095881715024641e-06
1.738231978309432673e-06
1.716076648372035044e-06
1.693349943061822987e-06
1.670184651045850768e-06
1.646750539831140804e-06
1.623031322795968163e-06
1.599055618741617592e-06
1.574808869646481199e-06
1.550348947946304363e-06
1.525707040379810398e-06
1.500913085854192948e-06
1.475997064900856040e-06
1.451214746506939789e-06
1.426111209483002851e-06
1.400793887787652288e-06
1.375685079174964180e-06
1.350601437512669082e-06
1.325570803039117178e-06
1.300709642611312496e-06
1.275850914230305677e-06
1.251067692179574251e-06
1.226514143700331271e-06
1.202136554697590643e-06
1.177954590874047591e-06
1.153984667585413960e-06
1.130240604936832318e-06
1.106733188817269727e-06
1.083473482003700930e-06
1.060472067652063803e-06
1.037736921341758764e-06
1.015317614492013688e-06
9.930519261806451949e-07
9.711551759720194773e-07
9.495462920543902869e-07
9.282313778993152749e-07
9.072123083604064210e-07
8.864975360469449607e-07
8.660925293558926029e-07
8.461315053098269441e-07
8.262423095792613518e-07
8.068071948160734647e-07
7.877039469710639948e-07
7.689359513541953287e-07
7.505048650025305334e-07
7.324106760698101747e-07
7.146519175225175547e-07
6.972235055848864157e-07
6.802189014559848572e-07
6.633197303906637315e-07
6.468146032981881299e-07
6.305828960944925033e-07
6.146021383579066094e-07
5.988513936720068927e-07
5.833072935763508377e-07
5.679917441005211248e-07
5.527687958425861456e-07
5.377486670358811524e-07
5.228848254143349678e-07
5.081759830582529720e-07
4.936249654670097693e-07
4.792429580158871404e-07
4.650773796241496220e-07
4.510902394848218246e-07
4.373077474397307715e-07
4.238215351172785430e-07
4.106726304180466743e-07
3.977895425904723818e-07
3.852428864223246593e-07
3.730107559784437716e-07
3.611756306248567731e-07
3.497051647916553689e-07
3.386188861207450558e-07
3.278885494747508337e-07
3.174924987508589487e-07
3.074391263821409372e-07
2.976926697883837586e-07
2.882725793552104775e-07
2.791430114106259164e-07
2.703062753219495241e-07
2.617413234538099135e-07
2.534382143510461393e-07
2.453887190056011784e-07
2.375902095779026170e-07
2.300195941174535596e-07
2.226637855367976298e-07
2.155269870739889639e-07
2.086161206862669197e-07
2.019222618224489743e-07
1.954040171874576848e-07
1.891097727972426805e-07
1.830152145497562624e-07
1.771243103634467545e-07
1.714144038459502356e-07
1.658791133644188382e-07
1.605127182631252650e-07
1.553107363533169791e-07
1.502694072207145526e-07
1.453807061674487941e-07
1.406396595080388751e-07
1.360459598217367413e-07
1.316004686539829857e-07
1.273056754940039094e-07
1.231610265036865160e-07
1.191676217848829242e-07
1.153252746453728884e-07
1.116319829714031167e-07
1.080826778615457140e-07
1.046694845379375268e-07
1.013838889703636249e-07
9.821531408909554157e-08
9.515446072327843660e-08
9.219220914834696783e-08
8.932273549650048859e-08
8.654174942657518672e-08
8.384967040586148179e-08
8.124506941170194831e-08
7.873120557434492521e-08
7.630671140713622640e-08
7.397175992900664672e-08
7.172212341425074856e-08
6.955414701293828850e-08
6.746306829439616924e-08
6.544675866303847774e-08
6.349776519063042774e-08
6.161567587587296288e-08
5.979856544080052696e-08
5.804442704933741986e-08
5.635093174431140951e-08
5.471373099154622710e-08
5.313014782452696801e-08
5.159740333016240641e-08
5.011463816652389099e-08
4.868072251656410996e-08
4.729509187453118388e-08
4.595673798303462659e-08
4.466401003414308283e-08
4.341420367078981198e-08
4.220435413397745677e-08
4.103204738804730464e-08
3.989568350292572333e-08
3.879433686047555640e-08
3.772714090081118412e-08
3.669321620524807305e-08
3.569157832616150178e-08
3.472096311583380874e-08
3.377978986172644530e-08
3.286647046042870922e-08
3.197970350166683737e-08
3.111854499877601040e-08
3.028230744670705917e-08
2.947020273023463784e-08
2.866290049316264055e-08
2.789665806214316288e-08
2.715173348214290761e-08
2.642730084963311871e-08
2.572258208429769222e-08
2.503688130932005043e-08
2.436951761885890825e-08
2.371982979900967818e-08
2.308721599740136205e-08
2.247106864474842159e-08
2.187078395762836306e-08
2.128581870570564331e-08
2.071565452002273959e-08
2.015979058676000413e-08
1.961777309518923287e-08
1.908915796996779882e-08
