# cl_ska01cib_delens
1.534519747978385293e-02
1.556654710340416720e-02
1.579264843055621856e-02
1.602359544341286357e-02
1.625948352770094710e-02
1.650040934889373742e-02
1.674647125920122534e-02
1.699776928727729508e-02
1.725440450615006727e-02
1.751647740554228630e-02
1.778409975896095424e-02
1.805736991761409255e-02
1.833639785859594168e-02
1.862129264391920377e-02
1.891216411507559356e-02
1.920912653359255901e-02
1.951228729787706298e-02
1.982176680633082611e-02
2.013767979987384979e-02
2.046014375974644639e-02
2.078927756004808960e-02
2.112520222065499345e-02
2.146803943032481524e-02
2.181791221926862590e-02
2.217494491641845700e-02
2.253926627648624240e-02
2.291100027168011671e-02
2.329027701054391802e-02
2.367722519308144632e-02
2.407197682297599131e-02
2.447466336516832333e-02
2.488541741201432539e-02
2.530441610037701891e-02
2.573166977305003933e-02
2.616743845149414535e-02
2.661181766850772429e-02
2.706494485027157587e-02
2.752695982576522024e-02
2.799800104942631873e-02
2.847820878887823148e-02
2.896772315018955601e-02
2.946668410051961687e-02
2.997523394450050255e-02
3.049351307068658493e-02
3.102166362763784935e-02
3.155982721776569300e-02
3.210814409944667130e-02
3.266675247591662584e-02
3.323580653329512302e-02
3.381543255596000663e-02
3.440577432139640957e-02
3.500697076067103841e-02
3.561916220634517294e-02
3.624248339519523660e-02
3.687707141748344103e-02
3.752305924184601293e-02
3.818057965385900782e-02
3.884976546273901515e-02
3.953074291122921080e-02
4.022364218377824652e-02
4.092858614682157170e-02
4.164569721199982977e-02
4.237509368701770918e-02
4.311689268829027588e-02
4.387120553561892761e-02
4.463814211060106868e-02
4.541780921804795812e-02
4.621030596172324978e-02
4.701572696925087474e-02
4.783417426918851884e-02
4.866572476671879310e-02
4.951046308362137827e-02
5.036846786637597800e-02
5.123980622547004427e-02
5.212454623081558963e-02
5.302274258125750511e-02
5.393444380421631712e-02
5.485969930326854010e-02
5.579853683633891753e-02
5.675098982943457826e-02
5.771707189815637740e-02
5.869679581135116286e-02
5.969015720202291986e-02
6.069715076854269309e-02
6.171775276890906908e-02
6.275193443300480789e-02
6.379965571986515038e-02
6.486085804766311691e-02
6.593548141722678502e-02
6.702344204637607217e-02
6.812465836835211730e-02
6.923900782534757326e-02
7.036638418094942615e-02
7.150665249847582006e-02
7.265966187441212643e-02
7.382524442407212284e-02
7.500322271673159902e-02
7.619339916656452105e-02
7.739555399622535803e-02
7.860946099947564714e-02
7.983486135659879912e-02
8.107149221533953287e-02
8.231906034580219189e-02
8.357725523174830418e-02
8.484575129721941278e-02
8.612419604103080384e-02
8.741221418081553118e-02
8.870941604336070319e-02
9.001538150016588635e-02
9.132966457300860375e-02
9.265181216091823713e-02
9.398132334422476530e-02
9.531769779621909744e-02
9.666038855774300442e-02
9.800883601018248181e-02
9.936245281094847892e-02
1.007206236161968388e-01
1.020826991251723576e-01
1.034480176078445141e-01
1.048101788311841392e-01
1.061855570431508716e-01
1.075563022351182368e-01
1.089273286663595686e-01
1.102978289370737386e-01
1.116669640034917282e-01
1.130338657914584932e-01
1.143976394059114943e-01
1.157573549896067644e-01
1.171120567728086981e-01
1.184607569042313291e-01
1.198024421196027395e-01
1.211360622608775445e-01
1.224605373168984601e-01
1.237747662522111769e-01
1.250776010630871848e-01
1.263678799047336099e-01
1.276443917490513724e-01
1.289059126070369043e-01
1.301511737655388079e-01
1.313835518070796682e-01
1.325877140660386144e-01
1.337763097458686545e-01
1.349433218298366488e-01
1.360873251622485569e-01
1.372069078643945728e-01
1.383006252600824382e-01
1.393670363160113279e-01
1.404046553179158219e-01
1.414120139518208474e-01
1.423876076365853116e-01
1.433299441466254764e-01
1.442374909157491114e-01
1.451087442414437101e-01
1.459421702589900338e-01
1.467362422100636499e-01
1.474894332700800725e-01
1.482002217744556316e-01
1.488670960698464663e-01
1.494885485033978223e-01
1.500630875570273803e-01
1.505892470205338340e-01
1.510655797368035125e-01
1.514906484246929808e-01
1.518630771287091674e-01
1.521815062887013625e-01
1.524446214037084024e-01
1.526511424547767892e-01
1.527998509806150484e-01
1.528895957918288417e-01
1.529192533444537760e-01
1.528877899163475773e-01
1.527942261802472945e-01
1.526376756835742809e-01
1.524173329791849163e-01
1.521324603961639876e-01
1.517824293290600535e-01
1.513667031844096456e-01
1.508848437481436766e-01
1.503365253465988594e-01
1.497215249037023854e-01
1.490397486939605831e-01
1.482912048025966101e-01
1.474760397011240787e-01
1.465945086043324297e-01
1.456470238635986514e-01
1.446341134175965493e-01
1.435564447424104717e-01
1.424147834319770267e-01
1.412102892191802739e-01
1.399439143812773456e-01
1.386170479257079757e-01
1.372312024366713901e-01
1.357881412824588907e-01
1.342898278574668758e-01
1.327384970992466495e-01
1.311365230232318380e-01
1.294866808455317486e-01
1.277918857691895949e-01
1.260552605265762016e-01
1.242801161668182358e-01
1.224698537945417554e-01
1.206279835007972728e-01
1.187580442513561374e-01
1.168636440531923976e-01
1.149484058211671239e-01
1.130159473041114082e-01
1.110698897929473794e-01
1.091138065137908231e-01
1.071512465187022395e-01
1.051857023652723738e-01
1.032205753548371407e-01
1.012591647703243170e-01
9.930469349108787813e-02
9.736026720186194416e-02
9.542893718245268331e-02
9.351365776665256091e-02
9.161727281975155790e-02
8.974245529125829401e-02
8.789168523976191583e-02
8.606719576060815891e-02
8.427093087853977649e-02
8.250452884528786113e-02
8.076925862298002523e-02
7.906605289085404109e-02
7.739549534410987419e-02
7.575780673933417420e-02
7.415287963395240933e-02
7.258026294315321481e-02
7.103924432146023482e-02
6.952879941761119786e-02
6.804764629482829008e-02
6.659425976057006813e-02
6.516687457361103331e-02
6.376352749447235235e-02
6.238209162297322224e-02
6.102032580535794726e-02
5.967592170378026306e-02
5.834656084511249952e-02
5.702994048874478195e-02
5.572388464675350622e-02
5.442635024347819428e-02
5.313551691042747716e-02
5.184983286471722685e-02
5.056808239403235566e-02
4.928940002073206594e-02
4.801332809321511713e-02
4.673984134331472806e-02
4.546935151795303970e-02
4.420271268413735605e-02
4.294120047037702781e-02
4.168648603833382399e-02
4.044064228098341596e-02
3.920601958890893024e-02
3.798526660438053537e-02
3.678122423848576711e-02
3.559682663763118204e-02
3.443506574901789713e-02
3.329879447936254927e-02
3.219076189017189282e-02
3.111338466214178672e-02
3.006878660385026159e-02
2.905861588700310930e-02
2.808403510018869439e-02
2.714565909821975431e-02
2.624353858197349398e-02
2.537713602841219426e-02
2.454534784552975593e-02
2.374649383569062480e-02
2.297851939936847512e-02
2.223890904592427942e-02
2.152501528579396292e-02
2.083407611182066729e-02
2.016335739755957188e-02
1.951033946736904778e-02
1.887277535935867265e-02
1.824882769365857027e-02
1.763713179577069967e-02
1.703686447148687610e-02
1.644774437274694467e-02
1.587000398438509138e-02
1.530428370523973305e-02
1.475160143713865994e-02
1.421315111468004176e-02
1.369022514186144304e-02
1.318402995008209101e-02
1.269557276290838969e-02
1.222555660253305844e-02
1.177430706983130862e-02
1.134172902840088933e-02
1.092731301762551663e-02
1.053019196265863461e-02
1.014921030987355789e-02
9.783036015357545259e-03
9.430269053109108929e-03
9.089609587854749484e-03
8.759937186323696681e-03
8.440391439907721574e-03
8.130406316666123623e-03
7.829708338234759105e-03
7.538274213572876588e-03
7.256261171644479840e-03
6.983903747680366911e-03
6.721427024992513571e-03
6.468969442027540200e-03
6.226523808141371831e-03
5.993897876243028423e-03
5.770714622650743170e-03
5.556470385859629824e-03
5.350601226227818565e-03
5.152538233433509411e-03
4.961770694603762424e-03
4.777873933184325142e-03
4.600547673003919057e-03
4.429616218365480147e-03
4.264972305242533193e-03
4.106532084613129414e-03
3.954205861810945223e-03
3.807857905457501073e-03
3.667314671127911568e-03
3.532345120675006982e-03
