# cl_ska5desi_delens
8.405542043469727757e-08
8.528986960173189405e-08
8.655134657319954657e-08
8.784040390623380428e-08
8.915760352914347983e-08
9.050351675721295699e-08
9.187872438354761241e-08
9.328381677067358645e-08
9.471939395953269905e-08
9.618606567673793543e-08
9.768445141027115267e-08
9.921518037186098643e-08
1.007788914574626097e-07
1.023762332225576698e-07
1.040078638872503826e-07
1.056744513570262322e-07
1.073766732599438510e-07
1.091152169651222680e-07
1.108907794833845531e-07
1.127040673507339428e-07
1.145557964539944509e-07
1.164466918799821330e-07
1.183774878230899148e-07
1.203489274758480893e-07
1.223617629969259136e-07
1.244167554526701628e-07
1.265146746458584933e-07
1.286562988285316365e-07
1.308424143549156930e-07
1.330738152969256344e-07
1.353513030839187498e-07
1.376756862840085001e-07
1.400477802432798603e-07
1.424684068736665410e-07
1.449383942476651252e-07
1.474585761761833767e-07
1.500297917045229199e-07
1.526528845343503244e-07
1.553287024436297260e-07
1.580580966761742016e-07
1.608419213140659300e-07
1.636810327485437995e-07
1.665762890331902564e-07
1.695285492754210618e-07
1.725386727920536090e-07
1.756075182189681202e-07
1.787359424948039787e-07
1.819247998996770722e-07
1.851749412270297510e-07
1.884872129211405352e-07
1.918624560468382097e-07
1.953015051838672833e-07
1.988051869094077906e-07
2.023743184953561155e-07
2.060097064846553866e-07
2.097121454413882223e-07
2.134824168750292182e-07
2.173212879867557698e-07
2.212295102691179042e-07
2.252078176774340667e-07
2.292569246257613013e-07
2.333775239211158291e-07
2.375702846054500984e-07
2.418358501284721681e-07
2.461748368912735904e-07
2.505878332848572827e-07
2.550753984638194797e-07
2.596380605199478043e-07
2.642763130522774978e-07
2.689906109451860311e-07
2.737813658853251715e-07
2.786489426957745125e-07
2.835936590603129797e-07
2.886157849157799998e-07
2.937155427949790543e-07
2.988931086145364816e-07
3.041486133595842052e-07
3.094821468881705234e-07
3.148937573052842325e-07
3.203834308617750948e-07
3.259510301581928339e-07
3.315962357868336066e-07
3.373185161073116322e-07
3.431172172827853716e-07
3.489918009146214334e-07
3.549420578972311616e-07
3.609681886629274514e-07
3.670703993433031240e-07
3.732483326914861675e-07
3.795005374010482027e-07
3.858241734819901689e-07
3.922155793233757961e-07
3.986706459946650390e-07
4.051851079098143172e-07
4.117553265435314220e-07
4.183786727120362955e-07
4.250540977305477556e-07
4.317826620892029859e-07
4.385663323009480246e-07
4.454067549925370547e-07
4.523041705401046091e-07
4.592565830471246684e-07
4.662608778156373526e-07
4.733133700786612929e-07
4.804101672764448944e-07
4.875480784494266930e-07
4.947238061734044405e-07
5.019339190183238874e-07
5.091750942003694571e-07
5.164433404841910617e-07
5.237342355329622909e-07
5.310431473062919873e-07
5.383649734482387167e-07
5.456945780387384644e-07
5.530270789714413460e-07
5.603576152170088357e-07
5.676812208479707618e-07
5.749925204780619791e-07
5.822854195791395743e-07
5.895532117056105624e-07
5.967888957598590700e-07
6.039854377286387734e-07
6.111358587413842367e-07
6.182330853105707895e-07
6.252697408166257315e-07
6.322380717491215429e-07
6.391299959798464574e-07
6.459371787413742753e-07
6.526510541314806059e-07
6.592627961746663661e-07
6.657632884476797459e-07
6.721431405058928535e-07
6.783927306180683265e-07
6.845022300271658399e-07
6.904616741776350787e-07
6.962610239897918480e-07
7.018902170943787272e-07
7.073391792590304236e-07
7.125972959065825362e-07
7.176527211358006047e-07
7.224919683821424594e-07
7.271003639414414785e-07
7.314644934394822567e-07
7.355745276882207535e-07
7.394254550767950525e-07
7.430152416646476298e-07
7.463418410133191755e-07
7.494004821258705007e-07
7.521814031612331020e-07
7.546710942108278955e-07
7.568528112115199396e-07
7.587062367540866458e-07
7.602111788916137083e-07
7.613505423299163474e-07
7.621109999779093419e-07
7.624841931171699077e-07
7.624628766624257327e-07
7.620359348358205412e-07
7.611881833969420079e-07
7.599017938512278391e-07
7.581601839199112215e-07
7.559529001539824114e-07
7.532769416321244364e-07
7.501339169457343335e-07
7.465290821563647243e-07
7.424704549494165291e-07
7.379660858445456046e-07
7.330237489947158669e-07
7.276506053303410546e-07
7.218516353539345404e-07
7.156313052817693535e-07
7.089957727764126587e-07
7.019519082412378902e-07
6.945079622731830102e-07
6.866742129424278887e-07
6.784629615201890282e-07
6.698906624224539149e-07
6.609781511340875883e-07
6.517498631460411613e-07
6.422334522666572772e-07
6.324575355276798128e-07
6.224507058091169814e-07
6.122421923551306258e-07
6.018619668701675367e-07
5.913412348469777076e-07
5.807129274296587264e-07
5.700104133874020818e-07
5.592666705478047895e-07
5.485142435579644438e-07
5.377849335269986372e-07
5.271098925548712644e-07
5.165204030892529750e-07
5.060484860060943183e-07
4.957267838300547372e-07
4.855876398206648192e-07
4.756605026062550244e-07
4.659696759830196617e-07
4.565334986296184981e-07
4.473654023370283863e-07
4.384750563811498495e-07
4.298685062614237001e-07
4.215483422399780729e-07
4.135126178411995029e-07
4.057540820317494695e-07
3.982601922124116457e-07
3.910126607132545947e-07
3.839872160970369401e-07
3.771538348936603080e-07
3.704776025386243363e-07
3.639217032568940575e-07
3.574500412396760766e-07
3.510285441508887549e-07
3.446240253234474329e-07
3.382028125173013188e-07
3.317301090799753602e-07
3.251699687599874831e-07
3.184903143543571493e-07
3.116667364084372782e-07
3.046842167873202940e-07
2.975376706381590375e-07
2.902315081443238162e-07
2.827788695523725470e-07
2.752001124296744150e-07
2.675230178245067825e-07
2.597822386197089245e-07
2.520188815160630487e-07
2.442802060228058530e-07
2.366172213798796802e-07
2.290819728391525139e-07
2.217245224404568100e-07
2.145877469735530879e-07
2.077039611177061426e-07
2.010930367753518421e-07
1.947638533436457457e-07
1.887166502936675761e-07
1.829422043647425218e-07
1.774225373480433511e-07
1.721318893642247928e-07
1.670370629075648354e-07
1.621002075363993489e-07
1.572832949221557177e-07
1.525537923170562284e-07
1.478888979023526213e-07
1.432762652355563955e-07
1.387140571034100195e-07
1.342094564483714584e-07
1.297781049656181613e-07
1.254415993112628438e-07
1.212217770085744188e-07
1.171388443349260297e-07
1.132092920637229159e-07
1.094417590169034631e-07
1.058365792628371738e-07
1.023832799083056867e-07
9.906228056183541916e-08
9.585043367496094072e-08
9.272291129250663936e-08
8.965760088023618823e-08
8.663987734595904407e-08
8.366422207287846190e-08
8.073737200155646579e-08
7.787416293923821930e-08
7.509051881023825201e-08
7.240202442061243088e-08
6.982053233472597696e-08
6.735198860277325157e-08
6.499655072414974013e-08
6.274580059055540807e-08
6.058616884200910018e-08
5.850531156511372402e-08
5.649334521331902322e-08
5.454452433260953956e-08
5.265697578014165188e-08
5.082995258378451440e-08
4.906399021947658493e-08
4.736021703811034984e-08
4.571748604201148531e-08
4.413290566352962027e-08
4.260339300045024824e-08
4.112580980768721713e-08
3.969869276325357167e-08
3.832313229826143106e-08
3.700050587877327617e-08
3.573116941159372561e-08
3.451363744383325434e-08
3.334347909994868342e-08
3.221583081411405152e-08
3.112777810935485317e-08
3.007837491984913364e-08
2.906768397592790049e-08
2.809585063320957207e-08
2.716213294193861588e-08
2.626475502257694713e-08
2.540182714509244834e-08
2.457132952373317127e-08
2.377096910867547687e-08
2.299892166097341640e-08
2.225458325005839905e-08
2.153826356695795480e-08
2.085027009575953121e-08
2.019011165133543429e-08
1.955603895913866979e-08
1.894554750664347402e-08
1.835649970833341904e-08
1.778786972020476660e-08
1.723956994318969157e-08
1.671173875065070953e-08
1.620411638490901427e-08
1.571579898492024467e-08
1.524543880617025727e-08
1.479176982112105484e-08
1.435391518064218046e-08
1.393137436170438748e-08
1.352380208671009671e-08
1.313077420253624105e-08
1.275169404134964448e-08
1.238583091897289271e-08
1.203247794325636287e-08
1.169103769032870424e-08
1.136103102903434051e-08
