# cl_ska01ska01_delens
4.362652738638586680e-08
4.631216573776178718e-08
4.923220947861325122e-08
5.240097232630771502e-08
5.583139944616957266e-08
5.952002409794561655e-08
6.350948534392354262e-08
6.778483198553456377e-08
7.242901465339653441e-08
7.724914570036188906e-08
8.244350771778517445e-08
8.796305458827806899e-08
9.379233156438958697e-08
9.984384041404121155e-08
1.062227775526881206e-07
1.128716645727166738e-07
1.197415530689683682e-07
1.267663610369609156e-07
1.341099678076555111e-07
1.412971547249445306e-07
1.486619834881620572e-07
1.560044640190669375e-07
1.632407576519969319e-07
1.702379114512548309e-07
1.773565986943489211e-07
1.834767871050205354e-07
1.893505414204814903e-07
1.946774409676460166e-07
1.990580471464700687e-07
2.028998591901176717e-07
2.061390927811042768e-07
2.071651238799473890e-07
2.067934550670862538e-07
2.058850438688749797e-07
2.042167772197282013e-07
2.003195393333266604e-07
1.950533047512764390e-07
1.880743194016822006e-07
1.798013195597529110e-07
1.701957025646338585e-07
1.594925686844636132e-07
1.479388001320001069e-07
1.357076066500480107e-07
1.237990912807655560e-07
1.115148167666504178e-07
9.990964661177085536e-08
8.929655556733232757e-08
7.939216244631724316e-08
7.061805124572873519e-08
6.232771278180120771e-08
5.493625768665783560e-08
4.791875030480982890e-08
4.105580321726515591e-08
3.472345071282266505e-08
2.929508595725256944e-08
2.460872431631836633e-08
2.086899142390219811e-08
1.754083499938226653e-08
1.463241948188467475e-08
1.206271777011689229e-08
1.001321770597805742e-08
8.288219077382823891e-09
6.838131022109527113e-09
5.629510766217941486e-09
4.642633414493960821e-09
3.819749136710129888e-09
3.146962625657155361e-09
2.592800028413534494e-09
2.138941784676031041e-09
1.766413380663181371e-09
