# cl_ska10ska10_delens
5.042747735774068534e-07
5.085593724720343032e-07
5.129002008410513903e-07
5.172982466680684347e-07
5.217753135491388142e-07
5.262697445869481833e-07
5.308211398334443024e-07
5.354295621195104959e-07
5.400954129586714717e-07
5.448191886542930321e-07
5.496018599654969288e-07
5.544444946681833998e-07
5.593474522995435248e-07
5.643089549302764000e-07
5.693259315331198238e-07
5.743953936827982075e-07
5.795154153937756991e-07
5.847047370429037202e-07
5.899258779305983741e-07
5.952010646469458494e-07
6.005293182733048741e-07
6.059093127150306939e-07
6.110891770433159749e-07
6.167911749245355386e-07
6.223464397736364412e-07
6.279497726912242822e-07
6.335959913565234979e-07
6.398665761161594435e-07
6.451025455020709379e-07
6.509162688774073596e-07
6.567704384408870264e-07
6.626640951954987091e-07
6.685977290268917729e-07
6.745722362154589728e-07
6.805939874859478761e-07
6.866528773386879023e-07
6.927824197998586389e-07
6.989578660032565717e-07
7.051800403306140638e-07
7.114262093424470274e-07
7.177372756603074275e-07
7.240763915047184455e-07
7.304553262048283193e-07
7.368705257351225360e-07
7.433209381013495860e-07
7.498079704259389980e-07
7.563332565111847038e-07
7.628792575003475143e-07
7.694685378252673844e-07
7.761294870497263339e-07
7.827989089176782522e-07
7.894928847529697699e-07
7.962097157244206723e-07
8.029485742307937031e-07
8.097154613953764770e-07
8.164875286017100840e-07
8.233036430480386269e-07
8.301388674075247698e-07
8.369849557553840311e-07
8.438364326719989804e-07
8.506833742426079195e-07
8.576255213002332525e-07
8.644864192243505601e-07
8.713864097179368341e-07
8.782018454952802133e-07
8.860730666656457093e-07
8.920239402090489109e-07
8.984797659556970343e-07
9.058225280712862458e-07
9.128601155527510729e-07
9.196000725092600296e-07
9.264538978978739715e-07
9.332846067927841753e-07
9.400929585472724135e-07
9.469361103415710174e-07
9.515009282630626997e-07
9.603147324698902708e-07
9.670540949791346658e-07
9.737464609344279712e-07
9.805180057133298130e-07
9.870098820623772969e-07
9.935734111042620344e-07
1.000101432313107498e-06
1.006649085161372370e-06
1.012956083311135866e-06
1.019285471694881318e-06
1.025502322913657088e-06
1.031387725161005113e-06
1.038230348211036609e-06
1.044309956716946909e-06
1.050195710234441802e-06
1.056059593700817909e-06
1.064577410361667341e-06
1.067011568007297765e-06
1.073226437013084781e-06
1.078774017571960087e-06
1.084182528120154029e-06
1.089571189990439550e-06
1.094828935905008665e-06
1.100092418124989541e-06
1.103681983210109580e-06
1.109758339840954760e-06
1.114343034391964608e-06
1.119047723307174596e-06
1.123609689286869755e-06
1.127999651643808720e-06
1.132156476286129023e-06
1.136157518626340287e-06
1.140139842901885318e-06
1.143852725252020784e-06
1.147062961905829101e-06
1.150525274562098080e-06
1.153856018942646018e-06
1.156991550102489448e-06
1.159901145846832546e-06
1.162594750682832972e-06
1.165051330610300712e-06
1.167312664659863247e-06
1.169370534924906430e-06
1.171502099327135790e-06
1.172983225985824865e-06
1.174035777768719434e-06
1.175963481184307836e-06
1.176971997549575598e-06
1.177779787700827037e-06
1.178383988182811688e-06
1.178781749386412847e-06
1.178881760136103541e-06
1.178938791809417116e-06
1.177920418602928993e-06
1.177807516075047250e-06
1.176978658599073155e-06
1.175884117144081916e-06
1.174385480389406865e-06
1.172880671092347029e-06
1.170984172111454356e-06
1.168831175712710719e-06
1.166424484448969230e-06
1.163756433571203885e-06
1.160826257195128678e-06
1.157613185095834168e-06
1.154170951352628366e-06
1.150424450173020028e-06
1.146393969049530869e-06
1.142077911916810316e-06
1.137516235628681656e-06
1.132602394768125865e-06
1.124815377845436285e-06
1.121981859249250839e-06
1.116250411809622058e-06
1.110236179240836908e-06
1.103978313572393881e-06
1.097458432415805150e-06
1.090667627365573047e-06
1.083596981200184004e-06
1.076058216764988279e-06
1.068728358824048908e-06
1.060736928813897423e-06
1.052598636419510449e-06
1.044169210879471773e-06
1.035133992794741481e-06
1.026582778893267437e-06
1.017455081806560022e-06
1.008043709999527650e-06
9.984259602525155400e-07
9.885772863851947216e-07
9.784546486351297116e-07
9.681881046704701410e-07
9.576665150220943608e-07
9.465398258284106148e-07
9.360510609906072036e-07
9.249574478337291787e-07
9.137510528523398643e-07
9.022569239087715269e-07
8.906509365610634062e-07
8.788248050245898333e-07
8.669971187879174019e-07
8.549578894633960481e-07
8.427958108682736193e-07
8.305223108811398572e-07
8.181465581112812416e-07
8.056836613119922953e-07
7.931443899121491938e-07
7.805522063108047042e-07
7.678437002847435722e-07
7.551299810399946690e-07
7.423703434561234005e-07
7.295919350667578844e-07
7.168032007928781346e-07
7.040124071516280679e-07
6.912349248596787233e-07
6.785107341763628687e-07
6.657728635576973663e-07
6.530762143614851271e-07
6.404952618507721869e-07
6.279528830889160501e-07
6.154961852979602544e-07
6.031369361111414585e-07
5.908642877162859721e-07
5.787305003382456225e-07
5.666974347339419999e-07
5.548093246667332089e-07
5.430502260288938901e-07
5.314397638720274470e-07
5.199752910872758852e-07
5.086697590582499138e-07
4.975499098339320930e-07
4.865840749262412896e-07
4.757925127357618893e-07
4.651792737158570810e-07
4.547622981933764589e-07
4.444920288484418043e-07
4.360909419787309086e-07
4.245577779659990100e-07
4.148655688312886945e-07
4.053579773095580292e-07
3.960396715136406889e-07
3.869019850796309482e-07
3.779864339519787839e-07
3.691728660669300918e-07
3.605711513794307894e-07
3.521346874623958938e-07
3.438618726171410828e-07
3.357570971177258151e-07
3.278183104747487756e-07
3.199977143605689812e-07
3.123788441550114605e-07
3.039494683727634715e-07
2.975246638256387023e-07
2.902934900188806240e-07
2.831965370503889107e-07
2.762272471496991488e-07
2.693569022899581281e-07
2.626441422259850202e-07
2.560230350765559861e-07
2.495157299911446897e-07
2.431201522501750899e-07
2.373364380820902006e-07
2.306801172319641011e-07
2.245965043167387162e-07
2.186404797479329990e-07
2.127946668260107013e-07
2.070619743620810845e-07
2.014413231131188851e-07
1.959418188423980856e-07
1.906170985365434949e-07
1.853117013626809652e-07
1.801805037296861287e-07
1.751656395998876681e-07
1.702768047959556301e-07
1.661809920133090797e-07
1.609236956656861290e-07
1.564137294354000116e-07
1.521298060806926838e-07
1.479239996099876714e-07
1.438492039729661547e-07
1.399112964958918421e-07
1.361120741875361901e-07
1.324459648760354302e-07
1.288772027388616400e-07
1.255180777452206333e-07
1.221567474970067548e-07
1.191288147924548106e-07
1.159178624011854245e-07
1.129334850931145257e-07
1.100398955783150147e-07
1.072412858264568250e-07
1.045309148329785039e-07
1.018996865576592336e-07
9.934564287841426729e-08
9.687880934486532078e-08
9.449470107409414164e-08
9.218296062882681720e-08
8.992661581683455661e-08
8.772416630288378022e-08
8.556303310503360469e-08
8.368839153255251386e-08
8.153842865008861796e-08
7.962414456108434371e-08
7.776994819459900122e-08
7.597076206188570551e-08
7.425262450646491047e-08
7.252370585143376984e-08
7.094423674387646966e-08
6.939679110799577981e-08
6.790563342858615593e-08
6.643938556490450741e-08
6.505982377561271210e-08
6.373603540287542255e-08
6.245931006431931768e-08
6.113401372654956888e-08
5.994962420640155089e-08
5.883213423530396937e-08
5.774858845451628223e-08
5.667627334420349317e-08
5.557644880086800854e-08
5.457406667384753608e-08
5.359528724328211641e-08
5.264486144960662161e-08
5.172926298436007990e-08
5.085645667936158621e-08
5.002544158874205343e-08
4.922779878628291473e-08
4.845242095562563256e-08
4.768890000968660819e-08
4.694365620792334432e-08
4.622676094042510318e-08
4.554724378814734797e-08
4.489267820519940955e-08
4.427763646680873547e-08
4.367280851450042010e-08
4.307942780141874598e-08
4.250192425213003195e-08
4.194661036583618990e-08
4.141549155820335293e-08
4.090755796670200606e-08
4.041770510092496856e-08
3.994254197524582142e-08
3.948078292368533075e-08
3.903336652061885540e-08
3.860191264711049594e-08
3.818639226760435765e-08
3.778600570863910923e-08
3.739923149069685409e-08
3.702489633250293790e-08
3.666257717244397313e-08
3.631216878709931305e-08
3.597363214792447423e-08
3.564651301016973079e-08
3.533024863994748584e-08
3.502435259187543175e-08
3.472837407345221411e-08
3.444204093980634622e-08
3.416504433409699474e-08
3.389705723592951048e-08
3.363771107017149528e-08
3.338665885827731289e-08
3.314365343213988521e-08
3.290840500103064652e-08
3.268064215320832674e-08
3.246009988366326023e-08
3.224651135005550026e-08
3.203962819875331140e-08
3.183921090912072586e-08
3.164505823913896240e-08
3.145695380582764975e-08
3.127468146172669371e-08
3.109805308626782939e-08
3.092688117052628897e-08
3.076097779859491412e-08
