# cl_ska5des_delens
5.924319060359953505e-07
5.999015738758094691e-07
6.075010608894244456e-07
6.152316506336535826e-07
6.230946581296594746e-07
6.310913714069339165e-07
6.392191962780132839e-07
6.474869379909274232e-07
6.558919747761180182e-07
6.644352914686424223e-07
6.731179155505777043e-07
6.819409218821554691e-07
6.909052978789425548e-07
7.000119939786229662e-07
7.092620311464442097e-07
7.186560678481395740e-07
7.281946859335237584e-07
7.378785171495606679e-07
7.477079832275393130e-07
7.576836724399185503e-07
7.678061923790255336e-07
7.780757302917715748e-07
7.884926150193292371e-07
7.990567132703405152e-07
8.097677711942147470e-07
8.206258703031369558e-07
8.316305278037006430e-07
8.427814869211807000e-07
8.540785866084987694e-07
8.655209455049439453e-07
8.771079852063905825e-07
8.888388361582858110e-07
9.007124909220178125e-07
9.127278523278327579e-07
9.248839193630831438e-07
9.371795144669810319e-07
9.496132976965869124e-07
9.621837305172984082e-07
9.748893037389596192e-07
9.877281493028996436e-07
1.000698607849805852e-06
1.013798967062099900e-06
1.027027032848236461e-06
1.040380755101604132e-06
1.053857524163872771e-06
1.067454913557288149e-06
1.081170220653712173e-06
1.095000400760564720e-06
1.108942422241997340e-06
1.122992462450559757e-06
1.137147337466713000e-06
1.151402822032962889e-06
1.165754712455750696e-06
1.180199146571056291e-06
1.194730683397259717e-06
1.209345265993318279e-06
1.224037392148826610e-06
1.238802117119978463e-06
1.253634447602104339e-06
1.268528449392368931e-06
1.283479675219949616e-06
1.298481999385424518e-06
1.313531063090845900e-06
1.328620956455967651e-06
1.343746240454335097e-06
1.358901550745643034e-06
1.374080160187967336e-06
1.389276243961217740e-06
1.404481966921740484e-06
1.419690278366137434e-06
1.434892985105887253e-06
1.450081633060238091e-06
1.465247961587635443e-06
1.480382854311646611e-06
1.494727027178854349e-06
1.509817319507338184e-06
1.524858268702628892e-06
1.540420000602316684e-06
1.555252240557683666e-06
1.569991253924520300e-06
1.584625538328328323e-06
1.599142511355991233e-06
1.613530247028300449e-06
1.627775715902619910e-06
1.641866043836066269e-06
1.655787571805353006e-06
1.669526010612983106e-06
1.683067093764681637e-06
1.696395409607941532e-06
1.709496681692437396e-06
1.721631460760321702e-06
1.734198945458207703e-06
1.746509832109335026e-06
1.758546538074639295e-06
1.770285220413868957e-06
1.781700774699792232e-06
1.792776248380981270e-06
1.804300505603251421e-06
1.814667379156607185e-06
1.824637991256559216e-06
1.834204537943003891e-06
1.843350868769660165e-06
1.852061623975204742e-06
1.860321154361427981e-06
1.868113855305324803e-06
1.875424041438865917e-06
1.882229977959303521e-06
1.888532075195788271e-06
1.893910888581266290e-06
1.899177941126188519e-06
1.903902508008746344e-06
1.908058332285426424e-06
1.911618043383504287e-06
1.914561339236806589e-06
1.917156007904932113e-06
1.918877848836650510e-06
1.919967944024382703e-06
1.920418060718006685e-06
1.920212744239528968e-06
1.919339787116950264e-06
1.917787961947363508e-06
1.915544744318607012e-06
1.912602813326567677e-06
1.908960985373520025e-06
1.904148616228792357e-06
1.899106150984249982e-06
1.893361302085178447e-06
1.887228299456501805e-06
1.879999362452062769e-06
1.872051640797166375e-06
1.863388719370896958e-06
1.854018263855461163e-06
1.843947576352083895e-06
1.833185092372418791e-06
1.821738355950294914e-06
1.809617790400998266e-06
1.796834798125219333e-06
1.783401560191883974e-06
1.769329883814308704e-06
1.754374447748798556e-06
1.739045322199689998e-06
1.723442952015553054e-06
1.706967347464631614e-06
1.689936563900668850e-06
1.672362595343323647e-06
1.654262678298440748e-06
1.635654576449751455e-06
1.616560682448138666e-06
1.597006566256488368e-06
1.577020087501363057e-06
1.556629239637676607e-06
1.535862340435077581e-06
1.514662501293650340e-06
1.493195343069044089e-06
1.471580311642491712e-06
1.449575964319670140e-06
1.427328017374249189e-06
1.404866531337571768e-06
1.382223259273215415e-06
1.359428832071881376e-06
1.336512643908063207e-06
1.313505310238388947e-06
1.290453653337010780e-06
1.267363351562952570e-06
1.244199073717420187e-06
1.221085283359389011e-06
1.198010478593665387e-06
1.175002728154444516e-06
1.152086001314124803e-06
1.129282656969075689e-06
1.106493181608068491e-06
1.084002583597839102e-06
1.061792692704826179e-06
1.039672599606363143e-06
1.017768520141607569e-06
9.960954456103448100e-07
9.746694326559669142e-07
9.535019501233996123e-07
9.326023261540240940e-07
9.119755455069405670e-07
8.915638761837132958e-07
8.714681822506165387e-07
8.517715787013939600e-07
8.322760645329614433e-07
8.130720481043152095e-07
7.941628329204554721e-07
7.755503537470353507e-07
7.572387679258400957e-07
7.392320612927527923e-07
7.215387771184654440e-07
7.041240942038652754e-07
6.870914062427755363e-07
6.703527661326630866e-07
6.539401533924823151e-07
6.378541363264507651e-07
6.220945327688932142e-07
6.066576498272846412e-07
5.915380618620377875e-07
5.767198435816002491e-07
5.622124797494320365e-07
5.479789196975367773e-07
5.340059617312562637e-07
5.202727945027683801e-07
5.067547578597775695e-07
4.934299869749341223e-07
4.802420549969376128e-07
4.672801450622047059e-07
4.544257145261928980e-07
4.417088604656765823e-07
4.291245795318583479e-07
4.166786205286587459e-07
4.043770474381177403e-07
3.921979891694482948e-07
3.802786129055572152e-07
3.685167854406155853e-07
3.569812520630824609e-07
3.456969002660252122e-07
3.346798087163760719e-07
3.239449161604478592e-07
3.135375237552618525e-07
3.034247594454887248e-07
2.936246806209467654e-07
2.841406660064569677e-07
2.749548027219386871e-07
2.660787565021207587e-07
2.575249345597562145e-07
2.492360889558879281e-07
2.412180123820001334e-07
2.334429919491911046e-07
2.259183044026420508e-07
2.186799937620995486e-07
2.116380094086407339e-07
2.048189303738143141e-07
1.982099815338076113e-07
1.918012900043361250e-07
1.856075195430233784e-07
1.795954776302617818e-07
1.737679263147066155e-07
1.681074937610622789e-07
1.626489390565018422e-07
1.573682839917165815e-07
1.522506571752202839e-07
1.472834232833498406e-07
1.424923435871467515e-07
1.378606254093492477e-07
1.333754739153336972e-07
1.290286245811012321e-07
1.248149801070904581e-07
1.207268864299007758e-07
1.167655668534076664e-07
1.129266366168593067e-07
1.092104357890075239e-07
1.056179215817508088e-07
1.021487550475241153e-07
9.880532500994475380e-08
9.558789098500813593e-08
9.249557216580666544e-08
8.952670501456729264e-08
8.667397078905678072e-08
8.393187569328357318e-08
8.129179519562414690e-08
7.874518210999414324e-08
7.628519815288832343e-08
7.390372503035020255e-08
7.159789074278644677e-08
6.936433447284119287e-08
6.720370100969511076e-08
6.511619392014741268e-08
6.310222285435304848e-08
6.116147284988961131e-08
5.929445991868113376e-08
5.749382978585011662e-08
5.575753113392322268e-08
5.408240364898261543e-08
5.246538445090901980e-08
5.090439596441829415e-08
4.939779347950631118e-08
4.794369856223674558e-08
4.653993845203059232e-08
4.518416037688533873e-08
4.387375733915121614e-08
4.260600881554891166e-08
4.137882410796068827e-08
4.019110543997723820e-08
3.904249884578692182e-08
3.793263423800362752e-08
3.686076666786827340e-08
3.582500105328998120e-08
3.482311040230722742e-08
3.385288141892189949e-08
3.291250720273187321e-08
3.200075153798269279e-08
3.111677191013568729e-08
3.025990738838745084e-08
2.942953792451787432e-08
2.861025134272259995e-08
2.783057683751262122e-08
2.707425079755680160e-08
2.633994735952643253e-08
2.562676055655279979e-08
2.493383043998872554e-08
2.426066384957675902e-08
2.360668429181563465e-08
2.297127370876872057e-08
2.235363921076942206e-08
2.175295303804651427e-08
2.116854888145870948e-08
2.059981136087673130e-08
2.004622578142461261e-08
1.950732952540261873e-08
1.898264853401496457e-08
1.847166575427220925e-08
1.797386138583249864e-08
1.748878729608448299e-08
1.701601217514807538e-08
1.655512993794266061e-08
1.610577771332724852e-08
1.566760932495046515e-08
1.524027347215581248e-08
1.482342719102750107e-08
1.441676804558491753e-08
1.401999322394003493e-08
1.363280386824025719e-08
1.325493258062266245e-08
1.288612896996724758e-08
1.252614351620702936e-08
1.217473494196120623e-08
1.183169247884025928e-08
1.149680446847039219e-08
1.116985843926447329e-08
1.085066081182893100e-08
1.053903109148184552e-08
1.023479082615529527e-08
9.937765138590902751e-09
9.647799371169993214e-09
9.364737693464875036e-09
9.088423865849164679e-09
8.818716025066015939e-09
8.555479561776030410e-09
8.298579758383903597e-09
8.047882530079363457e-09
7.803270011062758676e-09
7.564623642389066730e-09
7.331821763998288335e-09
7.104751519694286914e-09
6.883306260402302777e-09
6.667379546920688284e-09
6.456862922524648860e-09
6.251658823155168379e-09
6.051669613887876854e-09
