# cl_ska1ska1_delens
1.135899310363272988e-07
1.148447211732698148e-07
1.161208414485858334e-07
1.174184979958971639e-07
1.187380265538456506e-07
1.200761639720613945e-07
1.214366205697791339e-07
1.228198044890894376e-07
1.242261185295044570e-07
1.256557625703836559e-07
1.271087064861845991e-07
1.285849137185486752e-07
1.300844273147110971e-07
1.316072692033522735e-07
1.331533310433612156e-07
1.347441338755208472e-07
1.363365349124217357e-07
1.379525753998745513e-07
1.395929856588518161e-07
1.412585984125020067e-07
1.429227127201339150e-07
1.446367389400153828e-07
1.463760086301917609e-07
1.481404797264124038e-07
1.499300265709545041e-07
1.517446232455079690e-07
1.535848165607406048e-07
1.554513436746733961e-07
1.573446476896393236e-07
1.592648651331495331e-07
1.612116225953302578e-07
1.631841648586683476e-07
1.651820065345258572e-07
1.671704101102382534e-07
1.692223065855100456e-07
1.713037242398619310e-07
1.734141991219440784e-07
1.755522063381988836e-07
1.777155883802697927e-07
1.799021435276653761e-07
1.821110295627678510e-07
1.843276953873785408e-07
1.865853097308666224e-07
1.888702330759679445e-07
1.911823482488113914e-07
1.935206020051393874e-07
1.960778560204677283e-07
1.984540783427927281e-07
2.006866257180241568e-07
2.031255209819273855e-07
2.055898585696881993e-07
2.080797043521689092e-07
2.105950518853480728e-07
2.131436899851806091e-07
2.157074339207281716e-07
2.182956401915727559e-07
2.209087745251355296e-07
2.235463351489697818e-07
2.262074867961005365e-07
2.288911560317122697e-07
2.315963136523097890e-07
2.343227589817842910e-07
2.371019626004412967e-07
2.398857853281244395e-07
2.426937530473360325e-07
2.454132843626533181e-07
2.482378422976006966e-07
2.510829218071805802e-07
2.539476007010538566e-07
2.568849436978972777e-07
2.597911368794280569e-07
2.627109234285790979e-07
2.656334645407397945e-07
2.685839817081665827e-07
2.715486311869043082e-07
2.745267453187651881e-07
2.775176520377551888e-07
2.805201849997064065e-07
2.835332562758985932e-07
2.865076611870686837e-07
2.895883551688224571e-07
2.926289313996050318e-07
2.956769831376007396e-07
2.987312301625217904e-07
3.017940181190277381e-07
3.048619608552096285e-07
3.079343746949169107e-07
3.110085993651733508e-07
3.140809921516744999e-07
3.171479753824922500e-07
3.200069316330862446e-07
3.230877903686525021e-07
3.266613241243643155e-07
3.292416812380760917e-07
3.323053702370281171e-07
3.354248080931190361e-07
3.384435267976174529e-07
3.414499393953086029e-07
3.444430757109854436e-07
3.474214781873564201e-07
3.503835821640647912e-07
3.533155263549968153e-07
3.562412641172518045e-07
3.591460317679106851e-07
3.620284460592858419e-07
3.648863733342863757e-07
3.677163704423602311e-07
3.705149254077688328e-07
3.732609135241702177e-07
3.759863941512919585e-07
3.786760480252968616e-07
3.814175772220802154e-07
3.840193917867981395e-07
3.865739897142183575e-07
3.890456531084004314e-07
3.915311512842960264e-07
3.939697224223608799e-07
3.963334610445166743e-07
3.985658482591713575e-07
4.008125599964195082e-07
4.030657949134936518e-07
4.053322275665935426e-07
4.074751517483257951e-07
4.105931283311466213e-07
4.114888677281039167e-07
4.133953559227602546e-07
4.152333277441045657e-07
4.170009933692933326e-07
4.186959966004696415e-07
4.203155868892391401e-07
4.219281424808232324e-07
4.233884742782255521e-07
4.247601057468479121e-07
4.259613213189911371e-07
4.271577674930450351e-07
4.282685508007901799e-07
4.293141710822832293e-07
4.302384780481406985e-07
4.310674361032258122e-07
4.319252589305899228e-07
4.324939578751817423e-07
4.329646406532126751e-07
4.333937065929489920e-07
4.337351987194812892e-07
4.339444788842418056e-07
4.339810339734462229e-07
4.335868970729160110e-07
4.333740106801290324e-07
4.336705837817040906e-07
4.333580946326603750e-07
4.328506037012675553e-07
4.322645332568482489e-07
4.315601125451093937e-07
4.307361043576000586e-07
4.297914067876410127e-07
4.287285822178419380e-07
4.275394557037238239e-07
4.262219546858393036e-07
4.249362155506681097e-07
4.231303506394028878e-07
4.214304617877569600e-07
4.196717263592823251e-07
4.177256031719850705e-07
4.156541220459624066e-07
4.134425602179387157e-07
4.111232240892770478e-07
4.086812918478204252e-07
4.061153652726419140e-07
4.034291629206081192e-07
4.005981926204543668e-07
3.976593966741273785e-07
3.946309301915032630e-07
3.914350272154094546e-07
3.881231877569575883e-07
3.836995942496424580e-07
3.812045646965156007e-07
3.775773514928196997e-07
3.738462106714813377e-07
3.700155087386445845e-07
3.660811182363751704e-07
3.620484008922940558e-07
3.579170094390471082e-07
3.536906727064474894e-07
3.494171775767756421e-07
3.450199053234001716e-07
3.404947097051101773e-07
3.359411445274392072e-07
3.311876783162340175e-07
3.266317814501818740e-07
3.218850494928176049e-07
3.170810232259075347e-07
3.122223652113795887e-07
3.072907041833005306e-07
3.023574331935090919e-07
2.973877355440144616e-07
2.923588286960993414e-07
2.872058792266103463e-07
2.822593547731828182e-07
2.771908554431130975e-07
2.721519836072206139e-07
2.670262520648854626e-07
2.619250009670024963e-07
2.568788254038221443e-07
2.518349711960779948e-07
2.468376045322863527e-07
2.418417193143136400e-07
2.368809980180161870e-07
2.319610540577634175e-07
2.270841235389558609e-07
2.222531707394392022e-07
2.175648399544354822e-07
2.128415507125353945e-07
2.086072449330898220e-07
2.034836341459697900e-07
1.986983456604112910e-07
1.944813012324314916e-07
1.900888508403924083e-07
1.857760152433139829e-07
1.815351186482493975e-07
1.773644565418178718e-07
1.732396395253752251e-07
1.692571024191941878e-07
1.653085538514585964e-07
1.614471043536153540e-07
1.576675736067447273e-07
1.539697377590548053e-07
1.504406009478434686e-07
1.468023276349455735e-07
1.433254620990241367e-07
1.398640372129330346e-07
1.365153200114768444e-07
1.332843216453550020e-07
1.300616010978741000e-07
1.269020433720644143e-07
1.238031384319696354e-07
1.207574225030636632e-07
1.177601018434306082e-07
1.149500276793491689e-07
1.119045755037760370e-07
1.087468643580676645e-07
1.062170466662184773e-07
1.034309981737966959e-07
1.006693777817094792e-07
9.797712285567654490e-08
9.532228787179471834e-08
9.270108041073501422e-08
9.002903446392399106e-08
8.754016446514866018e-08
8.500814606680193116e-08
8.251764455380420015e-08
8.007216295039479885e-08
7.767489562729018281e-08
7.532877971424159839e-08
7.305694740596262566e-08
7.077275140740518357e-08
6.854815329878041517e-08
6.639162676331300129e-08
6.431473516840492874e-08
6.232110127576006130e-08
6.039886495766028757e-08
5.853305457276099500e-08
5.670750706964195603e-08
5.493221687753571659e-08
5.320945650237673984e-08
5.154170348796214214e-08
4.993478597521211821e-08
4.839393088770165326e-08
4.691980321407531464e-08
4.542325256005539556e-08
4.415835106308663024e-08
4.285577421107781541e-08
4.159313472372156354e-08
4.035805165579478125e-08
3.914580441593359877e-08
3.796531207840448279e-08
3.682250934268366674e-08
3.578124296211476659e-08
3.465067237129294683e-08
3.361166174292216029e-08
3.260250927632879237e-08
3.162353577018898652e-08
3.066620146887602696e-08
2.970081212130587672e-08
2.882667978043381138e-08
2.793028135902573706e-08
2.708739610595312804e-08
2.628109023998023422e-08
2.550378499966738958e-08
2.475139166560711908e-08
2.400299779649616804e-08
2.330715743583098796e-08
2.265964445563151417e-08
2.201913237948808738e-08
2.141011699039418188e-08
2.082702787394523588e-08
2.025368081786785371e-08
1.967885985222148573e-08
1.914551368742436687e-08
1.862922986479688364e-08
1.812852153704441130e-08
1.764318661353494906e-08
1.718241364839146949e-08
1.673111934856234047e-08
1.629282100951909016e-08
1.587243577409024623e-08
1.546914982909710625e-08
1.508259253180889058e-08
1.470911800793110445e-08
1.435162533185207815e-08
1.400716332354961869e-08
1.367761490197780517e-08
1.336095608815960492e-08
1.305457837185580968e-08
1.275734013614044797e-08
1.247023082932005137e-08
1.219358089746531374e-08
1.192804408506967135e-08
1.167299527141589202e-08
1.142722093757069856e-08
1.119053099052849096e-08
1.096236656041523561e-08
1.074294583101668380e-08
1.053186852280186295e-08
1.032855078202926143e-08
1.013256009826789955e-08
9.943452568341234140e-09
9.761152763717197716e-09
9.585580116359272499e-09
9.416519840394283267e-09
9.253723175764907509e-09
9.096833071978843225e-09
8.945611643360885238e-09
8.799864520517593919e-09
8.659350131655936430e-09
8.523904998399998028e-09
8.393290363597625233e-09
8.267326095597212309e-09
8.145843340129177132e-09
8.028692730701729858e-09
7.915724303842273141e-09
7.806754009017816524e-09
7.701622199573871706e-09
7.600171064642997033e-09
7.502251017085161326e-09
7.407733497820528287e-09
7.316502113063874719e-09
7.228433212999011199e-09
7.143404433371231712e-09
7.061299655214281779e-09
6.982010633323646938e-09
