# cl_ska5cib_delens
1.098769226732671141e-02
1.180886285094714071e-02
1.272091202352374113e-02
1.373280420383835194e-02
1.485426819300993649e-02
1.609559223650987303e-02
1.746770323170790049e-02
1.898192633878951693e-02
2.065024121049854888e-02
2.248479287270976901e-02
2.449780983453007932e-02
2.670148799772271639e-02
2.910751489943724096e-02
3.172673779587974197e-02
3.456884083579948863e-02
3.764139797680650379e-02
4.094974702375613063e-02
4.449521585843062982e-02
4.827590981545760995e-02
5.228413179355761303e-02
5.650516647519365082e-02
6.091816548306718676e-02
6.549277433626540801e-02
7.018892237633786446e-02
7.495576441072852869e-02
7.973064833926452044e-02
8.443856381093643726e-02
8.899119685412869296e-02
9.328649890501777842e-02
9.720899133864188690e-02
1.006327053901365787e-01
1.034258787739854857e-01
1.054539878626457733e-01
1.065878459491863828e-01
1.067104890830566505e-01
1.057307158348969184e-01
1.035914425096196856e-01
1.002824745535444290e-01
9.585092484238627586e-02
9.041888686867338709e-02
8.420412597220537643e-02
7.750014488982373551e-02
7.062415260911021619e-02
6.387576574166041465e-02
5.750983095471037809e-02
5.168556128640938024e-02
4.641893041113789864e-02
4.159453478033744295e-02
3.702228820978387819e-02
3.253983965447791032e-02
2.812180460469108911e-02
2.391732269747926659e-02
2.016501574628301249e-02
1.702038501138779941e-02
1.442818157796433784e-02
1.218604166260416066e-02
1.016423375758438059e-02
8.401852307792452568e-03
6.953641685131829731e-03
5.758090710094671862e-03
4.741692974327389211e-03
3.898091070746172171e-03
3.207577756261111111e-03
2.637073865682858492e-03
2.170568593113268892e-03
1.789232181173206837e-03
1.478136202088682280e-03
1.224427464292961436e-03
1.017447616701281071e-03
8.483269502470927592e-04
