# cl_ska5ska1_delens
1.769219684204434818e-07
1.788335285840043424e-07
1.807595395008826174e-07
1.827152240290400983e-07
1.847013227938641440e-07
1.867182602138125382e-07
1.887664048359842966e-07
1.908461450321537780e-07
1.929578144361422541e-07
1.951016184881607705e-07
1.972777707165794584e-07
1.994864089866823839e-07
2.017274907104304560e-07
2.040003694098816938e-07
2.063043412496757843e-07
2.086392547874576670e-07
2.110051896645020851e-07
2.134024442563872546e-07
2.158318445646259553e-07
2.182941048051169817e-07
2.208562685415156494e-07
2.233934872329195157e-07
2.259650977608828209e-07
2.284687500516426978e-07
2.310982807504043078e-07
2.337630666382813611e-07
2.364631327102232498e-07
2.391976820562611262e-07
2.419657446710288268e-07
2.447661569863651220e-07
2.475978501761650155e-07
2.504606960570010997e-07
2.533549119414847997e-07
2.562807980905513679e-07
2.592392892596422788e-07
2.622312621105339465e-07
2.652346867924053092e-07
2.683157684512798950e-07
2.714261066994153791e-07
2.745636018540154944e-07
2.777057418129716072e-07
2.808996024896655840e-07
2.841188868097097785e-07
2.873739198099713253e-07
2.906597598166961009e-07
2.939758026495905809e-07
2.973220909133886904e-07
3.006991536597317650e-07
3.041067749090907487e-07
3.075442305190315663e-07
3.113465239703059720e-07
3.145194301226165261e-07
3.180439800215959976e-07
3.215952141611278723e-07
3.251734894328161508e-07
3.287792087756175834e-07
3.324116575634476653e-07
3.360699740454963393e-07
3.397529316433885444e-07
3.434771211902640756e-07
3.471981655004508875e-07
3.509453886380109989e-07
3.547147702458455125e-07
3.586092452834004627e-07
3.624619702797446254e-07
3.660838898833850391e-07
3.699220508015013179e-07
3.737790237062045667e-07
3.777662479933191027e-07
3.816737667534986510e-07
3.855913979254339851e-07
3.894850361075761173e-07
3.934211160590959635e-07
3.973633605680595408e-07
4.013287289073924085e-07
4.052370136921395379e-07
4.092298911660569917e-07
4.132080649388011822e-07
4.171890220880968708e-07
4.211807706678689658e-07
4.251592680645744253e-07
4.291372434101797757e-07
4.331130024038047224e-07
4.370845884827072554e-07
4.410507975003690713e-07
4.450302945356484055e-07
4.489951003769879184e-07
4.529459515252247149e-07
4.568783045198538594e-07
4.607895697129720472e-07
4.646553117313525101e-07
4.681369408964230405e-07
4.730901267574192340e-07
4.769782631309689480e-07
4.798175320843704226e-07
4.837700969927703401e-07
4.875137064803434370e-07
4.912255621244920654e-07
4.949038698122834971e-07
4.985476381148650616e-07
5.020709440217618431e-07
5.056922330319151139e-07
5.092321636701413650e-07
5.127253539139880864e-07
5.161666445946482025e-07
5.195630287800267126e-07
5.229032890712691107e-07
5.261586025778693873e-07
5.293678332918710983e-07
5.325148456731800116e-07
5.355983929133825156e-07
5.385738036032326873e-07
5.417272828387945011e-07
5.444376781118879877e-07
5.472499155364521601e-07
5.499772900905809838e-07
5.526173049042867584e-07
5.552072921837190940e-07
5.576360364414823894e-07
5.597789169515341406e-07
5.620819175284129612e-07
5.644889867415765201e-07
5.667245032196102963e-07
5.707645449202745390e-07
5.706416174354038092e-07
5.724523988368835181e-07
5.741627249525004431e-07
5.757630083469170819e-07
5.772111741730933421e-07
5.785779188937718032e-07
5.798265975731957337e-07
5.810950243848278045e-07
5.819356112567748572e-07
5.827936597108284920e-07
5.835289252529464872e-07
5.841809546454872811e-07
5.846612276487357047e-07
5.850203985774363309e-07
5.852277227462641922e-07
5.852969177045273499e-07
5.853693578599311979e-07
5.850164706072073604e-07
5.846614209629303594e-07
5.841648394545671018e-07
5.835292629783363496e-07
5.827095321098133790e-07
5.816664837765943695e-07
5.797049299268283436e-07
5.793490291211856204e-07
5.779460128661477773e-07
5.763338107153772696e-07
5.745949204207159366e-07
5.726998865722424854e-07
5.706449424347107157e-07
5.684284148430440367e-07
5.660709021416486602e-07
5.635414019105683880e-07
5.608416393680952678e-07
5.582581928339837464e-07
5.549220681073845932e-07
5.516289239963151268e-07
5.484012051399669444e-07
5.449061443718817839e-07
5.412557828866301654e-07
5.374513609904707723e-07
5.334711743822308128e-07
5.293692329709862150e-07
5.251194573193588657e-07
5.207048749916726598e-07
5.161479024323257610e-07
5.114495284991336184e-07
5.066126783655852250e-07
5.016548859147149371e-07
4.965376726962178810e-07
4.912970252111588220e-07
4.859194555682833324e-07
4.804357813604757036e-07
4.748579205947311910e-07
4.691439908849947393e-07
4.633223366917469256e-07
4.573973284397242388e-07
4.513755661010380260e-07
4.452773401450864339e-07
4.391520907538275819e-07
4.327712444508773215e-07
4.264142415488794641e-07
4.199834883124871628e-07
4.134907816192249776e-07
4.069413624034544259e-07
4.003405204362519619e-07
3.937018534293293795e-07
3.870244791014732524e-07
3.803158838455276123e-07
3.735653724043977453e-07
3.668415423206554956e-07
3.600616924682415664e-07
3.532995339021951942e-07
3.465485220691822381e-07
3.398136165990187999e-07
3.331001078214547254e-07
3.263977785160267627e-07
3.197620919032269798e-07
3.130937215096066307e-07
3.065231592292715883e-07
3.000531208759651364e-07
2.935956621427563079e-07
2.872052235208112554e-07
2.808848837999968265e-07
2.746398272767551883e-07
2.684755633786902504e-07
2.624054687721492027e-07
2.565423824619449336e-07
2.512431408741011293e-07
2.446619875263380974e-07
2.389424189029077178e-07
2.333221864321277972e-07
2.277994671036547442e-07
2.223759440883462917e-07
2.170698061419965059e-07
2.118545208798274352e-07
2.066828298677999587e-07
2.016971038523871873e-07
1.967758320626988485e-07
1.919550619149221187e-07
1.872340311061353997e-07
1.825943512949497132e-07
1.782193582909259240e-07
1.732243810181729816e-07
1.692782172537847908e-07
1.649110902530099018e-07
1.607944634793314606e-07
1.566666117974376074e-07
1.526159520810917376e-07
1.486398480240723760e-07
1.447324654821654530e-07
1.408940027506080382e-07
1.371213313525143177e-07
1.336186895807642331e-07
1.297401423901883291e-07
1.261265678947037425e-07
1.225688203634924097e-07
1.190709351801816927e-07
1.156287691428803152e-07
1.122379137437655269e-07
1.089005498833463965e-07
1.056429538261316185e-07
1.022913446311084099e-07
9.922622577772864552e-08
9.612466578276191155e-08
9.305527338374608584e-08
9.038669738868756411e-08
8.712795558147772222e-08
8.428691751142619401e-08
8.152366712039362918e-08
7.882909405817384646e-08
7.620067198044017941e-08
7.364451199215335012e-08
7.115999389573414982e-08
6.874807338541478896e-08
6.641510332140088726e-08
6.420933946497546900e-08
6.200902118762229073e-08
5.999586991748838477e-08
5.792089109682238535e-08
5.597553332196602888e-08
5.406319902924475848e-08
5.222976777380855735e-08
5.048208047481793797e-08
4.869387451618346493e-08
4.720959260747068142e-08
4.565407307854446505e-08
4.413277405568994428e-08
4.264253945211729089e-08
4.119030536026705590e-08
3.977420454683615413e-08
3.839532864452839918e-08
3.716295279757516784e-08
3.577284238549225278e-08
3.453782929809973600e-08
3.334455382751561897e-08
3.217640671626964871e-08
3.103373711197951987e-08
2.990200565731541791e-08
2.886916670832263190e-08
2.782187625436169393e-08
2.683022855878741288e-08
2.587563443801698486e-08
2.496279999853584965e-08
2.408825445544361564e-08
2.321266208184851800e-08
2.238548513980301362e-08
2.161089981790740998e-08
2.086885253600104837e-08
2.017110614826029262e-08
1.947147818710592484e-08
1.878245786011797753e-08
1.810896974911563111e-08
1.747170635149267463e-08
1.685308982940634119e-08
1.625634684056791656e-08
1.568414756227333526e-08
1.513955285504325979e-08
1.461754986055644610e-08
1.411105568618928594e-08
1.361341132307586379e-08
1.312896107653438866e-08
1.266326785320250335e-08
1.222249293272048420e-08
1.180555946147183472e-08
1.140484216160808066e-08
1.101497877556532580e-08
1.063299443962532610e-08
1.026176640603258303e-08
9.905518553671794238e-09
9.565003729089375708e-09
9.239665589551231153e-09
8.926139321376542092e-09
8.622439730856307391e-09
8.328065424675238921e-09
8.043638898151226318e-09
7.770147785466531160e-09
7.507387994724440832e-09
7.254611901302997049e-09
7.010852713960601070e-09
6.775259431696959966e-09
6.547677907507279511e-09
6.328059810513649739e-09
6.116353035114027937e-09
5.912292306241726201e-09
5.715448401060439810e-09
5.525544815737787589e-09
5.342208997308946127e-09
5.165259366544629897e-09
4.994460403767388579e-09
4.829564279299198996e-09
4.670349465658810586e-09
4.516582468291502876e-09
4.368119694804334555e-09
4.224735897860927447e-09
4.086242174358803520e-09
3.952446005894682090e-09
3.823151522149391314e-09
3.698198429993297505e-09
3.577428311811155627e-09
3.460706601320196684e-09
3.347874688408782792e-09
3.238783544857048125e-09
3.133300840467829722e-09
3.031291011821003723e-09
2.932626427937969483e-09
