# cl_ska10desi_delens
4.835547872489431441e-04
5.204469027213591819e-04
5.615161064463234037e-04
6.071944381038696164e-04
6.579479163555782039e-04
7.142761869484240975e-04
7.767107940149389853e-04
8.458120676678176778e-04
9.221636559920939110e-04
1.006364729415485521e-03
1.099019042424141147e-03
1.200720012970928757e-03
1.312031831553372562e-03
1.433465090505885641e-03
1.565447220239536653e-03
1.708286807952781768e-03
1.862134621709185100e-03
2.026915105134577486e-03
2.202358468833833047e-03
2.387316059508454158e-03
2.579912275290339747e-03
2.779804803708235683e-03
2.985027693591028267e-03
3.192691847382207911e-03
3.399251553860667668e-03
3.600230060788957038e-03
3.790303687302407337e-03
3.963254908948546026e-03
4.112081546862295968e-03
4.228727769035661374e-03
4.307315231966640269e-03
4.339848678687007084e-03
4.316256552815421130e-03
4.228441313722512696e-03
4.076804813964394862e-03
3.866272781127781406e-03
3.604967206447563192e-03
3.309966405443411173e-03
3.003239765924274954e-03
2.707783547172960652e-03
2.444116747406280613e-03
2.220770626496670896e-03
2.029499382856226036e-03
1.847499511232337122e-03
1.651090303176803564e-03
1.434242499648948153e-03
1.218835425042085006e-03
1.035462058136736325e-03
8.886243400400581447e-04
7.585884067159516433e-04
6.390338521609607251e-04
5.391451872701906629e-04
4.531096395236802027e-04
3.766766491912529433e-04
3.146035667684438596e-04
2.625554162857574752e-04
2.187690386216169236e-04
1.825307733978966443e-04
1.526513172846744038e-04
1.280842748553450425e-04
1.078310295675281725e-04
9.123185683415241138e-05
7.756493707332356416e-05
6.628698933126642775e-05
5.694141341309323065e-05
4.914545670726571975e-05
4.259291203524072741e-05
3.703613987218118203e-05
3.227845907923363085e-05
2.816578777624920079e-05
