# cl_ska1lkern_delens
6.990659983730250386e-08
7.398980234711816412e-08
7.840508637150829390e-08
8.322177477424909001e-08
8.839573175492568113e-08
9.389287606629386006e-08
9.985972070485614988e-08
1.062436871075079870e-07
1.130374047025791061e-07
1.203857835672884683e-07
1.279065735889848046e-07
1.359773563393000855e-07
1.445163816861488336e-07
1.532688109191315644e-07
1.624756916154594294e-07
1.720241415856456878e-07
1.818136176171000863e-07
1.916876408641576572e-07
2.017961924506948997e-07
2.119061044128387483e-07
2.219431217661153138e-07
2.317567216078862929e-07
2.412775016191202450e-07
2.501890266799074766e-07
2.586757417757836524e-07
2.662759152329680255e-07
2.728181763234246860e-07
2.782979627536222227e-07
2.822733567199287153e-07
2.848209824925088895e-07
2.856731667808746314e-07
2.846403164435241541e-07
2.817143259674952912e-07
2.767525414647549006e-07
2.697274900889927965e-07
2.607117597289705153e-07
2.499526271743387946e-07
2.371246846292040180e-07
2.229963754121331756e-07
2.076760076808647353e-07
1.916189605846287086e-07
1.752570010568387390e-07
1.589101706723478796e-07
1.431300909207211020e-07
1.281865362531270804e-07
1.142724420859356824e-07
1.015519498723719200e-07
8.984157678751077927e-08
7.907296471674846491e-08
6.878599440538578242e-08
5.987199807561408963e-08
5.135921480625941383e-08
4.359627501114604739e-08
3.685150480109455750e-08
3.114449694008581311e-08
2.614114020894619719e-08
2.211163429483350331e-08
1.845406531741528226e-08
1.541600407115270167e-08
1.277806182308261249e-08
1.066485937785440769e-08
8.852658430741386833e-09
7.368681830476487795e-09
6.127070305177344248e-09
5.103922829507328211e-09
4.253740203868221934e-09
3.551024327004568548e-09
2.968973254484495313e-09
2.484880373818087036e-09
2.084268531738208540e-09
