# cl_ska5lkern_delens
1.146359605085343174e-07
1.158393979976090480e-07
1.170610434603184560e-07
1.183001909531956843e-07
1.195564184642865214e-07
1.208299761683703204e-07
1.221214449141102884e-07
1.234314794991869618e-07
1.247607206474238145e-07
1.261095053871234781e-07
1.274783789565208692e-07
1.288977822451898039e-07
1.303073187612251668e-07
1.317372445384322908e-07
1.331877503505285256e-07
1.346587975614058073e-07
1.361502331558675715e-07
1.376622943745408829e-07
1.391950732657203734e-07
1.420495001662378037e-07
1.424454154271986840e-07
1.440399363670827885e-07
1.456527719989507983e-07
1.472847894954314905e-07
1.487935227194513776e-07
1.504666475666930566e-07
1.521631084735724734e-07
1.538837232995061959e-07
1.556294342808330949e-07
1.574007843116543165e-07
1.591970621258582228e-07
1.610159762410402812e-07
1.628549615410823990e-07
1.647289085872222958e-07
1.666001155176856426e-07
1.684909412494635586e-07
1.704021312492290602e-07
1.723345464704287666e-07
1.742883532417899111e-07
1.762635404041866473e-07
1.782605918056036750e-07
1.802797480169563648e-07
1.823229885979894520e-07
1.843823886091852429e-07
1.864598988469204414e-07
1.885587632554748001e-07
1.906774488438884346e-07
1.928170066879372839e-07
1.949782491473065376e-07
1.973770506111865266e-07
1.995410764348694259e-07
2.017180866896502562e-07
2.038115889484138574e-07
2.060792323897799684e-07
2.083632580350995967e-07
2.106673691280632073e-07
2.129746881556167270e-07
2.153041406865833723e-07
2.177267786625699138e-07
2.201255275993723984e-07
2.225484288797905232e-07
2.248098637028035837e-07
2.272037512154917174e-07
2.296411801641207888e-07
2.320920160108883866e-07
2.344583355551253743e-07
2.369198503811731561e-07
2.394003513825297031e-07
2.418994649932905267e-07
2.445271589663586547e-07
2.470420062429286173e-07
2.495700752101957106e-07
2.521100322733461704e-07
2.546133265894437922e-07
2.571700992347875880e-07
2.597154622396075170e-07
2.623936993382194422e-07
2.649316353117954540e-07
2.675102001626407306e-07
2.701048422280431912e-07
2.727154543900305047e-07
2.747809149325191747e-07
2.778654169193331192e-07
2.805247901516523933e-07
2.831061102638774142e-07
2.856808289421531462e-07
2.881293476909303207e-07
2.912236385287130404e-07
2.938530548403678186e-07
2.959504440103604528e-07
2.985371520915293915e-07
3.011147488635372709e-07
3.036825673405162689e-07
3.062369888570871231e-07
3.087765619409938970e-07
3.113020938110327338e-07
3.138159902866761826e-07
3.163180813937800485e-07
3.188072088100136013e-07
3.212768638729519750e-07
3.237265583165605206e-07
3.261559529926996751e-07
3.285633722643895040e-07
3.309371505538602946e-07
3.332795346792970054e-07
3.355835058141166119e-07
3.378488421027268382e-07
3.400841983602074776e-07
3.424623993533683063e-07
3.446429200365861046e-07
3.467892599957334018e-07
3.488984953749271176e-07
3.499593479699954020e-07
3.545142756630238926e-07
3.547365187046354664e-07
3.568117294643587633e-07
3.588333365069406649e-07
3.618717537181340178e-07
3.623423150847256691e-07
3.642037965490500895e-07
3.660255122974552878e-07
3.677646206403077100e-07
3.694197334684813958e-07
3.709873837306200195e-07
3.725134542099645661e-07
3.739722842168206150e-07
3.753566128652670647e-07
3.765825143957670011e-07
3.778125907920520830e-07
3.789753154972900472e-07
3.800703002203812086e-07
3.810807222260500056e-07
3.820488882682703686e-07
3.829367419622457830e-07
3.839288612148332526e-07
3.845805323332419165e-07
3.850848489341059372e-07
3.856200959105592092e-07
3.860700288489125244e-07
3.865339997970779700e-07
3.868276855455621656e-07
3.865774265344055187e-07
3.866168709360712294e-07
3.870026867666495342e-07
3.871118647690168341e-07
3.869581312619708945e-07
3.867132625270541555e-07
3.885954139491951883e-07
3.859376565829234098e-07
3.853590672927272889e-07
3.847221020681259285e-07
3.839798116970916817e-07
3.831306639139392723e-07
3.823507796506070120e-07
3.810619402229728424e-07
3.798990468050390529e-07
3.786800547253882006e-07
3.773137073446794467e-07
3.758442893198709843e-07
3.742723242806161808e-07
3.725964212907060239e-07
3.708191060648190051e-07
3.689375473469777981e-07
3.669268747771537418e-07
3.648634126206699981e-07
3.626650154296588655e-07
3.603629730039559783e-07
3.579522649040146067e-07
3.554236579289091306e-07
3.521032103353526594e-07
3.501485671860474370e-07
3.473545703536383775e-07
3.444686186153300257e-07
3.414916093630466684e-07
3.384241832314423451e-07
3.352664203407625665e-07
3.320187954699366858e-07
3.287165086928019920e-07
3.253061432348510324e-07
3.217663083167582439e-07
3.184875897480493429e-07
3.145424603469948682e-07
3.107208719103635381e-07
3.070385245337441214e-07
3.031885257073348738e-07
2.992774000679935140e-07
2.953069205665123239e-07
2.912614929292043956e-07
2.871971500418155969e-07
2.830852578556107731e-07
2.789048885665237319e-07
2.745461063343426345e-07
2.704560805790428622e-07
2.661859008378761306e-07
2.619022375892311089e-07
2.575511158989977252e-07
2.518964663773725183e-07
2.488623605011244422e-07
2.445046753212479559e-07
2.401603125797797270e-07
2.357963671403206002e-07
2.314383001376360915e-07
2.270903295921047560e-07
2.227555733938976894e-07
2.184377211129353072e-07
2.142187071806667708e-07
2.098621803116712998e-07
2.060909986040378112e-07
2.014154586179036539e-07
1.970244614931462439e-07
1.931093664595740737e-07
1.890189756236425612e-07
1.849780388743207052e-07
1.809820373744505028e-07
1.770312528961247598e-07
1.731185107582289800e-07
1.696540952763942809e-07
1.654837532006066299e-07
1.617471952550314478e-07
1.580702555561930779e-07
1.544551570642860447e-07
1.509683466576130505e-07
1.472141833268748444e-07
1.439677686777859586e-07
1.405430112854374276e-07
1.372220797490544011e-07
1.339948994972399522e-07
1.307859085722779331e-07
1.276355891956040581e-07
1.245429447631433742e-07
1.215041960140532264e-07
1.190158417800343789e-07
1.156979785424027303e-07
1.126857692210521766e-07
1.098481899238268495e-07
1.070524685811316911e-07
1.042873779022076713e-07
1.015890192525604095e-07
9.893689519580763769e-08
9.632666717707686583e-08
9.375129253591899375e-08
9.114277700792016436e-08
8.869755095865995187e-08
8.622395485782754532e-08
8.378653901866391082e-08
8.082743834755866214e-08
7.903580674994810027e-08
7.677808326766521482e-08
7.446983427417077211e-08
7.220147539005261229e-08
6.998198027804064727e-08
6.782104330046474765e-08
6.572461540978270220e-08
6.368781237975479490e-08
6.169960064660296363e-08
5.974268122899587534e-08
5.786514238811329688e-08
5.597314471570488996e-08
5.413479960887249509e-08
5.234223893165696785e-08
5.060604519301506638e-08
4.893019846453733858e-08
4.731336166702177743e-08
4.575981475001963774e-08
4.415544396202416115e-08
4.281936994195870176e-08
4.141394481819194340e-08
4.025327506161806175e-08
3.871631852327949421e-08
3.742521314314648791e-08
3.617553432162513620e-08
3.504700091966832148e-08
3.385221743032320789e-08
3.269613751361651081e-08
3.146638717777158204e-08
3.042099646719622591e-08
2.953398732552569112e-08
2.852744596043184634e-08
2.754851899790528049e-08
2.663230182030616579e-08
2.573018321394321609e-08
2.483848946978419336e-08
2.401477858100260200e-08
2.312608458564837196e-08
2.226946096040945883e-08
2.147366011208766980e-08
2.071929112617765275e-08
2.000396588335793907e-08
1.931714114974024347e-08
1.864732489913701652e-08
1.801495236796173074e-08
1.739702696020694027e-08
1.677837603662185710e-08
1.616619836901944340e-08
1.557036665981875799e-08
1.500034851453468062e-08
1.446518375593745678e-08
1.400392927167708915e-08
1.351485348959849186e-08
1.303648941489945403e-08
1.257328804759996473e-08
1.212671660518075525e-08
1.171285363381671513e-08
1.129087191461489889e-08
1.088161857267807576e-08
1.049099961928695772e-08
1.012390598260662015e-08
9.784538846135862836e-09
9.437819076452732333e-09
9.107174616050086016e-09
8.791008867993371457e-09
8.486194697405915157e-09
8.190486969175169675e-09
7.904851535414504721e-09
7.629897760751277524e-09
7.365401145286523633e-09
7.110235591118410688e-09
6.863876016054781231e-09
6.626516055743138947e-09
6.398014082509843298e-09
