# cl_ska1des_delens
3.627864115267070951e-07
3.674334102681448863e-07
3.721632299303599513e-07
3.769767742200972518e-07
3.818749318761705211e-07
3.868586048199460276e-07
3.919286706122333852e-07
3.970860453482823363e-07
4.023315811744834348e-07
4.076661288078337251e-07
4.130904590282050053e-07
4.186052931512123608e-07
4.242113355401871460e-07
4.299092944728036759e-07
4.356998249788865566e-07
4.415836732189250856e-07
4.475615014761847284e-07
4.536338149493755817e-07
4.598011644201871197e-07
4.660639394168842857e-07
4.724224715845921314e-07
4.788772146703119265e-07
4.854284798489152808e-07
4.920765438125364216e-07
4.988216495609868129e-07
5.056637863959883384e-07
5.126030727106966391e-07
5.196394479616156655e-07
5.267687470998147916e-07
5.339989367957178340e-07
5.413258035990236189e-07
5.487490571465964231e-07
5.562684319352071881e-07
5.638834504420306141e-07
5.715935344913552431e-07
5.793982117495237673e-07
5.872968320240294982e-07
5.952887665785988385e-07
6.033732442553877897e-07
6.115495046641426463e-07
6.198165127678213383e-07
6.281733145675151952e-07
6.366189504978385277e-07
6.451521512394394298e-07
6.537718321695478177e-07
6.624764325308238627e-07
6.712644534158773451e-07
6.801343540444248211e-07
6.890841744577902596e-07
6.981121925762805660e-07
7.072160677265426457e-07
7.163936504842010673e-07
7.256426083693925131e-07
7.349512658857176662e-07
7.443350883943078421e-07
7.537822588973984816e-07
7.632894592142795865e-07
7.728535079031625962e-07
7.824708532014565844e-07
7.921389735093126839e-07
8.018543379672928385e-07
8.116140639315940143e-07
8.214144161379108070e-07
8.312520476015921238e-07
8.411234608404028580e-07
8.510251187901663746e-07
8.609537322298781528e-07
8.709045929472175999e-07
8.808735680384120424e-07
8.908554325176038586e-07
9.008454049427104809e-07
9.108384632156174299e-07
9.203986850538157129e-07
9.303914307414870910e-07
9.403759164811222470e-07
9.503464088712273081e-07
9.606489374688963942e-07
9.705356605488221209e-07
9.803818277235139490e-07
9.901801895125708580e-07
9.999231086025759774e-07
1.009603103870246276e-06
1.019212272025505395e-06
1.028742625256708931e-06
1.038185916181703830e-06
1.047533238721448882e-06
1.056775743998252449e-06
1.065903853638678019e-06
1.074905526293031476e-06
1.083776852733910847e-06
1.092506014693894182e-06
1.100692126446299252e-06
1.109089572737959002e-06
1.117331098572512560e-06
1.125402715144156174e-06
1.133285345122202192e-06
1.140956471663675862e-06
1.148400736497333710e-06
1.155616392193211136e-06
1.162603205708857919e-06
1.169767662411640027e-06
1.176252451653552687e-06
1.182468382841035934e-06
1.188404810633929627e-06
1.194051118628301995e-06
1.199396592636399814e-06
1.204181453457717550e-06
1.208928751624482011e-06
1.213338261409540724e-06
1.217395018309127548e-06
1.221096916143068608e-06
1.224440020938064204e-06
1.227417571353990519e-06
1.230016641493608864e-06
1.232221034533529004e-06
1.234167659937671691e-06
1.235574131086671954e-06
1.236568366672064279e-06
1.237140510141603973e-06
1.237282626630608057e-06
1.236985842339581933e-06
1.236243675375799138e-06
1.235048615172334455e-06
1.233395061325773845e-06
1.231049799717174817e-06
1.228484284662146330e-06
1.225454194174655042e-06
1.221955230156736167e-06
1.218121830998913392e-06
1.213651069522168897e-06
1.208708306584800888e-06
1.203295172984705703e-06
1.197416039753907196e-06
1.191075412246976678e-06
1.184279072586499095e-06
1.177031563001390567e-06
1.169338444773066517e-06
1.161206147975658030e-06
1.152526880596545263e-06
1.143520237734219989e-06
1.134104012772443033e-06
1.124446059141218694e-06
1.114245017627419742e-06
1.103658832015683949e-06
1.092696890433789162e-06
1.081369352037530051e-06
1.069688647504269320e-06
1.057667882985809780e-06
1.045323218935932357e-06
1.032672353678482768e-06
1.019734567245725618e-06
1.006504809944378203e-06
9.930277125806163137e-07
9.793146417034042698e-07
9.653838964404422340e-07
9.513501378877458766e-07
9.370553667944333392e-07
9.225976836183706083e-07
9.079978455368122612e-07
8.932776304774338740e-07
8.784572025051458932e-07
8.635289663409624309e-07
8.485870940959059380e-07
8.335914567945210101e-07
8.185555324446506181e-07
8.034962486082921154e-07
7.884573280346384092e-07
7.734437722555631220e-07
7.584767617985766303e-07
7.435726980500989550e-07
7.286761282681866394e-07
7.139524714957759287e-07
6.993431359203007720e-07
6.848885525846159748e-07
6.705225608333767316e-07
6.563036503706183919e-07
6.422407989621514434e-07
6.283421189922044224e-07
6.146145562109377586e-07
6.010639464741989323e-07
5.876567501749972441e-07
5.744622798343157324e-07
5.615222766527877113e-07
5.487063789610021681e-07
5.360915763383900637e-07
5.236721098597779384e-07
5.114508505620230928e-07
4.994305608270071156e-07
4.876147878768681582e-07
4.760097889776284977e-07
4.645979323815567184e-07
4.534244212544905621e-07
4.424611840757861683e-07
4.317068739355897968e-07
4.211693323170007744e-07
4.108500605524158388e-07
4.007455991661506033e-07
3.908559310213189761e-07
3.811616474622421834e-07
3.716603031602158268e-07
3.623425795903459510e-07
3.531965297708526783e-07
3.442064624716423052e-07
3.353532458285981890e-07
3.266225124456413473e-07
3.179793156570924751e-07
3.094677765649132289e-07
3.010431742590003086e-07
2.926902583269669916e-07
2.844160154139931750e-07
2.762235719038172995e-07
2.681193268877669056e-07
2.600856070719166913e-07
2.520259998254330307e-07
2.443439447302277286e-07
2.368111520511633949e-07
2.293359149906584631e-07
2.220223107089938811e-07
2.149043495231122473e-07
2.079933895294754348e-07
2.012722237319348998e-07
1.947574802939583596e-07
1.884482405795613216e-07
1.823351559275759381e-07
1.764460611677579458e-07
1.707358084643821533e-07
1.652191764456277081e-07
1.598848923952410156e-07
1.547059575744813413e-07
1.497236790257351884e-07
1.449007174408513080e-07
1.402225248434590156e-07
1.356924509597623780e-07
1.312918318398977314e-07
1.270448253261906518e-07
1.229296920496512688e-07
1.189457144480729447e-07
1.150698709615793723e-07
1.113235053137375386e-07
1.076961834269018020e-07
1.041880379959575205e-07
1.007908399712852334e-07
9.750306259865833265e-08
9.432080305850060984e-08
9.124079612669522180e-08
8.825879830328895278e-08
8.536898096050119820e-08
8.256537782632582683e-08
7.984705881458036106e-08
7.720855558895356275e-08
7.465153158638975743e-08
7.217520627670073157e-08
6.977963054143355943e-08
6.746724749645372687e-08
6.523846587332867242e-08
6.309452432548173130e-08
6.103508420722979080e-08
5.906033280455535741e-08
5.716265533037528776e-08
5.533957713836416077e-08
5.358583657832259225e-08
5.189474226214508319e-08
5.026129886929808003e-08
4.868044873506386745e-08
4.714933328046363132e-08
4.566594651533758084e-08
4.423022567783731062e-08
4.284248362989100131e-08
4.150397860557924926e-08
4.021418024863751841e-08
3.897219931574664574e-08
3.777616502494100746e-08
3.662377103232001850e-08
3.551254315209969960e-08
3.444042491415305446e-08
3.340583547963022776e-08
3.240763273363570659e-08
3.144495533206062915e-08
3.051606475047178086e-08
2.961904199531031495e-08
2.873736487251098501e-08
2.789876992670644423e-08
2.708730740985535904e-08
2.630272605501800867e-08
2.554459420954723041e-08
2.481213498410832927e-08
2.410486538015032541e-08
2.342168073183922934e-08
2.276132029695896212e-08
2.212233499282839909e-08
2.150334972389123067e-08
2.090348066494962577e-08
2.032201476659140889e-08
1.975868938466629362e-08
1.921301106280058600e-08
1.868439241600134881e-08
1.817211824037629720e-08
1.767542994321075136e-08
1.719363952252215694e-08
1.672604906717445685e-08
1.627206289553526643e-08
1.583117631958931399e-08
1.540292284910184902e-08
1.498687270089963957e-08
1.458262795988287633e-08
1.418975194735143999e-08
1.380777741068053504e-08
1.343625580166480106e-08
1.307479787067934379e-08
1.272303054001540870e-08
1.238061119014631878e-08
1.204724106913417668e-08
1.172261164095892048e-08
1.140641185481714366e-08
1.109835012675954952e-08
1.079816084357870871e-08
1.050557539462860696e-08
1.022033596252948862e-08
9.942217256021925704e-09
9.670997382562382730e-09
9.406460894713638921e-09
9.148408055528144450e-09
8.896654900574640089e-09
8.651013704087150931e-09
8.411302272127191806e-09
8.177361111343328245e-09
7.949032156437582814e-09
7.726160651037327424e-09
7.508602766949909669e-09
7.296228067497226118e-09
7.088904334823659332e-09
6.886501642091705694e-09
6.688904842650782146e-09
6.496000841397341654e-09
6.307678628862285627e-09
6.123833025986246689e-09
5.944367849241864107e-09
5.769186181716552336e-09
5.598192638472478913e-09
5.431302307391269427e-09
5.268430341776568515e-09
5.109492563698545512e-09
4.954408090473682938e-09
4.803103354406704543e-09
4.655504082680631679e-09
4.511535188495237896e-09
4.371128790158646384e-09
4.234217835511557708e-09
4.100735343410293581e-09
3.970615028919355193e-09
