# cl_ska10ska5_delens
3.188368061310553952e-07
3.219512798305747018e-07
3.251090305330835265e-07
3.282542712429338397e-07
3.315064470712623750e-07
3.348038968621142677e-07
3.381471717133699325e-07
3.415381163532574412e-07
3.449790490887601068e-07
3.484498366562135377e-07
3.519665627422351892e-07
3.555296600478330544e-07
3.591399177559777940e-07
3.627984446539744581e-07
3.665061775467927686e-07
3.702633784637986669e-07
3.740686076511815556e-07
3.779197114351754015e-07
3.818150742605587018e-07
3.857720301819065173e-07
3.897517351304021514e-07
3.937765282071686166e-07
3.978475013446326855e-07
4.019644323653992840e-07
4.061272477250683194e-07
4.103258564260597941e-07
4.145860711723302795e-07
4.188950212197736202e-07
4.232544026209259874e-07
4.279976958761295588e-07
4.324322575900805229e-07
4.366186649890128472e-07
4.411588242193302184e-07
4.457374214719371466e-07
4.503543390327708803e-07
4.550093297951277713e-07
4.597034869792006462e-07
4.644392909384130458e-07
4.692242245501091330e-07
4.740604748419564374e-07
4.789413180947423714e-07
4.838466987409074691e-07
4.888279229893368611e-07
4.938118161933794442e-07
4.988506267621429260e-07
5.039228728515980487e-07
5.090267998125385178e-07
5.141818296788756584e-07
5.193657285188250834e-07
5.245827329583931765e-07
5.298448562312007907e-07
5.351410983022619855e-07
5.404797757236994022e-07
5.458503039896456295e-07
5.512522470275957125e-07
5.566829179527893246e-07
5.621407078789788480e-07
5.676252874593098735e-07
5.731300318729675650e-07
5.786708677137337325e-07
5.839128402419971253e-07
5.898094011095252343e-07
5.954104316160431294e-07
6.010349752122502276e-07
6.067053217929119676e-07
6.123658705112789575e-07
6.180152332032472931e-07
6.242208082385435163e-07
6.294284932468934594e-07
6.349076412719469468e-07
6.405920942493063272e-07
6.467213274387808077e-07
6.524827393282740373e-07
6.581324531981413174e-07
6.638768867118530728e-07
6.696186288857110485e-07
6.753565720742237365e-07
6.811789767976847086e-07
6.867628121459412619e-07
6.925124446366182867e-07
6.982353325547996902e-07
7.040191913477048052e-07
7.097241603224080907e-07
7.153094753984544816e-07
7.209696748739265198e-07
7.265884128384533042e-07
7.321820476072391340e-07
7.377424350961047081e-07
7.432504053618261393e-07
7.486597934577142363e-07
7.543902659061232122e-07
7.598262417703879183e-07
7.651479588429574450e-07
7.704464319470199365e-07
7.747243126205815107e-07
7.827462344350564920e-07
7.856517167031183720e-07
7.911809395490527249e-07
7.962070181148284877e-07
8.011699200413002622e-07
8.061550962139476703e-07
8.113934740929397544e-07
8.153851660707507946e-07
8.201974672636649674e-07
8.248454115898185887e-07
8.293967169160248404e-07
8.338513242468239226e-07
8.382428192329569064e-07
8.425066502250764163e-07
8.464582072768628615e-07
8.506073805117196457e-07
8.545023273034462769e-07
8.581029160805278234e-07
8.617989557692344224e-07
8.653945078578292154e-07
8.693126771739853483e-07
8.721899183753112434e-07
8.753659800527103956e-07
8.783669411471061881e-07
8.812318692364561431e-07
8.839721878344936165e-07
8.866801769151844764e-07
8.889888460960601712e-07
8.909329828929839706e-07
8.935638476791534996e-07
8.954970068457333706e-07
8.972774627619691904e-07
8.989032287167778542e-07
9.003705690785876716e-07
9.016755587615381449e-07
9.028047891754212303e-07
9.039437025994975893e-07
9.043375567952651906e-07
9.048748295762827531e-07
9.055909271021537343e-07
9.052567532246830811e-07
9.051466164019137804e-07
9.049647681458749649e-07
9.044721461016825477e-07
9.037784973519364302e-07
9.028772941661426273e-07
9.017697468967734080e-07
9.004329193883402253e-07
8.988832244322636852e-07
8.971401677424864983e-07
8.951467028462391908e-07
8.929241007209377211e-07
8.905026546818366200e-07
8.877902575109603600e-07
8.830597826620938622e-07
8.817166742101169933e-07
8.782384863867862350e-07
8.747092660033850743e-07
8.708787634183400829e-07
8.668263889449446757e-07
8.625456865805877478e-07
8.580310118114968734e-07
8.532442227739851948e-07
8.483650606548403173e-07
8.430837092785060318e-07
8.376382646954694552e-07
8.319727599740417333e-07
8.258218072071752685e-07
8.199661468212970145e-07
8.136540826183649889e-07
8.071139630623165399e-07
8.003752049918196149e-07
7.934281566381456883e-07
7.862363653679341459e-07
7.789295407509036807e-07
7.713579484299494382e-07
7.633539312112160649e-07
7.556866536422324451e-07
7.475835640645755015e-07
7.393118541489604543e-07
7.308771101804024958e-07
7.222375606512847222e-07
7.134740143997260690e-07
7.046249259505280822e-07
6.955828114422586310e-07
6.864089323566366651e-07
6.771122492138947833e-07
6.677010441229258206e-07
6.581874700068820108e-07
6.485787746179172066e-07
6.388949378836189349e-07
6.290873913079941391e-07
6.192364218870408732e-07
6.093191202880809248e-07
5.993527126958395988e-07
5.893437738615323350e-07
5.793017817459138442e-07
5.692394455794520949e-07
5.591863297306547935e-07
5.491161716024086310e-07
5.389995574071597679e-07
5.289746655228058206e-07
5.189492872167746629e-07
5.089648329618541175e-07
4.990304557694204286e-07
4.891372962340829378e-07
4.793297898571030774e-07
4.695942971712685613e-07
4.599206616644946147e-07
4.502533697195552203e-07
4.408615630966111456e-07
4.314776756622127733e-07
4.221990055218997731e-07
4.130369113103043952e-07
4.040024649185573713e-07
3.950807786802492263e-07
3.862850910185921948e-07
3.776303956197761557e-07
3.690798694371065033e-07
3.606864938683000582e-07
3.524191540405335211e-07
3.442954996160006979e-07
3.363107322609011101e-07
3.284615707844476898e-07
3.207507749275405821e-07
3.132087891278427204e-07
3.057417697154447856e-07
2.983697496833174468e-07
2.912494582515251731e-07
2.841929585017411730e-07
2.772675339368770355e-07
2.704682051172658480e-07
2.637576641446939505e-07
2.572039278888968142e-07
2.507479012267313454e-07
2.443874923021981560e-07
2.379985160087331252e-07
2.319854038006596422e-07
2.259310024860364194e-07
2.199627076996680526e-07
2.141094666845077838e-07
2.083319142434409960e-07
2.026447350425975423e-07
1.970459463665854758e-07
1.915915153146565141e-07
1.861238592550922812e-07
1.807791403361535338e-07
1.755350950346673549e-07
1.703766603767540363e-07
1.653150376652383390e-07
1.603487538166543284e-07
1.554841347405483864e-07
1.505041016607645570e-07
1.460653065764421077e-07
1.415044202430602162e-07
1.370443108138245762e-07
1.332144213625107879e-07
1.284747581975040351e-07
1.243328220356353860e-07
1.203894008841723000e-07
1.165148705511155414e-07
1.126676232965103508e-07
1.091387690506450706e-07
1.056138548972854881e-07
1.021880178825824407e-07
9.886726281320761820e-08
9.563481106500163762e-08
9.258470587779791858e-08
8.973935968968807954e-08
8.674424171675827390e-08
8.395501504843028784e-08
8.125111067709032435e-08
7.863007382807043069e-08
7.608586496611785872e-08
7.340690131034130625e-08
7.119949259313124706e-08
6.888048757136432601e-08
6.663122547119550011e-08
6.444891228988836595e-08
6.231960295279144656e-08
6.023884866968345736e-08
5.821330663471843957e-08
5.639082981282030739e-08
5.436937838395788769e-08
5.254562571141418681e-08
5.077836948018768443e-08
4.906377497694732292e-08
4.742517824692306107e-08
4.576961019385710899e-08
4.426050579805913621e-08
4.277649389788618524e-08
4.133432621461663165e-08
3.994692786708314374e-08
3.862164481297095229e-08
3.734996420440167829e-08
3.612123406257926874e-08
3.484827176087488581e-08
3.370584505497136402e-08
3.261764584608318904e-08
3.155966880171395761e-08
3.052069716809833895e-08
2.948439293127129739e-08
2.851059767541142976e-08
2.756269692274843072e-08
2.664351524576398365e-08
2.575804007810665932e-08
2.489814281159151506e-08
2.409254375946767641e-08
2.331654646421433596e-08
2.255670400285169163e-08
2.181038068802412410e-08
2.108585070770553953e-08
2.039126395946630226e-08
1.973203866980093454e-08
1.910135822059969749e-08
1.849055837430661688e-08
1.789450793843898651e-08
1.731238960068031789e-08
1.674964847892652492e-08
1.620859263969211504e-08
1.569010431535922729e-08
1.519132583306217562e-08
1.470849567630292578e-08
1.424025250266678882e-08
1.378594081040418790e-08
