# cl_ska10ska01_delens
1.273802432277602256e-07
1.343733548653259161e-07
1.435096263677860062e-07
1.499556467462361680e-07
1.586047244283537873e-07
1.677887253026637743e-07
1.776426405302636046e-07
1.880562087435432427e-07
1.990341056025700183e-07
2.105879345698343263e-07
2.226892869858101850e-07
2.353190276207473903e-07
2.485573987322432884e-07
2.618322696132747581e-07
2.756807438791946687e-07
2.897499306383206621e-07
3.040941920070547569e-07
3.183390085146096048e-07
3.324114859466366470e-07
3.463041782789360351e-07
3.597712857267015418e-07
3.725550280054438399e-07
3.845857107152092431e-07
3.952673733549248753e-07
4.050475346328287361e-07
4.133540717078750454e-07
4.196411471516430340e-07
4.241921567674202422e-07
4.262485175698459307e-07
4.260152105316610222e-07
4.232112892034721434e-07
4.176056019884985892e-07
4.093189889740184824e-07
3.981850105864378065e-07
3.842447576740976211e-07
3.677305415409358618e-07
3.491515058455897418e-07
3.278880763549121141e-07
3.053431168312582098e-07
2.817091405085998775e-07
2.576343557155351916e-07
2.337842904873992922e-07
2.104889154932816631e-07
1.884900951717912680e-07
1.680290822662095728e-07
1.492586843136255344e-07
1.321133735062817467e-07
1.164063203247717017e-07
1.019230079178269860e-07
8.781490178730818503e-08
7.589248212509398506e-08
6.466138854945341532e-08
5.469046770150208776e-08
4.625887088548111186e-08
3.909660354463383235e-08
3.302448290866839806e-08
2.770824631363641298e-08
2.313553669334798133e-08
1.940244233968604891e-08
1.615079939154443644e-08
1.352752109215296433e-08
1.127629493326499477e-08
9.448187493948331596e-09
7.911484893020749166e-09
6.633142147916300988e-09
5.570803753107583756e-09
4.686611309731243285e-09
3.949389712055567291e-09
3.333144530108730872e-09
2.816618307568152132e-09
