# cl_ska01des_delens
2.660077875502725756e-07
2.694042108795010326e-07
2.728608376455785899e-07
2.763783140009189406e-07
2.799572986431727293e-07
2.835984372314527254e-07
2.873023659548505415e-07
2.910696780403241897e-07
2.949009791221303766e-07
2.987967969572358776e-07
3.027576792362520909e-07
3.067841850488608694e-07
3.108768359700511375e-07
3.150361394073072449e-07
3.192626305703288556e-07
3.235566987168649008e-07
3.279187154025022064e-07
3.323490643731143878e-07
3.368480366135109116e-07
3.414159913463696775e-07
3.460532829542950578e-07
3.507600950224862095e-07
3.555366847093150328e-07
3.603831135992738694e-07
3.652993961042938977e-07
3.702856795443638402e-07
3.753418649062357426e-07
3.804679496423781302e-07
3.856639519734536330e-07
3.909295992613389879e-07
3.962647546484854228e-07
4.016691322481738218e-07
4.071424013831765883e-07
4.126841918586653792e-07
4.182941379771832065e-07
4.239718143479495607e-07
4.297167223522621892e-07
4.355282669750484175e-07
4.414058797132862992e-07
4.473488214653034712e-07
4.533564352975007512e-07
4.594280259252889590e-07
4.655626955020702860e-07
4.717596168559337486e-07
4.780177002133082637e-07
4.843359449023923857e-07
4.907132014168810783e-07
4.971481692079371688e-07
5.036395672063741708e-07
5.101817122845637324e-07
5.167748917100705207e-07
5.234255287871197656e-07
5.301262630993989917e-07
5.368753301333144899e-07
5.436699890684062322e-07
5.505081016039743195e-07
5.573871893551781309e-07
5.643052624666020424e-07
5.712601867220744459e-07
5.782493059115939572e-07
5.852704210474889991e-07
5.923204245452312987e-07
5.993972782004472828e-07
6.064982960606716969e-07
6.136211802251424199e-07
6.207635117296882176e-07
6.279219102578505080e-07
6.350936309581648779e-07
6.422750573752661093e-07
6.494629703746117763e-07
6.566535996524947045e-07
6.635098858698393590e-07
6.706966599389201873e-07
6.778765818742893735e-07
6.850488859810239131e-07
6.922094343777537591e-07
6.993509220283885028e-07
7.067133453224662545e-07
7.137746518888202608e-07
7.207940472702928198e-07
7.277695634870889045e-07
7.346953857604681081e-07
7.415659838855011362e-07
7.483753396682287539e-07
7.551174891356083850e-07
7.617861102858297509e-07
7.683719608794620870e-07
7.748735467356716744e-07
7.812813047249045448e-07
7.875887937884743726e-07
7.937891108767645618e-07
7.995749788787531773e-07
8.055342381396061258e-07
8.113710909662987088e-07
8.170744745691450751e-07
8.226326875125350385e-07
8.280376851990575750e-07
8.332846716081615145e-07
8.383681733128830112e-07
8.432790432236650193e-07
8.483034587604218595e-07
8.528344584863790957e-07
8.571672812743694585e-07
8.612943729855454219e-07
8.652081952000656552e-07
8.688993769356352584e-07
8.721868024752089585e-07
8.754278026269071553e-07
8.784216646298577773e-07
8.811704208297669052e-07
8.836692400224509460e-07
8.859060378361225744e-07
8.878680435164692509e-07
8.895456082012669637e-07
8.910493884072000035e-07
8.921608596589092677e-07
8.929791063866998483e-07
8.934984082781454457e-07
8.937124816877870212e-07
8.936153903278265630e-07
8.932016633955245510e-07
8.924662091102411888e-07
8.914033443958596918e-07
8.898329496208433055e-07
8.881133163522488565e-07
8.860624784222274189e-07
8.836810225862597566e-07
8.809673690643504877e-07
8.780125309327012551e-07
8.745973768981597175e-07
8.708432380843737206e-07
8.667552594894004114e-07
8.623364067826695775e-07
8.575882252485949701e-07
8.525150716994991047e-07
8.471214518985191044e-07
8.414121319050824075e-07
8.353923602545557438e-07
8.289798733620297877e-07
8.223419785006972346e-07
8.154168978279956159e-07
8.082133135263772525e-07
8.008500698028246699e-07
7.931020336416134195e-07
7.850912621575792265e-07
7.768255585438763436e-07
7.683130772379922439e-07
7.595640544890195914e-07
7.505901764676728335e-07
7.414043182170963459e-07
7.320194035652326209e-07
7.224244949029507566e-07
7.126686980840763086e-07
7.027530933733339665e-07
6.926911735533068135e-07
6.824946939171517599e-07
6.722442875152553594e-07
6.618209255980125135e-07
6.513029848419624364e-07
6.407050043584880670e-07
6.300010923075059352e-07
6.193121347379575667e-07
6.085786445625099400e-07
5.978042696535772333e-07
5.869987168922433868e-07
5.761921594046785898e-07
5.654037286860240453e-07
5.546376911083346510e-07
5.439094207374093791e-07
5.331760242452635684e-07
5.225529444687919359e-07
5.120036586527605015e-07
5.015381029897681900e-07
4.911875491706569119e-07
4.808986413256283353e-07
4.707139637115162390e-07
4.606413464180749616e-07
4.506865148779435368e-07
4.408542268684863437e-07
4.311497207418419732e-07
4.215430296582056170e-07
4.120834134996351564e-07
4.028089956885058598e-07
3.936254318384170416e-07
3.845750085594420909e-07
3.756679280996017866e-07
3.669003894799928369e-07
3.582746306785514814e-07
3.497927324551516403e-07
3.414593092365519200e-07
3.332585270822262640e-07
3.252347989571866129e-07
3.173546738620122255e-07
3.096244908064180063e-07
3.020505267249283143e-07
2.946265211514960427e-07
2.873570854484651020e-07
2.802367619424319155e-07
2.732583997857862338e-07
2.664290361092168331e-07
2.597245331831800645e-07
2.531404423543249107e-07
2.466672089271949886e-07
2.402960830846850635e-07
2.340164212389218831e-07
2.277983309389330760e-07
2.216731563481138514e-07
2.156228360744800424e-07
2.096205137643287314e-07
2.036800975542989853e-07
1.978032381493992254e-07
1.919918867997166277e-07
1.862359972237283376e-07
1.805961722968573076e-07
1.750311543016197540e-07
1.695700624222730977e-07
1.642246935218919137e-07
1.590039393050664890e-07
1.539130444702129871e-07
1.489727194058963418e-07
1.441710707632542587e-07
1.395155256232098254e-07
1.350032133354348803e-07
1.306425499705423872e-07
1.264206138078249468e-07
1.223497553540912363e-07
1.184059749128378450e-07
1.145867441693329142e-07
1.108930377624230918e-07
1.073126085107600436e-07
1.038666358997884082e-07
1.005165889384826348e-07
9.727039905016588525e-08
9.413157462922602365e-08
9.108470025080690071e-08
8.812926665859360025e-08
8.526968187926795349e-08
8.250270884754855926e-08
7.982475542659079271e-08
7.723124542134900948e-08
7.471853736381328708e-08
7.228547127300037625e-08
6.993221955865283212e-08
6.765543806750562082e-08
6.545425912061530612e-08
6.332167050360293274e-08
6.125447149845603449e-08
5.924959525231536987e-08
5.730426777578947976e-08
5.541806197286856217e-08
5.359014126495931815e-08
5.182218472890956874e-08
5.011070534594974891e-08
4.845770136306807010e-08
4.686486488350345901e-08
4.533193173982213396e-08
4.385941276029842269e-08
4.244570592140428328e-08
4.108823278703142777e-08
3.978355140455738801e-08
3.852777688284635460e-08
3.731669662609031725e-08
3.614696657095345216e-08
3.501458539937807571e-08
3.391808242361853386e-08
3.285584631700180629e-08
3.182817356229408477e-08
3.083513133897958438e-08
2.987699666023884481e-08
2.893842735510105792e-08
2.804817234842391515e-08
2.719253781204675961e-08
2.636886025400648440e-08
2.557352733268410740e-08
2.480522739693525195e-08
2.406334893119013757e-08
2.334791395146957889e-08
2.265792897568133071e-08
2.199242341146804720e-08
2.134910885252488337e-08
2.072741948509978780e-08
2.012551222003016964e-08
1.954320951228827818e-08
1.898000849002780794e-08
1.843544278647569443e-08
1.790957349477769870e-08
1.740147042876989675e-08
1.691077069236330287e-08
1.643608933685993514e-08
1.597668222510593678e-08
1.553155749229238989e-08
1.509998796793147393e-08
1.468169159316681284e-08
1.427620377765401390e-08
1.388340784747973068e-08
1.350283410692641532e-08
1.313406341586430246e-08
1.277643500373851830e-08
1.242929902977323557e-08
1.209221277392411059e-08
1.176476091342212347e-08
1.144671550576200962e-08
1.113780871545965371e-08
1.083774837443321711e-08
1.054615162877935650e-08
1.026261612808720625e-08
9.986819124286781076e-09
9.718464015943436876e-09
9.457306507202986213e-09
9.203127384662877657e-09
8.955700320591787529e-09
8.714776245236536113e-09
8.480104376786885751e-09
8.251468919416550626e-09
8.028662303220809874e-09
7.811490120718884468e-09
7.599778901037957041e-09
7.393362758846074036e-09
7.192072761838462525e-09
6.995744316126019015e-09
6.804232403841224648e-09
6.617391593071544009e-09
6.435078559645853652e-09
6.257165239959997655e-09
6.083531616982403933e-09
5.914057906390604989e-09
5.748628723445855260e-09
5.587143306551994255e-09
5.429500233515036502e-09
5.275597844721554128e-09
5.125343756433994398e-09
4.978651760329626459e-09
4.835436437698160116e-09
4.695614456120376202e-09
4.559112184728186073e-09
4.425855271211313444e-09
4.295769325340952822e-09
4.168786994452992893e-09
4.044844333736888835e-09
3.923877227185868034e-09
3.805822172095383678e-09
3.690623399395558104e-09
3.578224672474599306e-09
3.468568427331064099e-09
3.361601459329939391e-09
3.257273460682857416e-09
3.155534114841446836e-09
3.056332412505024787e-09
2.959622523764609622e-09
2.865358454644618768e-09
