# cl_ska1cib_delens
2.307212365169483345e-02
2.340149970464243043e-02
2.373786689409405209e-02
2.408135976917783264e-02
2.443211539379820316e-02
2.479027207754268269e-02
2.515597014353129421e-02
2.552927002480103597e-02
2.591056425326418444e-02
2.629975064037493385e-02
2.669706101672129558e-02
2.710264531358785520e-02
2.751666096122789770e-02
2.793924673324672120e-02
2.837057410361239554e-02
2.881079577736556790e-02
2.926007200227219787e-02
2.971856395448254501e-02
3.018643490954373010e-02
3.066385052885165288e-02
3.115097630060933639e-02
3.164798105636688202e-02
3.215503670210743264e-02
3.267231183638203557e-02
3.319998164285463405e-02
3.373821915165504948e-02
3.428720041091834481e-02
3.484710614324257327e-02
3.541811261923961951e-02
3.600038805876401571e-02
3.659413003171260725e-02
3.719951410648454637e-02
3.781672213711347041e-02
3.844593810480197854e-02
3.908734579047104529e-02
3.974113015167002327e-02
4.040747555815372982e-02
4.108656861859753123e-02
4.177859001090870883e-02
4.248373634950945721e-02
4.320218451136870197e-02
4.393404243116440233e-02
4.467973164396231434e-02
4.543920214094115256e-02
4.621271395687887029e-02
4.700045302302987421e-02
4.780259738507956768e-02
4.861933075788448660e-02
4.945082896309948434e-02
5.029729910276151128e-02
5.115884933032099902e-02
5.203567755682791951e-02
5.292798807031210556e-02
5.383592371471754984e-02
5.475965273284855855e-02
5.569933518745850271e-02
5.665512342206786844e-02
5.762718356254918628e-02
5.861565257328757439e-02
5.962068070854929097e-02
6.064240610793662778e-02
6.168096402438032200e-02
6.273648342206480932e-02
6.380908741806400053e-02
6.489889437662285654e-02
6.600601167997698082e-02
6.713054480023729342e-02
6.827258677276219767e-02
6.943222661865579293e-02
7.060954079585494980e-02
7.180460139619818105e-02
7.301746812747288151e-02
7.424819004890746699e-02
7.549681026380304638e-02
7.676335248168365821e-02
7.804784053589206017e-02
7.935027271910512214e-02
8.067065640306157748e-02
8.200895568828188431e-02
8.336514558725123536e-02
8.473917679678846793e-02
8.613098407766206499e-02
8.754049433740505870e-02
8.896760632264955060e-02
9.041221726654809221e-02
9.187418821363323163e-02
9.335338358147213245e-02
9.484963067663564062e-02
9.636274953150437972e-02
9.789253222148344702e-02
9.943875386541670136e-02
1.010011715914632263e-01
1.025795092062032482e-01
1.041734838409454633e-01
1.057827754254977992e-01
1.074070448141010992e-01
1.090459308555051382e-01
1.106990454851219940e-01
1.123659650414972622e-01
1.140462552604394469e-01
1.157394363000948667e-01
1.174450159567954344e-01
1.191624590392613842e-01
1.208912090008784496e-01
1.226306837846724562e-01
1.243802480950413347e-01
1.261394135532480087e-01
1.279070398418195864e-01
1.296828603946912628e-01
1.314659719733997922e-01
1.332555938628406655e-01
1.350509010437412893e-01
1.368510429608195411e-01
1.386551235955346684e-01
1.404622232798063419e-01
1.422713741902234819e-01
1.440815690032948293e-01
1.458917786368507385e-01
1.477009195047513934e-01
1.495078816099210672e-01
1.513115126752134776e-01
1.531106226999977560e-01
1.549039831333003381e-01
1.566903220322762580e-01
1.584683378163274647e-01
1.602366814576183518e-01
1.619939627365659107e-01
1.637399072838347514e-01
1.654696342737326520e-01
1.671850572266628809e-01
1.688834914412570831e-01
1.705633803633705703e-01
1.722230827598300318e-01
1.738609561453042518e-01
1.754753004998624577e-01
1.770643832775944670e-01
1.786264355679452187e-01
1.801596554857445021e-01
1.816622084266782400e-01
1.831321875175272451e-01
1.845678000146955267e-01
1.859670252885891606e-01
1.873279617922192497e-01
1.886486434011300228e-01
1.899271001254363156e-01
1.911613420415519404e-01
1.923493682576057351e-01
1.934891790685153989e-01
1.945787499936789677e-01
1.956160801306672248e-01
1.965991355304004262e-01
1.975259254168508505e-01
1.983944426186239618e-01
1.992026962720524208e-01
1.999487185640279885e-01
2.006305556439864357e-01
2.012463017670411969e-01
2.017940542442516194e-01
2.022719756649818124e-01
2.026782663800154871e-01
2.030111689807750919e-01
2.032689781044212940e-01
2.034500737353935329e-01
2.035528964836085253e-01
2.035759503004419269e-01
2.035178406768198556e-01
2.033772548450161477e-01
2.031529758396692642e-01
2.028438968588492652e-01
2.024490247976443169e-01
2.019674743781336157e-01
2.013984886319343803e-01
2.007414719335139930e-01
1.999959149642648870e-01
1.991615030366707950e-01
1.982380775947223950e-01
1.972255832713719070e-01
1.961241879450259518e-01
1.949342023991988693e-01
1.936561183482515269e-01
1.922906035928048651e-01
1.908385360680942000e-01
1.893009481680112405e-01
1.876791185942466855e-01
1.859744791152669052e-01
1.841887188750344628e-01
1.823237303332309600e-01
1.803816369660687924e-01
1.783648251705701460e-01
1.762759265433808398e-01
1.741178485803312470e-01
1.718938092445759236e-01
1.696073551009476266e-01
1.672620927193382567e-01
1.648622525049995569e-01
1.624120451625896133e-01
1.599159751736841939e-01
1.573787170576721184e-01
1.548050700815201131e-01
1.521999447141421657e-01
1.495682316289519975e-01
1.469149637444402967e-01
1.442450946819041069e-01
1.415635804078433646e-01
1.388753120978077071e-01
1.361851285300798853e-01
1.334977408275015986e-01
1.308177557540607661e-01
1.281496297477418833e-01
1.254976812645542672e-01
1.228660576203241123e-01
1.202587444568351815e-01
1.176795387631497242e-01
1.151320311939707935e-01
1.126195814742653456e-01
1.101452864629804823e-01
1.077119234846307533e-01
1.053219464740863809e-01
1.029773680438074435e-01
1.006797945322720350e-01
9.843038651293035957e-02
9.622983646919110179e-02
9.407833041063357049e-02
9.197562387253482852e-02
8.992100828446371319e-02
8.791333250062777216e-02
8.595107121231235214e-02
8.403231767673595420e-02
8.215484678470362512e-02
8.031616376632175203e-02
7.851352741255426815e-02
7.674400637431721961e-02
7.500454604700400318e-02
7.329199969506321188e-02
7.160320684729967744e-02
6.993505058158251686e-02
6.828452453215441698e-02
6.664881244589802856e-02
6.502535634876452364e-02
6.341190278212820164e-02
6.180661805434484180e-02
6.020808384901971122e-02
5.861539775071937519e-02
5.702815496016103852e-02
5.544648875822617839e-02
5.387108401143067549e-02
5.230316368320234166e-02
5.074446450856544971e-02
4.919720608333661566e-02
4.766403549476780355e-02
4.614796700876720725e-02
4.465230213404824955e-02
4.318052955822980488e-02
4.173622292628504510e-02
4.032293080329237001e-02
3.894402781140731545e-02
3.760266110009779367e-02
3.630153217494619389e-02
3.504289590294874801e-02
3.382842377412254714e-02
3.265914719509815933e-02
3.153541176957768560e-02
3.045686811030492644e-02
2.942248227626459087e-02
2.843058319476692020e-02
2.747894188804114735e-02
2.656482335677820550e-02
2.568524153588421302e-02
2.483689558208004855e-02
2.401650521664782864e-02
2.322087834057542238e-02
2.244708795917842864e-02
2.169256305776082194e-02
2.095525942466638231e-02
2.023363272664318799e-02
1.952679365071498252e-02
1.883440848668856138e-02
1.815671604733079536e-02
1.749440344669652217e-02
1.684850869141133953e-02
1.622027597289213419e-02
1.561101117289279659e-02
1.502190792098570017e-02
1.445396833510714102e-02
1.390783563345403609e-02
1.338374766919785130e-02
1.288150331278556555e-02
1.240047429895659893e-02
1.193965632377087804e-02
1.149776007424415866e-02
1.107333090168455096e-02
1.066487203038379329e-02
1.027096341621174490e-02
9.890370253827605526e-03
9.522120805704971727e-03
9.165543531952488956e-03
8.820261996139350941e-03
8.486146624504047400e-03
8.163247245776147909e-03
7.851707059636928512e-03
7.551665572868539872e-03
7.263178729380473896e-03
6.986163822038446089e-03
6.720377076021622625e-03
6.465423375462645006e-03
6.220783782139428439e-03
5.985863035700780994e-03
5.760069329341287354e-03
5.542858379486826845e-03
5.333773583473179480e-03
5.132462991326696908e-03
4.938646735826237276e-03
4.752146844765045737e-03
4.572804683536595138e-03
4.400469725879377174e-03
4.234960791635647079e-03
4.076057435056066811e-03
3.923503723469916847e-03
3.777024851646157162e-03
3.636340354504662229e-03
3.501178226170320075e-03
3.371290587457582023e-03
3.246459973488617125e-03
3.126500260179776967e-03
3.011243565714655495e-03
2.900526970478597283e-03
2.794184482596483079e-03
2.692045297969901038e-03
2.593937550111409703e-03
2.499693032941000936e-03
2.409147709629470575e-03
2.322145056778079919e-03
2.238537622401220485e-03
2.158188315530989478e-03
2.080969215649705779e-03
2.006757607413557892e-03
1.935433554603255106e-03
1.866877400395761111e-03
1.800971801753958098e-03
1.737604359279405937e-03
1.676669281353931678e-03
1.617746944813979858e-03
1.561703450855940912e-03
1.507486734101780171e-03
1.455327927883133142e-03
1.405140624651937849e-03
1.356842248547696127e-03
1.310354449473732441e-03
1.265602802082117524e-03
1.222516243383440669e-03
