# cl_ska10lkern_delens
1.446615433151377728e-07
1.461188403209649655e-07
1.475973092247347061e-07
1.490959412577401862e-07
1.506140903642971810e-07
1.521520020934055579e-07
1.537103814971201133e-07
1.552900273469719871e-07
1.569379222221584320e-07
1.585665479199624750e-07
1.602159771820132780e-07
1.618872683773551021e-07
1.635814283689924383e-07
1.652989590106807283e-07
1.670400364410683897e-07
1.688045474070154575e-07
1.705922400597842143e-07
1.724034161782054211e-07
1.742367865235684736e-07
1.760950407897342942e-07
1.779765601810903219e-07
1.798997871585199508e-07
1.819994567311761253e-07
1.839461097192598501e-07
1.859151812870346130e-07
1.877348591521024984e-07
1.897588976672801107e-07
1.918076259209385660e-07
1.938124723754367993e-07
1.959169457349542680e-07
1.980500747316642081e-07
2.002088148134700640e-07
2.023897489625471583e-07
2.045900780672793499e-07
2.068387242610083006e-07
2.090742370411822880e-07
2.113316162064788254e-07
2.136118909547732802e-07
2.159154010050609261e-07
2.182423012854467777e-07
2.205933749557366580e-07
2.229690748853480790e-07
2.253699064625962334e-07
2.277914548489161237e-07
2.302326476813760512e-07
2.326937997929500701e-07
2.351761943335320112e-07
2.376811636727744786e-07
2.402098088164000503e-07
2.427618171597505311e-07
2.453364609333711959e-07
2.481310802146728632e-07
2.506686895849335469e-07
2.531318393450851847e-07
2.558179360584584033e-07
2.584805999336872482e-07
2.611867328227516646e-07
2.638906716895267089e-07
2.667203904267542908e-07
2.695103111793074508e-07
2.723265406967887837e-07
2.749067426526851071e-07
2.777135226716542802e-07
2.804903356681999828e-07
2.833195847953084551e-07
2.860138000262488878e-07
2.888458973062195510e-07
2.916982940320551713e-07
2.947527714485906694e-07
2.976244249322608680e-07
3.005078893526430574e-07
3.034039191892423066e-07
3.063108847974144704e-07
3.091655051056524923e-07
3.120863959985289023e-07
3.149925264111876921e-07
3.180792581974510117e-07
3.209409334734297001e-07
3.238697638903732292e-07
3.268174943060475882e-07
3.297843357324077185e-07
3.328097079143888182e-07
3.348738649997279682e-07
3.385481867074996827e-07
3.415289461885483725e-07
3.444236342837002490e-07
3.471227844916054700e-07
3.507525217226795907e-07
3.537148971157568839e-07
3.559148771281087287e-07
3.588178375149157441e-07
3.617013641684142781e-07
3.645678063979973001e-07
3.674134343785596129e-07
3.702368082865426436e-07
3.730391322219555988e-07
3.758235926178219604e-07
3.785904068495094542e-07
3.813362627222429101e-07
3.840601619609261233e-07
3.867535834652014725e-07
3.894190115091518898e-07
3.920515096163224951e-07
3.946453026612281256e-07
3.971943973122507953e-07
3.996920129126115024e-07
4.021333172075105554e-07
4.045167631118389835e-07
4.066899915535527777e-07
4.094699515964414336e-07
4.117589647089296546e-07
4.139928598801285476e-07
4.161892615358193203e-07
4.185051327093041493e-07
4.200758756851988378e-07
4.222827121900593548e-07
4.245495888417516051e-07
4.279203394049101725e-07
4.280309128824351937e-07
4.299423493023296648e-07
4.318169878516052714e-07
4.336029266874804127e-07
4.352874393774371961e-07
4.368439085068535847e-07
4.383778429661728353e-07
4.398125703504017254e-07
4.411548180950016373e-07
4.422920333365837764e-07
4.434424891375930196e-07
4.445113621380997938e-07
4.454986259351538088e-07
4.463802946034647705e-07
4.472185494414786885e-07
4.479590173571377078e-07
4.486239766090850604e-07
4.492959795040225135e-07
4.495551778578370490e-07
4.498676533794559908e-07
4.500770997017398796e-07
4.503221431192305976e-07
4.503499950418703087e-07
4.502161956820747421e-07
4.494107606567300579e-07
4.495706968531529242e-07
4.494010696926508172e-07
4.489113573950642797e-07
4.512672120571243668e-07
4.475919398761031634e-07
4.467655924643375001e-07
4.460118709263406574e-07
4.447046452521005831e-07
4.435207789414377936e-07
4.422124247014713864e-07
4.410076718855173847e-07
4.391556827325524505e-07
4.374845259721740982e-07
4.357581488897542559e-07
4.338548398858121946e-07
4.318342738189470935e-07
4.296974268367710601e-07
4.274426653777834183e-07
4.250736586824731485e-07
4.225870412602222731e-07
4.199584014382845258e-07
4.172641959353670911e-07
4.144206575885174086e-07
4.114610871999956281e-07
4.083797901769612637e-07
4.051815316424380424e-07
4.009842424653748469e-07
3.985071595600536888e-07
3.950052738564175363e-07
3.913983846178127410e-07
3.876985672500977015e-07
3.839029619406247252e-07
3.800118237197843736e-07
3.760213720723114165e-07
3.719782670494691988e-07
3.678158761244259005e-07
3.635059924051586460e-07
3.595400987336611742e-07
3.547569017130599328e-07
3.501427450776404053e-07
3.457229056559250074e-07
3.411076937942460766e-07
3.364321537559022908e-07
3.316983386376619589e-07
3.268852615476646094e-07
3.220659132835663770e-07
3.172026982499234780e-07
3.122689694185649261e-07
3.071337316579135250e-07
3.023358651845261555e-07
2.973341445512276813e-07
2.923152428638825088e-07
2.872565268287341144e-07
2.806117333169737141e-07
2.771604354692154542e-07
2.721417399548541092e-07
2.671004205072906702e-07
2.620708370780496745e-07
2.570590957296711322e-07
2.520697528143427764e-07
2.471059065453592174e-07
2.421713395362195449e-07
2.373679336599572838e-07
2.323983146752638920e-07
2.281485669577965615e-07
2.228092070222310183e-07
2.178157883950824991e-07
2.134116672626358417e-07
2.087944057303818165e-07
2.042415076326050430e-07
1.997450445838312169e-07
1.953048990482692761e-07
1.909111460680448118e-07
1.870683643359833095e-07
1.823566054115478115e-07
1.781758616456274570e-07
1.740658223734657811e-07
1.700285886479879944e-07
1.661461263698965267e-07
1.619267743090778148e-07
1.583307981391585650e-07
1.545082510249534651e-07
1.508558745308877238e-07
1.472150621181380393e-07
1.436386122235348555e-07
1.401274481238968908e-07
1.366802487791076580e-07
1.332923116726032571e-07
1.305526770441437415e-07
1.268277331968415764e-07
1.234593744397766746e-07
1.202849155736211715e-07
1.171621811438661989e-07
1.140914255484758220e-07
1.110698623662760156e-07
1.080952044863305990e-07
1.051785973477680763e-07
1.023017438171646656e-07
9.938128831703141645e-08
9.665729141763159311e-08
9.389648289515610239e-08
9.117817857884654819e-08
8.783555251298836132e-08
8.588971046167307487e-08
8.332700997081359930e-08
8.081567595560225502e-08
7.835099590774327242e-08
7.585604122925593004e-08
7.355439262595715343e-08
7.116719538613369083e-08
6.893434446236852913e-08
6.676033428576250371e-08
6.462243463341747881e-08
6.258355139014434058e-08
6.052214093433002482e-08
5.852484496100068721e-08
5.658015108016519617e-08
5.470007993492952524e-08
5.288893236859351678e-08
5.114452321761281856e-08
4.947121570941564241e-08
4.773307349429118647e-08
4.630808827547604715e-08
4.479524860368808230e-08
4.356235857902849827e-08
4.188599238409782285e-08
4.049076698174687367e-08
3.913867922644234459e-08
3.783469630158178286e-08
3.662722498917578245e-08
3.536983940216658140e-08
3.402524090997677192e-08
3.305727179482242518e-08
3.193800962112950911e-08
3.084409812214657765e-08
2.977995920040458020e-08
2.878884586373354925e-08
2.775482763294036092e-08
2.679430694180194462e-08
2.596255202229367729e-08
2.500096707621453839e-08
2.410135590292316481e-08
2.321689465009614722e-08
2.240767099900238268e-08
2.164257033065943714e-08
2.090876462688124891e-08
2.019262144877278839e-08
1.951622749687987034e-08
1.885565022241306542e-08
1.819227493132119554e-08
1.749931544461680671e-08
1.689213709817768373e-08
1.627761844127770160e-08
1.570121188497229465e-08
1.520762262742296470e-08
1.468158553191376517e-08
1.416661193167979069e-08
1.366787779018104133e-08
1.318727988358639154e-08
1.274336837038439330e-08
1.228983370529912030e-08
1.185009147874182680e-08
1.143061160295419634e-08
1.103653677723603363e-08
1.067346647202803608e-08
1.030101684576008589e-08
9.945745043388928508e-09
9.605965369006787201e-09
9.278227612365660477e-09
8.960070428204018122e-09
8.652540012956529033e-09
8.356415586399794796e-09
8.071503214756088058e-09
7.796620426220670883e-09
7.531180969760954751e-09
7.275377885214773045e-09
7.029053250326276473e-09
