# cl_ska10ska1_delens
2.208784387298576667e-07
2.231666631516237921e-07
2.255001387586215526e-07
2.278520820473838973e-07
2.302386116970060411e-07
2.326610113336620620e-07
2.351202187588202366e-07
2.376167318709669284e-07
2.401510045622114803e-07
2.427229975412526882e-07
2.453321087802797737e-07
2.479778460707093535e-07
2.506600756222159538e-07
2.533786458549103185e-07
2.561331096138797233e-07
2.589230056069205870e-07
2.617482697820336427e-07
2.646090447417517925e-07
2.675055928517834676e-07
2.704388668394100684e-07
2.734099515564420873e-07
2.764190873222864607e-07
2.795921148514193832e-07
2.826909642612599557e-07
2.856688835351126551e-07
2.888328322577794185e-07
2.920361003010338690e-07
2.952782873309913203e-07
2.985583637731671601e-07
3.018750168309330480e-07
3.052266208835016947e-07
3.086119725362018346e-07
3.120309750173775810e-07
3.154844403263437711e-07
3.189734690622888318e-07
3.224996145358047317e-07
3.260641540401829553e-07
3.296545920583849472e-07
3.333195488132415979e-07
3.370135548932950806e-07
3.407029545382803808e-07
3.444525667672538071e-07
3.482350781797947466e-07
3.520495371100501143e-07
3.558913477495639744e-07
3.597750373294901577e-07
3.636907485910505476e-07
3.676371184152876044e-07
3.716135650706495277e-07
3.756209256550174519e-07
3.796805599235679710e-07
3.837567095275991573e-07
3.881853061338996596e-07
3.919897193911786529e-07
3.961468614341195318e-07
4.003321752236126090e-07
4.045467719342541459e-07
4.087893594081653255e-07
4.130516688067209802e-07
4.173717109096056999e-07
4.216741311217161926e-07
4.260019263982377032e-07
4.303498271207654511e-07
4.347220013676467862e-07
4.393307253906915515e-07
4.435214921697648343e-07
4.478291374563403769e-07
4.522549236032715896e-07
4.568766274232552622e-07
4.613571811735345397e-07
4.657979574046495055e-07
4.702959943825911730e-07
4.747917392120700908e-07
4.792922863166722470e-07
4.838194663618854257e-07
4.882520070586496423e-07
4.928092727068045615e-07
4.973325910963645520e-07
5.018535733781971947e-07
5.064091189531030416e-07
5.108931908571300252e-07
5.153931656834635310e-07
5.198853431018192628e-07
5.243673748642698888e-07
5.281498496436545755e-07
5.332873870582396863e-07
5.377835256501693786e-07
5.422252294110140655e-07
5.466391884019270290e-07
5.510131838631110761e-07
5.553254750363876690e-07
5.590925734463581218e-07
5.649060827714847246e-07
5.692476577109439384e-07
5.723849143391947993e-07
5.765642665686353322e-07
5.807009069737638028e-07
5.847944704261545044e-07
5.888443882137599409e-07
5.929558164930794781e-07
5.965488224806941555e-07
6.006582680969839460e-07
6.045343151488004582e-07
6.083401873010336532e-07
6.120745595126916473e-07
6.157583542071453095e-07
6.193733590500253180e-07
6.228721391175720329e-07
6.263145352257037221e-07
6.296767214196443962e-07
6.328964051917991676e-07
6.360992243509308082e-07
6.394984722565976646e-07
6.422835490680363477e-07
6.452341162959560281e-07
6.480751261882392736e-07
6.508056571653335895e-07
6.534348426169665535e-07
6.560256913413882302e-07
6.580349679979874420e-07
6.607137420554706657e-07
6.628080592293659778e-07
6.650789200169547113e-07
6.670369141043745745e-07
6.688771358089825609e-07
6.705978140842047042e-07
6.721981335177666778e-07
6.736639652134032229e-07
6.750600349734101326e-07
6.761329336081550501e-07
6.771829520855499514e-07
6.782811257022486137e-07
6.788315460846660725e-07
6.793871786979698438e-07
6.798204991771730004e-07
6.801647661708784690e-07
6.802983203716797687e-07
6.802753397954304104e-07
6.801032337334994404e-07
6.797535986794568597e-07
6.794206480594468367e-07
6.785632966237041357e-07
6.777297409359004456e-07
6.767100664019926291e-07
6.755439516315365538e-07
6.741531585303095992e-07
6.724894100257071711e-07
6.696579683257497238e-07
6.689396945443288441e-07
6.668721891334366354e-07
6.645763004476738113e-07
6.621210873484728764e-07
6.594935165934569921e-07
6.566872587909806930e-07
6.536980150417780832e-07
6.505420800019865324e-07
6.471952151364928265e-07
6.436129648482079764e-07
6.402904109850308964e-07
6.359758322291452054e-07
6.317349675531387971e-07
6.276261607962674662e-07
6.231902507178830983e-07
6.185814643007355417e-07
6.138001788125640674e-07
6.088185889565137372e-07
6.037125933708686976e-07
5.984380634811695249e-07
5.929861957215841710e-07
5.873753146863492135e-07
5.816112002940159788e-07
5.756986144694510720e-07
5.696632303098579375e-07
5.634388434329279162e-07
5.570999161763037061e-07
5.505975133851220037e-07
5.439927754079423408e-07
5.372941331739589940e-07
5.304477093278102105e-07
5.234915822673442504e-07
5.164320241956102512e-07
5.092727379867546673e-07
5.020195993261857897e-07
4.947853194309219890e-07
4.872579556990223342e-07
4.797702122609936039e-07
4.722111893023839227e-07
4.645939730654877359e-07
4.569289058030505507e-07
4.492238493433924321e-07
4.414915876621272474e-07
4.337273170577807910e-07
4.259376607648814944e-07
4.181182927008074123e-07
4.103262232942839217e-07
4.025333502832115220e-07
3.947532385216526563e-07
3.869826508741372796e-07
3.792589747087995061e-07
3.715755676395191486e-07
3.639131825421446913e-07
3.563432210828773143e-07
3.487454353633094843e-07
3.412771612103638826e-07
3.339347343203046554e-07
3.266118042142442954e-07
3.193769778383813901e-07
3.122365847213641664e-07
3.051898699469051691e-07
2.982376653019689953e-07
2.914028801531613912e-07
2.846341594492555556e-07
2.789474358968742247e-07
2.714689187498632606e-07
2.650505734546431561e-07
2.587500906543692350e-07
2.525699419818247831e-07
2.465057655305235670e-07
2.405772906346675638e-07
2.347387800912788821e-07
2.289468491314611547e-07
2.233813176919045461e-07
2.178881183722953886e-07
2.125036171367533852e-07
2.072235913273329991e-07
2.020338844127136773e-07
1.971553311297257996e-07
1.915211981626231146e-07
1.871203013833856448e-07
1.822448937205130494e-07
1.776272761569457570e-07
1.730080942185063961e-07
1.684598363865380609e-07
1.639973558078990457e-07
1.596183916775180262e-07
1.553114475715781906e-07
1.510699585603134017e-07
1.471525054769706569e-07
1.427830219148265648e-07
1.387327388842806965e-07
1.347412730885898124e-07
1.308112421104240030e-07
1.269516386650140054e-07
1.231638000533589921e-07
1.194406114297920968e-07
1.158087361507817611e-07
1.121770392700910617e-07
1.086456704965943069e-07
1.051923686017511231e-07
1.018170595733356314e-07
9.851741074591444485e-08
9.529517243886552712e-08
9.213047992037873017e-08
8.909111248797174631e-08
8.609832447949629065e-08
8.327489038286453774e-08
8.047764330424953933e-08
7.776119043995450286e-08
7.513476563919307029e-08
7.260149784062068849e-08
7.022892344277245579e-08
6.780756188348881165e-08
6.562418064023949844e-08
6.336586284436895132e-08
6.125970073848529551e-08
5.921472882463183466e-08
5.723127933347494336e-08
5.531460030845100585e-08
5.329995576048185317e-08
5.167999102388265377e-08
4.998004802688081917e-08
4.832435537676288915e-08
4.669550956202993419e-08
4.508912945043154677e-08
4.352194834370679348e-08
4.200666737616722263e-08
4.065386861585635990e-08
3.914354347071506145e-08
3.778401719690998567e-08
3.647069919382156917e-08
3.520336876235731922e-08
3.396844136940670709e-08
3.271568141596148980e-08
3.158847563203981939e-08
3.045940039447879132e-08
2.938826792700126222e-08
2.836730612414305468e-08
2.738353245155354735e-08
2.642867842723217014e-08
2.547068508001919831e-08
2.457998562110626221e-08
2.373226898676968293e-08
2.293219258848204101e-08
2.214843800098245055e-08
2.139649396336496853e-08
2.065357646513654726e-08
1.990322495399055521e-08
1.921278699907783886e-08
1.854549852750101249e-08
1.789940552679129699e-08
1.727363296385134548e-08
1.668343622269628552e-08
1.610615624091781473e-08
1.554518684969373678e-08
1.500633903472213478e-08
1.448874164129877408e-08
1.399139783713181387e-08
1.350937887129937425e-08
1.304657642437091295e-08
1.260119185265348845e-08
1.217343034955428523e-08
1.176195202985388728e-08
1.136357906330294430e-08
1.097710658144443356e-08
1.060371491244207057e-08
1.024403629044878264e-08
9.898703768271439219e-09
9.566670766313157087e-09
9.246273736421963542e-09
8.936941641431902394e-09
8.638035663274326404e-09
8.349812705698078492e-09
8.071985248041339391e-09
7.804001829913920298e-09
7.545420678334545782e-09
7.295717677792917635e-09
7.054727179732321405e-09
6.822217212498409933e-09
6.597862887184100234e-09
6.381320201132249481e-09
6.172170817989547582e-09
5.970159575021431276e-09
5.775073686929571835e-09
5.586655263495874337e-09
5.404687068008421489e-09
5.228884119276320352e-09
5.059005998983734434e-09
4.894824542028901801e-09
4.736144243211150719e-09
4.582781709066258813e-09
4.434524765334045449e-09
4.291184169858179706e-09
4.152575969497012338e-09
4.018520109909761387e-09
3.888849966429341646e-09
3.763414235353794536e-09
3.642061844006625550e-09
3.524643614120379047e-09
3.411017256648479090e-09
3.301052762248158805e-09
