# cl_ska5ska5_delens
3.124382706224859241e-07
3.153728398113474221e-07
3.183833903203171406e-07
3.213944843862668312e-07
3.244477270421681955e-07
3.275438409025699197e-07
3.306830615538083853e-07
3.338655050465772939e-07
3.370914777163353604e-07
3.403613663663571985e-07
3.436758597663854360e-07
3.470357471328174596e-07
3.504414404958942635e-07
3.539075402774305481e-07
3.574019192847581670e-07
3.609372893731699610e-07
3.645135549757605157e-07
3.681310277451507868e-07
3.717909696549597996e-07
3.754943176848078992e-07
3.792407507983357731e-07
3.830173688231287041e-07
3.868495177105124067e-07
3.909646886439355301e-07
3.949013460567120666e-07
3.986174512508306193e-07
4.026335179862105709e-07
4.066944179841032922e-07
4.107978274941615672e-07
4.149411137210004758e-07
4.191218619447493526e-07
4.233395985414429435e-07
4.275945255023780824e-07
4.318870499661334298e-07
4.362188363602738016e-07
4.405898712569689498e-07
4.450132340818645873e-07
4.494405836500595418e-07
4.539726644871377107e-07
4.585345036931672881e-07
4.631080330428974880e-07
4.677057300953667175e-07
4.723595948499996657e-07
4.770486103646658822e-07
4.817649736498562579e-07
4.865180034073043692e-07
4.913062286186436408e-07
4.961289030021738313e-07
5.009854784426227800e-07
5.058923768614640349e-07
5.108203539363443932e-07
5.157762429394147049e-07
5.207590239315806679e-07
5.257679574062001849e-07
5.310414058603689884e-07
5.358669576532661332e-07
5.409543301561585910e-07
5.460706919737108909e-07
5.511920986427617817e-07
5.564384278862233980e-07
5.615638935351863798e-07
5.667462295595538775e-07
5.719505955271676016e-07
5.771819679773365510e-07
5.827519692666378152e-07
5.876392134453172393e-07
5.927362209487836786e-07
5.979846083575999444e-07
6.035240320507932392e-07
6.088283721959832045e-07
6.140666119562423682e-07
6.193590037547116418e-07
6.246474743210980875e-07
6.299322216196946907e-07
6.352438667235397364e-07
6.403915621826472304e-07
6.457335277966985257e-07
6.510064483516810752e-07
6.562649097450704510e-07
6.615697475307891692e-07
6.667341634431745753e-07
6.719470143888528673e-07
6.771246225268975880e-07
6.822786583337823272e-07
6.874066270731333335e-07
6.924969673968529846e-07
6.975282965222300499e-07
7.027231906387749812e-07
7.077358987806840153e-07
7.126801060857234538e-07
7.175445540192679423e-07
7.223879529701489556e-07
7.264710936654924129e-07
7.316456409369294838e-07
7.366609790063019098e-07
7.413031739661415255e-07
7.458844272706957134e-07
7.504015064755785130e-07
7.549087060841059173e-07
7.593929490086381772e-07
7.633269698982278932e-07
7.677207897621278453e-07
7.719230745965726370e-07
7.760357779916452278e-07
7.800595135251893772e-07
7.839834223726082403e-07
7.878197164816722190e-07
7.914933147059330935e-07
7.950934989525827200e-07
7.985865506302353788e-07
8.018360729191660388e-07
8.051469795233250986e-07
8.087490612810023010e-07
8.114435004792831205e-07
8.143860577548296182e-07
8.171865385033432562e-07
8.198419440947195376e-07
8.223647253811932025e-07
8.244007874795508726e-07
8.265312983393136434e-07
8.291691963270859030e-07
8.309980223616767038e-07
8.330902434788280282e-07
8.347537950602122196e-07
8.362721913084162009e-07
8.376437903346448890e-07
8.388667503570452552e-07
8.398782762694444300e-07
8.408963343226434343e-07
8.414357341069025784e-07
8.419672176319630542e-07
8.426005425138537503e-07
8.424843876504477072e-07
8.423857284210308316e-07
8.422416925130694554e-07
8.418377319289507751e-07
8.412471607113952985e-07
8.404700749895230647e-07
8.394792114082204816e-07
8.383367286274753541e-07
8.372278663544978747e-07
8.354234714190460360e-07
8.336583460817199891e-07
8.316844829736859186e-07
8.295003265232467426e-07
8.271220626350001391e-07
8.243670766290948610e-07
8.200660415766160336e-07
8.186594641695503876e-07
8.154936127241198691e-07
8.119677750658049438e-07
8.083221531175644170e-07
8.044731694508183151e-07
8.004151591267315131e-07
7.961414873933568348e-07
7.916557243233261176e-07
7.870193156005635310e-07
7.820536383610346184e-07
7.774987167713529571e-07
7.716266234978373286e-07
7.658996919712242695e-07
7.603964417766657514e-07
7.545074868538293118e-07
7.483914344250569689e-07
7.421053535167308583e-07
7.355905824825844532e-07
7.289490108177984865e-07
7.221235603118382039e-07
7.151006622563614138e-07
7.079076639094605297e-07
7.005504611388694514e-07
6.930341100794641171e-07
6.853851998293022446e-07
6.775471205691536351e-07
6.695847098163705927e-07
6.614325687458300981e-07
6.532370914534111523e-07
6.448708514229400611e-07
6.363867769993186194e-07
6.277921907461373359e-07
6.190932950780381596e-07
6.103001962016260041e-07
6.014204827443683681e-07
5.926189033037640274e-07
5.834088362917180086e-07
5.743133481293237007e-07
5.651528230060666335e-07
5.559475426198488931e-07
5.467040434038338038e-07
5.374287781178407355e-07
5.281439289074582374e-07
5.188417783681920371e-07
5.095178055378189683e-07
5.002043756468031273e-07
4.909243843125000731e-07
4.816571304286588154e-07
4.724251354687070943e-07
4.632247320018534680e-07
4.540929497189657632e-07
4.450212459991102091e-07
4.359771090810057960e-07
4.270683447086784799e-07
4.181338878095425983e-07
4.094422780792111832e-07
4.007639398800021082e-07
3.921886469970709953e-07
3.837245976850301641e-07
3.753730890913870076e-07
3.671391758584166622e-07
3.590284824751221730e-07
3.510389613283320876e-07
3.431558753543191516e-07
3.354293322659376326e-07
3.278218525180293377e-07
3.203543944126658072e-07
3.130253802355722116e-07
3.058294199128788431e-07
2.987670666309067392e-07
2.918675113249141124e-07
2.850824100728035568e-07
2.783458843362201456e-07
2.718636319176464741e-07
2.654603233571275166e-07
2.591862576219933478e-07
2.530402124739074392e-07
2.469941578555912707e-07
2.413179696288761548e-07
2.347231449964301533e-07
2.296082522954696175e-07
2.239028379962282264e-07
2.185370904857660389e-07
2.131473518087478509e-07
2.078484785466973348e-07
2.026623448504016194e-07
1.975484403643212298e-07
1.925207035024586888e-07
1.875766564054079769e-07
1.827682344123238209e-07
1.779451231545417625e-07
1.732314566900632476e-07
1.685983050034119876e-07
1.640533852157128090e-07
1.595914356433814833e-07
1.552062661071830783e-07
1.509011573355112554e-07
1.467180760415860768e-07
1.425457464194122977e-07
1.384969468837919954e-07
1.345304389020263777e-07
1.306528058708364055e-07
1.268733684773167891e-07
1.231971955812430153e-07
1.195938964200215879e-07
1.161460910869164321e-07
1.127778038726907722e-07
1.095052024274536069e-07
1.063281906132491790e-07
1.032452433574339579e-07
1.002568574351895734e-07
9.737007055152635953e-08
9.466024722655603269e-08
9.192649123357982361e-08
8.945492878391626687e-08
8.687296073323491806e-08
8.446092373756605173e-08
8.212610224874728195e-08
7.987191787577925245e-08
7.769311543215807568e-08
7.536311624851543853e-08
7.354180132277655933e-08
7.155482136376088697e-08
6.964129446822032068e-08
6.778579437805253884e-08
6.597599964818904226e-08
6.420831749595487695e-08
6.247891295789646899e-08
6.093442752766241243e-08
5.920227900491750529e-08
5.766592361652005793e-08
5.618522174881093802e-08
5.473786996369131906e-08
5.332339017461931525e-08
5.191712386442254403e-08
5.062710155572214671e-08
4.935973996353726627e-08
4.814048146618453155e-08
4.696659941830805564e-08
4.584246247998089709e-08
4.476370194466395363e-08
4.366993870341060986e-08
4.264737217617737787e-08
4.168863581534321104e-08
4.078219956733670053e-08
3.990225818650801103e-08
3.903188026556777480e-08
3.817340208050963744e-08
3.734362796325922522e-08
3.655134031421767481e-08
3.578223004910440206e-08
3.504074180446151079e-08
3.432387428846547074e-08
3.364826162338527797e-08
3.299985400023849683e-08
3.237088973304995379e-08
3.175343497709318794e-08
3.115200448035803030e-08
3.057271507474321000e-08
3.002300183015666337e-08
2.950190306330243218e-08
2.900092168813694220e-08
2.851348873702944213e-08
2.803584360353790126e-08
2.757130492672403716e-08
2.712485843604653351e-08
2.669783545781817687e-08
2.628957400755498367e-08
2.589604562660249946e-08
2.551466490149375705e-08
2.514455655234190838e-08
2.478639805669530218e-08
2.444140165217538916e-08
2.410940240758021390e-08
2.378965982025783587e-08
2.348100447892868569e-08
2.318248880317590937e-08
2.289385406955588676e-08
2.261500614993852607e-08
2.234586270297946284e-08
2.208605636594490617e-08
2.183509314034873030e-08
2.159261526516984803e-08
2.135822541817651389e-08
2.113170260621404684e-08
2.091278080234632725e-08
2.070116869055177799e-08
2.049658108043580405e-08
2.029872972274321201e-08
2.010742243846636180e-08
1.992240505624203946e-08
1.974344972986945181e-08
1.957033517230285661e-08
1.940283377018039871e-08
1.924074515966250257e-08
1.908387317479109178e-08
1.893205112049034089e-08
1.878509448971381169e-08
1.864282396158194095e-08
1.850508309185199067e-08
1.837171322030127397e-08
1.824255889336383433e-08
