# cl_ska01lkern_delens
4.775439166627683850e-08
4.830253545846811672e-08
4.934812667094583545e-08
4.991022734606920506e-08
5.048072185334548107e-08
5.058456550320006215e-08
5.117762873948746088e-08
5.178020985625494723e-08
5.239259971296633187e-08
5.301497898151112217e-08
5.365860968533883965e-08
5.430228141502237995e-08
5.495643640528761579e-08
5.562131492419452505e-08
5.629710490277018798e-08
5.698390543246887279e-08
5.768173299061220567e-08
5.839048587972693125e-08
5.910991322519768503e-08
5.983969182338430610e-08
6.057941197625527263e-08
6.131010965998698544e-08
6.206855994726570417e-08
6.283798253642581742e-08
6.361897150209099145e-08
6.441196727090945331e-08
6.521724027017548331e-08
6.603512488417662101e-08
6.686598870309864442e-08
6.771003577541919352e-08
6.856701934466618707e-08
6.943614644862996893e-08
7.031653231601662713e-08
7.120332594179874865e-08
7.210348387534954881e-08
7.301541963788838303e-08
7.393936117371012279e-08
7.487561290515904503e-08
7.582415578854211708e-08
7.678483284672832813e-08
7.775767166088564979e-08
7.874286942013597209e-08
7.974048602080205790e-08
8.084285312462398481e-08
8.185937546331934831e-08
8.288753373631657671e-08
8.392759800735503168e-08
8.497937116074720482e-08
8.597922184400541274e-08
8.706249630903879450e-08
8.815835969107813400e-08
8.926669525973350129e-08
9.038715862121533140e-08
9.151932688408182938e-08
9.266274955346086021e-08
9.381727776756578312e-08
9.499489357359028409e-08
9.617792095767534585e-08
9.737499491277877261e-08
9.858654406194760391e-08
9.981257796467586700e-08
1.010516957302027939e-07
1.023016206694949042e-07
1.034638208082667918e-07
1.047177809708693968e-07
1.059823689643763262e-07
1.072585410491243875e-07
1.085471225220374615e-07
1.098479245584135058e-07
1.111601803498180843e-07
1.124830231835829360e-07
1.138163486570308410e-07
1.151599737038036346e-07
1.165130554388024472e-07
1.178746300521703701e-07
1.192441869915676768e-07
1.205404494788383463e-07
1.219003805375819554e-07
1.233991104212740406e-07
1.247979184230511586e-07
1.262029705339711902e-07
1.276139192787323819e-07
1.290300844135889282e-07
1.304504484485260386e-07
1.318202296316328480e-07
1.332593360836680520e-07
1.347045326374699392e-07
1.362955917082724237e-07
1.377560536953141658e-07
1.392222984077827273e-07
1.405346190547468910e-07
1.419889893952887316e-07
1.434464993220340747e-07
1.449052500802229336e-07
1.463654188796742701e-07
1.478273581172359169e-07
1.492912790406268661e-07
1.507562986531626425e-07
1.522208025467459172e-07
1.536834793125458444e-07
1.551436194409323681e-07
1.566011278991684584e-07
1.580553291643418325e-07
1.595054021358671820e-07
1.609505175304756828e-07
1.623898033680896422e-07
1.638220328961220334e-07
1.652646445055907603e-07
1.666752332663375195e-07
1.678753086557179482e-07
1.694705087265688591e-07
1.708541684854784191e-07
1.722255107861620552e-07
1.734567651270162538e-07
1.748526160340380925e-07
1.762337432522115865e-07
1.775971195876912916e-07
1.789407449201177940e-07
1.806203532053861887e-07
1.818920540288964851e-07
1.827677296973903451e-07
1.840210144470044872e-07
1.852561207699612472e-07
1.864722941764892257e-07
1.876679379239818603e-07
1.888397023807366973e-07
1.899845529553476358e-07
1.911015870921447673e-07
1.921617359191552768e-07
1.932251237549219070e-07
1.942625001108375268e-07
1.952731953983194903e-07
1.962563202868242322e-07
1.972980688117552751e-07
1.981989915275926896e-07
1.990632710571999141e-07
1.998941343115576566e-07
2.007078227165974330e-07
2.014952542045998955e-07
2.022458020558190673e-07
2.029382397599764698e-07
2.034559406193856293e-07
2.041361508901489729e-07
2.048079798637804230e-07
2.054317055211078492e-07
2.059627360005930799e-07
2.064098900222020352e-07
2.068406841813923812e-07
2.080516943338925172e-07
2.082968814622793689e-07
2.078695154309164004e-07
2.081173059448213174e-07
2.083776831924767259e-07
2.085291269870041966e-07
2.086259411683856526e-07
2.085883683254782594e-07
2.085868535322065335e-07
2.085485167648598075e-07
2.084400005501541782e-07
2.082790706589705871e-07
2.080655803488638769e-07
2.077986168558592457e-07
2.075128955721101431e-07
2.070845932641845044e-07
2.066030902620814397e-07
2.054026972140703877e-07
2.049422020155580642e-07
2.044409069496882059e-07
2.038987389874195998e-07
2.033134503683921054e-07
2.028798472013604591e-07
2.020075519925031571e-07
2.011132331231948348e-07
2.001616672431159779e-07
1.991438595672554148e-07
1.980827444218372428e-07
1.969652440051195223e-07
1.957883045916791127e-07
1.945500050512832888e-07
1.932498952679216328e-07
1.920029775141067248e-07
1.905938997359087065e-07
1.889703645490243374e-07
1.874570519557261295e-07
1.859157303226043914e-07
1.842928404333594695e-07
1.826203904654949653e-07
1.808996803171927051e-07
1.791315592741463764e-07
1.773153045813151788e-07
1.754508059946292403e-07
1.734645029240515805e-07
1.715817391574464978e-07
1.695809762446644681e-07
1.675399438918631273e-07
1.654498521935650626e-07
1.627763259372704266e-07
1.611865499781339055e-07
1.590042996447952135e-07
1.567931968099832127e-07
1.545541717074361806e-07
1.522882584018665528e-07
1.499961790934987552e-07
1.476788346358932183e-07
1.453389114611730406e-07
1.430113510980066208e-07
1.406349196159151494e-07
1.384246521709302747e-07
1.358390956637245918e-07
1.333445215216269136e-07
1.310200089886328418e-07
1.286106154370843722e-07
1.262068569674419036e-07
1.238129829219929933e-07
1.214296887728709536e-07
1.190569902630477978e-07
1.168444532958808766e-07
1.143468285023416339e-07
1.120125435549432391e-07
1.096922236626759240e-07
1.073884786275099548e-07
1.051242873661411263e-07
1.027660925575181692e-07
1.005842910080887868e-07
9.835722819169516803e-08
9.617316577130130637e-08
9.403570687310998285e-08
9.194240663805640045e-08
8.988969282035516878e-08
8.787238545094109885e-08
8.588617550902269449e-08
8.410620029269315781e-08
8.199445266716782829e-08
8.008498075752046319e-08
7.819965795745377555e-08
7.620609194768007564e-08
7.452268856436539175e-08
7.273907784764556560e-08
7.099478434664232305e-08
6.928952757076546055e-08
6.762290863902214952e-08
6.599193941331156957e-08
6.439387322134809567e-08
6.282422721963115346e-08
6.127782056263238077e-08
5.947005112654834577e-08
5.823689403321443818e-08
5.673807076116563476e-08
5.525649045427963755e-08
5.379517012088377193e-08
5.230954340589858517e-08
5.088845923787098164e-08
4.950217207623959997e-08
4.814720190582035789e-08
4.681911592524056219e-08
4.551362019910384690e-08
4.420545786809329772e-08
4.293929308540612923e-08
4.165540085919713437e-08
4.037458616326392929e-08
3.910288933255830100e-08
3.784430784390374270e-08
3.660894648853855725e-08
3.540814559031022291e-08
3.424771199685270105e-08
3.312839056577588459e-08
3.216314498039567202e-08
3.099557352510783313e-08
2.997285168479113350e-08
2.897276375701119683e-08
2.799526725824465826e-08
2.703933103874699716e-08
2.610959736777794777e-08
2.521318802137225514e-08
2.430096548621050969e-08
2.349146755348933671e-08
2.274300665910735470e-08
2.199237076946182692e-08
2.127425100750269332e-08
2.058073755884639789e-08
1.990471475322402524e-08
1.924293579732511466e-08
1.862017398703796716e-08
1.797097906244425736e-08
1.734360023750795689e-08
1.674583879502862609e-08
1.616864688352873859e-08
1.561051520396145160e-08
1.506682158522851093e-08
1.453244828512875967e-08
1.402057409530052738e-08
1.351559168305093916e-08
1.298972384942425549e-08
1.250469460097882307e-08
1.203767657519274372e-08
1.158088434930333522e-08
1.114732192277668670e-08
1.075849985194684316e-08
1.036426105922232337e-08
9.983801969923582247e-09
9.618750319227361484e-09
9.268736315723782426e-09
8.940926751395587135e-09
8.612393606147539501e-09
8.293414866188383777e-09
7.986435320151113300e-09
7.694271413588835190e-09
7.416427573788141786e-09
7.137424256509310949e-09
6.869002855695099059e-09
6.610747484278156301e-09
6.361677807299457817e-09
6.121172823225282278e-09
5.890293605558967471e-09
5.666291063796700333e-09
5.458086044994460556e-09
5.255344123393188262e-09
5.060289333772859510e-09
4.872473665607127324e-09
4.691343600205418687e-09
