# cl_ska10cib_delens
3.558376303992001610e-02
3.608380023970380462e-02
3.659425074034553665e-02
3.711530703176425111e-02
3.764716343006012378e-02
3.819001849296183720e-02
3.874407219283686893e-02
3.930952569831010213e-02
3.988658515185655035e-02
4.047545807542770463e-02
4.107635238868404676e-02
4.168948129609093001e-02
4.231505887384693493e-02
4.295330056802800639e-02
4.360442567294366134e-02
4.426865519573077584e-02
4.494620970975548441e-02
4.563731528763032008e-02
4.634219882250775746e-02
4.706108654375550093e-02
4.779421133532693600e-02
4.854180336849715782e-02
4.930409380415695653e-02
5.008132138326276683e-02
5.087371813621689026e-02
5.168152552379266795e-02
5.250497992835819611e-02
5.334431967876195058e-02
5.419978768339061420e-02
5.507174932049650057e-02
5.596006611025806932e-02
5.686535879530146831e-02
5.778775484001862778e-02
5.872748313998255726e-02
5.968479134340792108e-02
6.065992027494714056e-02
6.165311360048258277e-02
6.266461105311374458e-02
6.369464900934579399e-02
6.474348058970123831e-02
6.581132680580054073e-02
6.689843364299519202e-02
6.800503078860714590e-02
6.913135233994746609e-02
7.027762671657641902e-02
7.144407706712671557e-02
7.263093324296325537e-02
7.383840902349632362e-02
7.506672112397044794e-02
7.631608684850606228e-02
7.758670031520120691e-02
7.887877452817035340e-02
8.019250113874747121e-02
8.152807275401396936e-02
8.288567339776550802e-02
8.426547761389159563e-02
8.566766371653382339e-02
8.709238497737020746e-02
8.853980361848516611e-02
9.001006607707714990e-02
9.150330841015509586e-02
9.301965979327249390e-02
9.455923952248994346e-02
9.612215224529530033e-02
9.770849554666823089e-02
9.931835598778573915e-02
1.009518031018153961e-01
1.026088985270348364e-01
1.042896825423749452e-01
1.059941890998197384e-01
1.077224295698505641e-01
1.094744066580838893e-01
1.112501025018536316e-01
1.130494802278645822e-01
1.148724932653057140e-01
1.167190625501986906e-01
1.185891083726331174e-01
1.204825100700203933e-01
1.223991429514755119e-01
1.243388497360550515e-01
1.263014005470994849e-01
1.282867630019120242e-01
1.302945383937036128e-01
1.323245446638786627e-01
1.343764945330507832e-01
1.364500941084702268e-01
1.385450046642144328e-01
1.406608754255359583e-01
1.427973108986931583e-01
1.449538930948420234e-01
1.471301769923296088e-01
1.493256701448687218e-01
1.515398700113329000e-01
1.537722125999864131e-01
1.560221264017992437e-01
1.582889826044440729e-01
1.605721176253652460e-01
1.628708457721133318e-01
1.651844307693100811e-01
1.675120905553064699e-01
1.698530236349028721e-01
1.722063713070994262e-01
1.745712346814530802e-01
1.769466833974638609e-01
1.793317212208373757e-01
1.817253481837709794e-01
1.841264597220797494e-01
1.865339677510427507e-01
1.889466939820921842e-01
1.913634347754457343e-01
1.937829419956683397e-01
1.962039072882994228e-01
1.986249865347144150e-01
2.010447751389050075e-01
2.034618371738683706e-01
2.058746627477522906e-01
2.082817182793686717e-01
2.106814032197296960e-01
2.130720719768157134e-01
2.154520398779147805e-01
2.178195551139602004e-01
2.201728334642053253e-01
2.225100307329119231e-01
2.248292563504689923e-01
2.271285690552129755e-01
2.294059914099675079e-01
2.316594813137231590e-01
2.338869472119211868e-01
2.360862762219064770e-01
2.382552824839225258e-01
2.403917356983479581e-01
2.424933796342625125e-01
2.445578911999452543e-01
2.465829212911102297e-01
2.485660548098393707e-01
2.505048764599301370e-01
2.523968861357716031e-01
2.542396127985410703e-01
2.560304945894941175e-01
2.577670000403320394e-01
2.594465300834283283e-01
2.610665182492382108e-01
2.626243510398118541e-01
2.641174146026654679e-01
2.655431195328639693e-01
2.668988457881906751e-01
2.681819895653322350e-01
2.693899581616562844e-01
2.705201801638886239e-01
2.715700781869881397e-01
2.725371458676310588e-01
2.734188536202876718e-01
2.742127646982457922e-01
2.749164469184713910e-01
2.755275254941054741e-01
2.760437136731266339e-01
2.764627699247762527e-01
2.767825115609636177e-01
2.770008745917054149e-01
2.771158601387870291e-01
2.771255840746159049e-01
2.770282603595030646e-01
2.768222107881538885e-01
2.765059065142002614e-01
2.760779480316590262e-01
2.755369865753698466e-01
2.748821306384337526e-01
2.741122365371004288e-01
2.732265766919492189e-01
2.722245523685171142e-01
2.711057711888345545e-01
2.698700106511682240e-01
2.685172339744029690e-01
2.670476835661687032e-01
2.654617540720224378e-01
2.637600937645928068e-01
2.619435889202658130e-01
2.600133493985692379e-01
2.579707366188301321e-01
2.558173756906408358e-01
2.535551211632579571e-01
2.511861374614717812e-01
2.487128221306746101e-01
2.461378702678735653e-01
2.434642719598672234e-01
2.406952912989037963e-01
2.378345311176193189e-01
2.348858921101801001e-01
2.318536022666405627e-01
2.287422441197112244e-01
2.255567045314785801e-01
2.223021762261242484e-01
2.189841802060256137e-01
2.156084238129923614e-01
2.121809388469313995e-01
2.087078392290566409e-01
2.051953988567746245e-01
2.016499604853509431e-01
1.980778938759163998e-01
1.944855957213942887e-01
1.908793722754523192e-01
1.872655369836344896e-01
1.836502293620024540e-01
1.800395157193894480e-01
1.764392683538496542e-01
1.728551631109140896e-01
1.692927055574955097e-01
1.657571383620770888e-01
1.622534617952108849e-01
1.587864170111568107e-01
1.553604731448360032e-01
1.519797793535095087e-01
1.486481566212475569e-01
1.453690374979255961e-01
1.421454481805684844e-01
1.389799251209667408e-01
1.358745411672666326e-01
1.328308082044992178e-01
1.298497023613211232e-01
1.269316265901574425e-01
1.240764397033643496e-01
1.212834395360889578e-01
1.185514170967592595e-01
1.158786687144337940e-01
1.132630485506983115e-01
1.107020070755893176e-01
1.081926770269749372e-01
1.057318699418842017e-01
1.033161839803637266e-01
1.009420625354105067e-01
9.860583247495842418e-02
9.630381239657360981e-02
9.403233373792281580e-02
9.178788460714390474e-02
8.956713361231474768e-02
8.736703237320682380e-02
8.518487705175378788e-02
8.301842114481461365e-02
8.086587226563000941e-02
7.872601069389087436e-02
7.659818928347270073e-02
7.448237894038710338e-02
7.237916781984746195e-02
7.028975456363470431e-02
6.821595002482518100e-02
6.616009255524876731e-02
6.412504223977663620e-02
6.211408225224163832e-02
6.013084815016017659e-02
5.817921872868665745e-02
5.626321064278334144e-02
5.438684613637064652e-02
5.255402843540769170e-02
5.076840403183694589e-02
4.903323469424166609e-02
4.735127680854821219e-02
4.572467746332148364e-02
4.415488938114043443e-02
4.264261429379098689e-02
4.118777778274196333e-02
3.978952290028191230e-02
3.844625174436395315e-02
3.715569405784951290e-02
3.591500107338329445e-02
3.472086226705551476e-02
3.356971661198906998e-02
3.245777571637414177e-02
3.138132487370346585e-02
3.033683692663355011e-02
2.932108426977325655e-02
2.833132537544442303e-02
2.736535090204553211e-02
2.642157735271037991e-02
2.549905945226428605e-02
2.459746507300543394e-02
2.371701634127617794e-02
2.285840588197662893e-02
2.202263305878773489e-02
2.121090853207158178e-02
2.042442959144457476e-02
1.966435864960723243e-02
1.893148469672708764e-02
1.822630929918973158e-02
1.754889631467239711e-02
1.689884621428671199e-02
1.627533301895107976e-02
1.567715751335285040e-02
1.510284802777566056e-02
1.455077277005188685e-02
1.401926788708166005e-02
1.350676023539834104e-02
1.301187043097675605e-02
1.253348415849360291e-02
1.207078092087186805e-02
1.162324414382335386e-02
1.119060137753985669e-02
1.077275649233761477e-02
1.036971750548266319e-02
9.981495916156504777e-03
9.608031491444169597e-03
9.249135519850413059e-03
8.904464800957547638e-03
8.573543193175129848e-03
8.255752485868371460e-03
7.950424984951158167e-03
7.656880575813483289e-03
7.374477777341541772e-03
7.102674176918292309e-03
6.841005306286420534e-03
6.589113594842180462e-03
6.346695453044755644e-03
6.113507537383656466e-03
5.889307460920007765e-03
5.673835445980305973e-03
5.466794929195674044e-03
5.267880547232874425e-03
5.076755032361418736e-03
4.892657784021502143e-03
4.716476339521516632e-03
4.546696442424155715e-03
4.383446786344078437e-03
4.226470670304735729e-03
4.075552942937788262e-03
3.930462413502630592e-03
3.790979369321122172e-03
3.656885480174888476e-03
3.527962946470990929e-03
3.404007745324729578e-03
3.284786811262197653e-03
3.170130502255451375e-03
3.059844024953834937e-03
2.953760856487527755e-03
2.851685767846336497e-03
2.753494080577862518e-03
2.658991987576625818e-03
2.568055649776712548e-03
2.480529236672312805e-03
2.396272262194509232e-03
2.315150507199164806e-03
2.237035677416906055e-03
2.161804994888383291e-03
2.089341038704610465e-03
2.019540475389719134e-03
1.952266479089227302e-03
1.887443203936989625e-03
1.824961290952044953e-03
1.764734314252195888e-03
1.706642411332703543e-03
1.650626432683825490e-03
1.596602800727670935e-03
