# cl_ska01desi_delens
1.885385582638900615e-04
2.029264833734376592e-04
2.189442616971787889e-04
2.367606719335415253e-04
2.565578689808043367e-04
2.785311837477505155e-04
3.028885391140229730e-04
3.298492416429314733e-04
3.596419165461836836e-04
3.925015095937482365e-04
4.286650861223781665e-04
4.683660633510717381e-04
5.118270499020694192e-04
5.592499186978624115e-04
6.108050086333606998e-04
6.666169539789077803e-04
7.267494613856865507e-04
7.911790823206667038e-04
8.598059141421200181e-04
9.321994098454775262e-04
1.007644238700169254e-03
1.085987870750586715e-03
1.166475828147481080e-03
1.247995050096818411e-03
1.329182641532823325e-03
1.408306894609730273e-03
1.483300567604528162e-03
1.551744769762146035e-03
1.610913862203069199e-03
1.657670961594575644e-03
1.689670805555079343e-03
1.703795612732465162e-03
1.696134834756524504e-03
1.663497762498573071e-03
1.605866439899546975e-03
1.524977682684882209e-03
1.423863782977282007e-03
1.309053893086543647e-03
1.189024635404897215e-03
1.072723907770976046e-03
9.682560002724938542e-04
8.792792329222213956e-04
8.030378571356626199e-04
7.310584001038824588e-04
6.542025777896172531e-04
5.697093170631168128e-04
4.853446802388866155e-04
4.126008063397427518e-04
3.536725488389502780e-04
3.016928775527495405e-04
2.543623113564948959e-04
2.148195026088973092e-04
1.806221235818696112e-04
1.501385093592535515e-04
1.253311227379472572e-04
1.046091684591378889e-04
8.714841132768800158e-05
7.266800915605654463e-05
6.073936241003298231e-05
5.092955728197706835e-05
4.283837315452441622e-05
3.621081494002070594e-05
3.075515520435582968e-05
2.625592110548995547e-05
2.253091342803433759e-05
1.942689801633555198e-05
1.682142193311978427e-05
1.461524168367512249e-05
1.272938744919651010e-05
1.110191321493492726e-05
