# cl_ska01ska1_delens
6.225900562525822170e-08
6.604176719910411238e-08
7.016692899976880247e-08
7.464013118331574137e-08
7.947259188146730982e-08
8.467058131149134345e-08
9.028704374142419471e-08
9.630284247996766740e-08
1.028346120410505545e-07
1.095886405200562139e-07
1.168648121279131991e-07
1.245634569496465037e-07
1.327218592497373482e-07
1.411397429155628583e-07
1.499959088842745498e-07
1.591986977705228511e-07
1.686693521329291614e-07
1.783019252253826261e-07
1.881612588835468396e-07
1.980601110624964669e-07
2.079587524364748236e-07
2.177077430480583470e-07
2.272383554796255544e-07
2.362820551655259200e-07
2.449352506361856906e-07
2.528906178326110448e-07
2.599037883868083101e-07
2.659775188795049079e-07
2.707102891679845895e-07
2.741752214574720253e-07
2.768048169364831109e-07
2.761572076965698119e-07
2.744937618295990531e-07
2.698757127469225350e-07
2.652355927366540813e-07
2.575970631025009564e-07
2.481398760691680990e-07
2.365399398818847428e-07
2.234559184482523830e-07
2.089744958405326556e-07
1.935159711144580513e-07
1.775160334986492755e-07
1.613403459248191277e-07
1.455784464025064946e-07
1.305676758324584423e-07
1.165692422749343819e-07
1.037916681641068042e-07
9.191772375721267750e-08
8.132524556197180154e-08
7.105596870266044388e-08
6.198763810497818903e-08
5.324886702668542544e-08
4.520105032077764214e-08
3.811671253502452034e-08
3.226100090719183460e-08
2.712605604130896187e-08
2.294866758882675776e-08
1.913943204785031618e-08
1.595492138574557471e-08
1.321015084086780174e-08
1.100845319876986058e-08
9.115122317528498324e-09
7.565991348227903950e-09
6.273722982197153175e-09
5.207789868221518570e-09
4.325239663246660724e-09
3.597364581563320699e-09
2.996542136441155187e-09
2.500318966658259052e-09
2.088601067377849881e-09
