# cl_ska1desi_delens
7.118067495572170297e-08
7.221771292129382730e-08
7.327725853142230149e-08
7.435976273212512835e-08
7.546568367982500101e-08
7.659548675359329652e-08
7.774964458167361559e-08
7.892863701082035454e-08
8.013295114276312960e-08
8.136308126550014936e-08
8.261952890206008838e-08
8.390280276869248797e-08
8.521341876636625853e-08
8.655189995272203642e-08
8.791877648241602405e-08
8.931458551905610514e-08
9.073987114363316273e-08
9.219518422845657001e-08
9.368108237141723388e-08
9.519812980157773936e-08
9.674689728197898499e-08
9.832796194337251217e-08
9.994190713216035640e-08
1.015893221649267123e-07
1.032708021445778387e-07
1.049869477725186304e-07
1.067383651499262079e-07
1.085256655777205729e-07
1.103494653470305072e-07
1.122103853437950335e-07
1.141090506350051577e-07
1.160460900572651724e-07
1.180221357496470907e-07
1.200378228582142012e-07
1.220937891981008994e-07
1.241906749027828679e-07
1.263291220210730002e-07
1.285097739898283566e-07
1.307332751116497174e-07
1.330002700068467392e-07
1.353114030090883649e-07
1.376673175893873851e-07
1.400686556343144672e-07
1.425160567192691925e-07
1.450101573325292399e-07
1.475515900249724288e-07
1.501409826779547238e-07
1.527789576794261942e-07
1.554661311270468119e-07
1.582031120004638960e-07
1.609905011006530097e-07
1.638288901619337493e-07
1.667188606709782019e-07
1.696609828289588661e-07
1.726558143728963765e-07
1.757038994336971748e-07
1.788057673345861354e-07
1.819619312233385400e-07
1.851728867320836114e-07
1.884391103402154017e-07
1.917610578396752095e-07
1.951391628030463840e-07
1.985738350833400470e-07
2.020654603574756483e-07
2.056143992056531101e-07
2.092209860076053964e-07
2.128855270933392946e-07
2.166082957693547200e-07
2.203895281523579192e-07
2.242294200413174769e-07
2.281281246287195385e-07
2.320857565669797338e-07
2.361023942362252123e-07
2.401780790395807284e-07
2.443128176991889016e-07
2.485065798909326776e-07
2.527592955249437243e-07
2.570708539121471582e-07
2.614410706542396796e-07
2.658696459000107491e-07
2.703561317877382465e-07
2.748999240110775983e-07
2.795004017468141862e-07
2.841570679449275356e-07
2.888696567058410664e-07
2.936381270878024388e-07
2.984621889939393073e-07
3.033409235589203298e-07
3.082725635181503032e-07
3.132544100891909138e-07
3.182833696018407919e-07
3.233564223239680226e-07
3.284707033883528917e-07
3.336239623354363411e-07
3.388148902721297208e-07
3.440430402481930598e-07
3.493090159216328556e-07
3.546135617174874344e-07
3.599566289419863455e-07
3.653371813174029446e-07
3.707527918940954420e-07
3.762004030723160994e-07
3.816770911461545255e-07
3.871798639797428230e-07
3.927060531749080186e-07
3.982531052338095714e-07
4.038180754060272325e-07
4.093978670956875037e-07
4.149890491627399937e-07
4.205877826031919451e-07
4.261901465225355055e-07
4.317920653749332615e-07
4.373893608015942706e-07
4.429779852268169041e-07
4.485538457681527405e-07
4.541126720124152656e-07
4.596499103982831050e-07
4.651605474290039666e-07
4.706391382931544312e-07
4.760800179715420467e-07
4.814774728519086631e-07
4.868258002460136623e-07
4.921192316984429388e-07
4.973517853999699171e-07
5.025171938280764139e-07
5.076089337358503682e-07
5.126202660543847091e-07
5.175442658714613514e-07
5.223738101210949422e-07
5.271015705188643049e-07
5.317200475439334413e-07
5.362216248359353679e-07
5.405985978829049543e-07
5.448431841520072717e-07
5.489475213832526129e-07
5.529036420568554031e-07
5.567033888454323826e-07
5.603380655623015205e-07
5.637980884845362560e-07
5.670728309415794568e-07
5.701515564856272686e-07
5.730251113537720884e-07
5.756873890098524161e-07
5.781359148863683784e-07
5.803692916911743029e-07
5.823847861082839522e-07
5.841769117483112029e-07
5.857361947074705715e-07
5.870504621844069482e-07
5.881064651277286292e-07
5.888899670234404859e-07
5.893875702188181888e-07
5.895887768036414422e-07
5.894856424696488925e-07
5.890722218789810481e-07
5.883426936713912566e-07
5.872880658936357291e-07
5.858962763868986201e-07
5.841551429246296001e-07
5.820547543565626360e-07
5.795901703563368597e-07
5.767625807985508191e-07
5.735761351045605400e-07
5.700362008227539860e-07
5.661490257606491731e-07
5.619203466881237194e-07
5.573554829109366383e-07
5.524603432600422236e-07
5.472408621041886777e-07
5.417031407031082804e-07
5.358549160326830469e-07
5.297047495365353984e-07
5.232619715078137663e-07
5.165370271860658286e-07
5.095407644030010319e-07
5.022852812603221440e-07
4.947852963478918185e-07
4.870589960539426375e-07
4.791286700551992537e-07
4.710194514087524896e-07
4.627574152206068616e-07
4.543686996586736817e-07
4.458791440917109949e-07
4.373145483815956718e-07
4.287010203464725950e-07
4.200644010530302388e-07
4.114304481054257004e-07
4.028246762087663823e-07
3.942724433788235385e-07
3.857992588638650093e-07
3.774301828956235587e-07
3.691897135809148394e-07
3.611017021466739762e-07
3.531886336106378762e-07
3.454705348160750187e-07
3.379641026022093970e-07
3.306820228212201705e-07
3.236332770513718295e-07
3.168235663545846339e-07
3.102549743307818304e-07
3.039263751486893034e-07
2.978335820522685348e-07
2.919689825426356166e-07
2.863215869435565552e-07
2.808764107553687473e-07
2.756137361037576358e-07
2.705091321106280413e-07
2.655342360705252699e-07
2.606589088253879356e-07
2.558530016844334704e-07
2.510872521601820214e-07
2.463331294632448907e-07
2.415626449877289409e-07
2.367486622137106637e-07
2.318650740839405638e-07
2.268898656703457676e-07
2.218072569303973454e-07
2.166086473489166351e-07
2.112928378065080348e-07
2.058654182558593563e-07
2.003386726511101034e-07
1.947304435198367620e-07
1.890636801745947543e-07
1.833663047003880322e-07
1.776705377733080379e-07
1.720118251053652002e-07
1.664274047743769443e-07
1.609542686631004501e-07
1.556271329096142530e-07
1.504746679105266814e-07
1.455172956123282736e-07
1.407661209407122930e-07
1.362238729243455106e-07
1.318870438176272907e-07
1.277451769191836504e-07
1.237820672193602990e-07
1.199772211506579095e-07
1.163056491649159847e-07
1.127402273900198330e-07
1.092552746595771404e-07
1.058300027598629166e-07
1.024519736823778333e-07
9.911650035965987685e-08
9.582635311110180175e-08
9.259046444466617124e-08
8.942250584792459216e-08
8.633898554311526419e-08
8.335512776110185683e-08
8.048332104287699956e-08
7.773217627530254331e-08
7.510339883625219849e-08
7.259221247750028602e-08
7.018652191746965407e-08
6.786875801981568008e-08
6.562059148626684597e-08
6.342422535979931512e-08
6.126537559608648970e-08
5.913663300230016517e-08
5.703736886151883323e-08
5.497535269175871935e-08
5.296345105282544535e-08
5.101380764988057345e-08
4.913681956353198967e-08
4.733911876565777979e-08
4.562237283413837540e-08
4.398472359705482445e-08
4.241925668779098453e-08
4.091621934532190670e-08
3.946762695093320446e-08
3.806806241637394148e-08
3.671479421608108473e-08
3.540733453427851324e-08
3.414500290214702499e-08
3.292701718400112241e-08
3.175298796779151526e-08
3.062115599780206544e-08
2.952867879407989426e-08
2.847346694997396900e-08
2.745408723919490466e-08
2.647041364767405593e-08
2.552376950734325463e-08
2.461498858794690188e-08
2.374374173857791651e-08
2.290856261525795824e-08
2.210621198214804044e-08
2.133310504276701468e-08
2.058722375264917033e-08
1.986829771460022112e-08
1.917689676570589297e-08
1.851341944464372490e-08
1.787710241274121990e-08
1.726608392349345720e-08
1.667850434537098809e-08
1.611284779983771498e-08
1.556783709227743207e-08
1.504256851950232897e-08
1.453669780680140592e-08
1.405032370608978543e-08
1.358358125465574051e-08
1.313623570592586235e-08
1.270717574440462923e-08
1.229462396119771466e-08
1.189692949498458023e-08
1.151316711191203833e-08
1.114320202698588981e-08
1.078725308451042978e-08
1.044535082719984876e-08
1.011698890012639515e-08
9.801217992497660003e-09
9.497041463438005408e-09
9.203727140703182205e-09
8.920869564890877148e-09
8.648267086315679670e-09
8.385704259792995216e-09
8.132825987672055729e-09
7.889145539950550918e-09
7.654148712392862621e-09
7.427384594439700470e-09
7.208492204214714837e-09
6.997178792482817983e-09
6.793167715820480738e-09
6.596172063825643390e-09
6.405888851580923860e-09
6.222015810272972222e-09
6.044264239806989231e-09
5.872364998812195231e-09
5.706068479750690840e-09
5.545140468407462220e-09
5.389359816522549779e-09
5.238513226983511003e-09
5.092396146016053248e-09
4.950810431903868926e-09
4.813565813091016478e-09
4.680480496258967843e-09
4.551382668002495881e-09
4.426110567392394582e-09
4.304509979751684486e-09
4.186435420215687901e-09
4.071747697813162573e-09
3.960314384904973428e-09
3.852008960705071112e-09
3.746711355644389535e-09
3.644307891825413606e-09
3.544689726831832416e-09
3.447754248529488269e-09
3.353403491737181088e-09
3.261544416551023009e-09
3.172088300067163994e-09
3.084951074155894976e-09
3.000053283442582945e-09
