# cl_ska01ska5_delens
1.308472113916698659e-07
1.322678756553774229e-07
1.336982972735675570e-07
1.351506059964733953e-07
1.366253275905367223e-07
1.381227682056508953e-07
1.396432039357839712e-07
1.411869322917595164e-07
1.427542295361603074e-07
1.443452837292454529e-07
1.459602611573707660e-07
1.475992662642513128e-07
1.492622461358792213e-07
1.509486707405868507e-07
1.526579815952121433e-07
1.543900527388035753e-07
1.561449203834426572e-07
1.579598051671790255e-07
1.597623172332927624e-07
1.615904623144404293e-07
1.634446426908886873e-07
1.652735902451001236e-07
1.671715338187702468e-07
1.690936635257412673e-07
1.710403122931895973e-07
1.730145586093565106e-07
1.750147814942889968e-07
1.770330498018825047e-07
1.790814585412010949e-07
1.811544198527005439e-07
1.832514672230104649e-07
1.853726859083044491e-07
1.875184658784422703e-07
1.896891152454267565e-07
1.918780109864753252e-07
1.940604852517254246e-07
1.963153270732269939e-07
1.985945764839418814e-07
2.008950982380831322e-07
2.032153506087744204e-07
2.055363405605830647e-07
2.078938925283624242e-07
2.102757755819776247e-07
2.126809754712787945e-07
2.151084560580939757e-07
2.175578238340429176e-07
2.200291669351247818e-07
2.225228837329471508e-07
2.250387227457423966e-07
2.278310437647721722e-07
2.301340288907044674e-07
2.327119239591007116e-07
2.353223817533149722e-07
2.379415062272128381e-07
2.405800198197340981e-07
2.432381869772945282e-07
2.459155109938547656e-07
2.486114063480819086e-07
2.513250198096359645e-07
2.540556323682342567e-07
2.568026945651373666e-07
2.595656624792765743e-07
2.623436042829632171e-07
2.652132331114442890e-07
2.680466140926911007e-07
2.709016648049084353e-07
2.735396161172234667e-07
2.763784628907579758e-07
2.792286738910455172e-07
2.821784071464704672e-07
2.850593467430386851e-07
2.879239656202773403e-07
2.908173007834662537e-07
2.937181636797811756e-07
2.966305255153352440e-07
2.995108202474794392e-07
3.024361693393253956e-07
3.053581585248735655e-07
3.082918370171066341e-07
3.112136448800732432e-07
3.141359391757447964e-07
3.170577371417228576e-07
3.197040982594474888e-07
3.228946589184285180e-07
3.258075565579838066e-07
3.287310143515651856e-07
3.316416673101160558e-07
3.345421733721030803e-07
3.374294708809301547e-07
3.403017919756851106e-07
3.431410682351775303e-07
3.457104439124060061e-07
3.485797661529644757e-07
3.522041186557053036e-07
3.542842599659090561e-07
3.571905406412585062e-07
3.599437152714707331e-07
3.626744208194381462e-07
3.653813839272111216e-07
3.680639408399609900e-07
3.707212697926355628e-07
3.733317932013273579e-07
3.759398697277919020e-07
3.785093821176589122e-07
3.810537758202253303e-07
3.835612996193041444e-07
3.860289662885056995e-07
3.884346430842665954e-07
3.908102415405484394e-07
3.931422928952664853e-07
3.954299753068374236e-07
3.978017718841859769e-07
3.999813187253238176e-07
4.020064478785936730e-07
4.041026469533188948e-07
4.061390104896909404e-07
4.081298125566689366e-07
4.100597621972740172e-07
4.117357662361361097e-07
4.134991559241274464e-07
4.152604649685132642e-07
4.170852159280468225e-07
4.187669825021958764e-07
4.203020509623725732e-07
4.232516256528271390e-07
4.231673237594987894e-07
4.244959709729723091e-07
4.257220901791030927e-07
4.268903351838091975e-07
4.279786124989122981e-07
4.290835658733651267e-07
4.300107918561422385e-07
4.307216495990970146e-07
4.314548085879690184e-07
4.321028198015736617e-07
4.327061192638436875e-07
4.331747681145508216e-07
4.335493564926832858e-07
4.338287154086110876e-07
4.340117278617920972e-07
4.341918126250218605e-07
4.340851728826330017e-07
4.339715694168506301e-07
4.337544988238027385e-07
4.334475799127540874e-07
4.330073447639460937e-07
4.324145595740276237e-07
4.311222299831579688e-07
4.310569332477157797e-07
4.302259309913915695e-07
4.292110366364581372e-07
4.281251403016842925e-07
4.269288948212064728e-07
4.256192827844293360e-07
4.241948893573250198e-07
4.226722202268856284e-07
4.210250092639910059e-07
4.192558860064673768e-07
4.175828992788957014e-07
4.153464992021226837e-07
4.131501530268427813e-07
4.110068211924775251e-07
4.086677742678671198e-07
4.062162248136458280e-07
4.036527286319964687e-07
4.009618830874409712e-07
3.981816628945126675e-07
3.952926536732021227e-07
3.922806342602167135e-07
3.891648936906968041e-07
3.859440983461028665e-07
3.826198245174880735e-07
3.792003425721149350e-07
3.756690225294826520e-07
3.720503478317201676e-07
3.683050490591471268e-07
3.644895069407901885e-07
3.605989107313520724e-07
3.566032030856607882e-07
3.525223192509908748e-07
3.483588026071318547e-07
3.441169333426585815e-07
3.398103476046036589e-07
3.354780632366772563e-07
3.310080890404780638e-07
3.264140386658765345e-07
3.218258138381755462e-07
3.171849318554008177e-07
3.124930359379090068e-07
3.077524293589602906e-07
3.029659370361561814e-07
2.981387953437410755e-07
2.932755375302402954e-07
2.883710447490317739e-07
2.834695495280926321e-07
2.785093648597904210e-07
2.734232099390438762e-07
2.685856182860301994e-07
2.636172047740783663e-07
2.586495090662304282e-07
2.536677125371893337e-07
2.486801601045322024e-07
2.437568289670593042e-07
2.388389015160952924e-07
2.339796505444793255e-07
2.291180233390787019e-07
2.242936381073680901e-07
2.195091461714176680e-07
2.147690037828543659e-07
2.100780255963833199e-07
2.054454448440553289e-07
2.009583472039689814e-07
1.968631793666993248e-07
1.918506196012207131e-07
1.874489022993298383e-07
1.831150775658815862e-07
1.788485944151550394e-07
1.746583410766159507e-07
1.705389514522302522e-07
1.664907323526003994e-07
1.624795792738049797e-07
1.586010581768697212e-07
1.547653135604211850e-07
1.510081545031205249e-07
1.473322025086585085e-07
1.437349744486368715e-07
1.403150416242838352e-07
1.364947156446580397e-07
1.333844259964098065e-07
1.299998673906535210e-07
1.268074030299759778e-07
1.236140512615905457e-07
1.204851596602426784e-07
1.174184400033684723e-07
1.144090753415348775e-07
1.114565673257067810e-07
1.085580511607562636e-07
1.058606975881752550e-07
1.028923274241981374e-07
9.983526932158613349e-08
9.737917079929625741e-08
9.470407633247214131e-08
9.207693563173634977e-08
8.949253366541525894e-08
8.694720897570669281e-08
8.443465996445538618e-08
8.195334848815937900e-08
7.950503773190773443e-08
7.708870296933884089e-08
7.470819103877697081e-08
7.247115573120100048e-08
7.018235166361534968e-08
6.792126720939990412e-08
6.569175422390815471e-08
6.350571876109871096e-08
6.138121031117039727e-08
5.933304792446145095e-08
5.736158740577479128e-08
5.545596390474344785e-08
5.360871350659634862e-08
5.181502311973996074e-08
5.007871974958616862e-08
4.838389355749598349e-08
4.672932268148784650e-08
4.512146120746129382e-08
4.357211609953649459e-08
4.208834843983421048e-08
4.067437620627208866e-08
3.923389398253863922e-08
3.803060864174191849e-08
3.677861258431019058e-08
3.555859893923620774e-08
3.436803065957250242e-08
3.321148931145036099e-08
3.208701448632516365e-08
3.099419604096829937e-08
2.999631497911782268e-08
2.891218662986909918e-08
2.792634023274038169e-08
2.697014820482691674e-08
2.603169267680424171e-08
2.511120734132748583e-08
2.419791396631995342e-08
2.335564319381431980e-08
2.250634075085586898e-08
2.169703075541194632e-08
2.091581042246728350e-08
2.016632188557895149e-08
1.944724047991092052e-08
1.872753079666698822e-08
1.805313691225875569e-08
1.742007147012193628e-08
1.682206959874326023e-08
1.624368876188279256e-08
1.567533055101172963e-08
1.511773875503523240e-08
1.458110487986343481e-08
1.406628334372911915e-08
1.356631342711892563e-08
1.308290426487312812e-08
1.261394923438481778e-08
1.216864663269433967e-08
1.174052988803705730e-08
1.132522233910857018e-08
1.091841272372868314e-08
1.052331778451290722e-08
1.015020165258399526e-08
9.791010545062557944e-09
9.443410788014636836e-09
9.116588402708104288e-09
8.799550518956954733e-09
8.489799495414998282e-09
8.188995689499319344e-09
7.900010689321991352e-09
7.623105512166755163e-09
7.358008598503845212e-09
7.102328409094641688e-09
6.854800462386937944e-09
6.615268847304965010e-09
6.384233600380686196e-09
6.162374805603024067e-09
5.949410258539094765e-09
5.744586989037914856e-09
5.547137752893188313e-09
5.356342513785190836e-09
5.172108581383068444e-09
4.994392094745534514e-09
4.823125858409521763e-09
4.658158452803754632e-09
4.499157530080468503e-09
4.345960076165596514e-09
4.198227346012618324e-09
4.055769195512137479e-09
3.918345201850671801e-09
3.785722880892307479e-09
3.657754037924015216e-09
3.534272874683752023e-09
3.415192072914667657e-09
3.300317560391065683e-09
3.189475863533304257e-09
3.082488770311224506e-09
2.979183263701878179e-09
2.879434441997433331e-09
2.783122054947069493e-09
2.690142599152359881e-09
2.600363595451960621e-09
2.513656717969832065e-09
2.429905236530829564e-09
2.348992043326932998e-09
2.270811431091333607e-09
