# cldesdes
1.737845494696090803e-06
1.856189567340888692e-06
1.986445708199377102e-06
2.129130661161160112e-06
2.285038853273119369e-06
2.454784590192834663e-06
2.638678084582944961e-06
2.837612754173097583e-06
3.051515827686546727e-06
3.280092694228607539e-06
3.523787956036624832e-06
3.781462779327872375e-06
4.051538823357480084e-06
4.332404059775859121e-06
4.622391616212774749e-06
4.918515019773701027e-06
5.216640601315140681e-06
5.511941991883210649e-06
5.798196160145677245e-06
6.069510258498024689e-06
6.319281607126986845e-06
6.536023532122717285e-06
6.712033733586317621e-06
6.838866492740281246e-06
6.908470899526377197e-06
6.912745919536451512e-06
6.845977811353052917e-06
6.707344397271608038e-06
6.500619629685564767e-06
6.231687525651290774e-06
5.909394622428565520e-06
5.547376542007858199e-06
5.160718848569254595e-06
4.764538356833718951e-06
4.370042006158842181e-06
3.985247147579851235e-06
3.613618821561985601e-06
3.255046283548086258e-06
2.910789780977750807e-06
2.586521350226809883e-06
2.288059555393688727e-06
2.012352396451687201e-06
1.750745852929226819e-06
1.506055269701369874e-06
1.292542291935568329e-06
1.114371628857005988e-06
9.619830192247364574e-07
8.278412722741186439e-07
7.109884864803656223e-07
6.129898256528741879e-07
5.307735473058379049e-07
4.609664561910279918e-07
4.027995067807619250e-07
3.538937611742538271e-07
3.127767159923473991e-07
2.782291760181206281e-07
2.489807224456615365e-07
2.240762473493871910e-07
2.027239894796210467e-07
1.842065346182791598e-07
1.680210468171582815e-07
1.537572101222590539e-07
1.410909738199541879e-07
1.297687467703154334e-07
1.195976916689873901e-07
1.104359162513343922e-07
1.021796982831547982e-07
9.476394351155984998e-08
8.809996305686386239e-08
8.201900769868132082e-08
