# clk
5.608538092435459236e-08
5.788917019338011433e-08
6.023502788814988699e-08
6.183721420812561210e-08
6.392672416625497043e-08
6.611682904892128532e-08
6.835261471378020493e-08
7.069971291491018921e-08
7.326289796242563125e-08
7.588309836195950901e-08
7.864686599811825647e-08
8.143145535242945109e-08
8.433204722914797091e-08
8.735886541671415874e-08
9.050713144356863181e-08
9.388488870156218604e-08
9.722165236366372621e-08
1.007358972155571860e-07
1.043398974313686446e-07
1.080985840125628292e-07
1.118571765872554699e-07
1.159154802357260235e-07
1.199914935989328881e-07
1.242230753225974155e-07
1.284195676306893493e-07
1.326958320992379684e-07
1.370607336013291204e-07
1.415466757674692656e-07
1.461861230780248162e-07
1.507373436613560281e-07
1.554278669373215747e-07
1.597358499598824089e-07
1.647951550863026459e-07
1.697611565153985221e-07
1.742551065859006653e-07
1.808500341125889419e-07
1.831314004676897139e-07
1.876241644833521772e-07
1.919349858110177446e-07
1.961842393633693771e-07
2.000695311114283326e-07
2.041740399707470011e-07
2.077241659813967289e-07
2.111869935615419464e-07
2.144460539289291421e-07
2.169490670071720372e-07
2.196523754005247677e-07
2.218061277458888540e-07
2.235710704096521852e-07
2.249956126897549768e-07
2.257232030388989930e-07
2.264845043441379260e-07
2.265016292406331695e-07
2.260177453482222665e-07
2.251254083120772426e-07
2.235119886208165258e-07
2.214827010721781650e-07
2.189096424269673300e-07
2.156802451238705995e-07
2.121902738143683199e-07
2.080392086783009280e-07
2.034066540458700949e-07
1.983185166060128275e-07
1.929314226155970410e-07
1.867392929361532699e-07
1.804996569086063707e-07
1.738892417374339813e-07
1.669955347316096723e-07
1.598932954183274696e-07
1.527344944986727161e-07
1.453220764624798770e-07
1.379457717565424849e-07
1.308016914701809213e-07
1.232156358687953238e-07
1.161965086930667694e-07
1.094940025403462010e-07
1.024884089604691831e-07
9.577562170907506168e-08
8.964509154295944056e-08
8.365869271521007257e-08
7.793139172853624116e-08
7.232555815325756880e-08
6.717771934931954481e-08
6.215616797789636237e-08
5.742828522747699580e-08
5.290177544170875998e-08
4.851684900872212833e-08
4.460305047676324290e-08
4.047949248006396904e-08
3.681819183530280871e-08
3.337903413091996160e-08
3.019970372311229216e-08
2.739891609900375104e-08
2.482702607322618978e-08
2.243879475842029485e-08
2.029784436610205996e-08
1.838535785270202644e-08
1.652958797073043982e-08
1.482734113877841131e-08
1.333936374680689806e-08
1.196790332010430283e-08
1.073640303675545163e-08
9.653219797052723450e-09
8.657923410922869602e-09
7.758341684125703046e-09
6.947657164165602299e-09
6.227376021865572395e-09
5.585565688094793160e-09
5.005163144939814299e-09
4.484481298620511107e-09
4.021083799845377099e-09
3.606156038543535557e-09
3.233718143843722463e-09
2.901221299760633822e-09
