0.000000000000000000e+00 0.000000000000000000e+00
3.006012024048096160e-03 0.000000000000000000e+00
6.012024048096192320e-03 0.000000000000000000e+00
9.018036072144288914e-03 0.000000000000000000e+00
1.202404809619238464e-02 0.000000000000000000e+00
1.503006012024048037e-02 0.000000000000000000e+00
1.803607214428857783e-02 0.000000000000000000e+00
2.104208416833667356e-02 0.000000000000000000e+00
2.404809619238476928e-02 0.000000000000000000e+00
2.705410821643286501e-02 0.000000000000000000e+00
3.006012024048096073e-02 0.000000000000000000e+00
3.306613226452905646e-02 0.000000000000000000e+00
3.607214428857715566e-02 0.000000000000000000e+00
3.907815631262524791e-02 6.238545358362447163e-06
4.208416833667334711e-02 1.254978544997846932e-05
4.509018036072143937e-02 1.887967512208550461e-05
4.809619238476953856e-02 1.970234829032240347e-05
5.110220440881763776e-02 2.051293314663828115e-05
5.410821643286573002e-02 2.132614481413984512e-05
5.711422845691382921e-02 2.222836893749961809e-05
6.012024048096192147e-02 2.313315126577446975e-05
6.312625250501001373e-02 2.404188512205685134e-05
6.613226452905811292e-02 2.509517463783624184e-05
6.913827655310621212e-02 2.615144172659258424e-05
7.214428857715431131e-02 2.721405164749262555e-05
7.515030060120241051e-02 2.848607497870952177e-05
7.815631262525049583e-02 2.976168679230493055e-05
8.116232464929859503e-02 3.104620672712648627e-05
8.416833667334669422e-02 3.257045362415781031e-05
8.717434869739479342e-02 3.409898902980848859e-05
9.018036072144287874e-02 3.563915269432725688e-05
9.318637274549097793e-02 3.743512157893255979e-05
9.619238476953907713e-02 3.923612618272973306e-05
9.919839679358717632e-02 4.105026468611184967e-05
1.022044088176352755e-01 4.309712625451177985e-05
1.052104208416833608e-01 4.514970121640102951e-05
1.082164328657314600e-01 4.721615020611188155e-05
1.112224448897795592e-01 4.948081335117182790e-05
1.142284569138276584e-01 5.175176413240861344e-05
1.172344689378757437e-01 5.403669304844089068e-05
1.202404809619238429e-01 5.648504030159340756e-05
1.232464929859719421e-01 5.894014484784587058e-05
1.262525050100200275e-01 6.141278159018008303e-05
1.292585170340681266e-01 6.408476705271904923e-05
1.322645290581162258e-01 6.676408682785076303e-05
1.352705410821643250e-01 6.947019137809010321e-05
1.382765531062124242e-01 7.249214886726542155e-05
1.412825651302605234e-01 7.552236727698284700e-05
1.442885771543086226e-01 7.859655036658403043e-05
1.472945891783567218e-01 8.219008364040478025e-05
1.503006012024048210e-01 8.579341615157183099e-05
1.533066132264528925e-01 8.948106131253890077e-05
1.563126252505009917e-01 9.396297338581123656e-05
1.593186372745490909e-01 9.845948557138645802e-05
1.623246492985971901e-01 1.030583699468633061e-04
1.653306613226452892e-01 1.087153573750164259e-04
1.683366733466933884e-01 1.143907389934310857e-04
1.713426853707414876e-01 1.201917310171574669e-04
1.743486973947895868e-01 1.271816846622221542e-04
1.773547094188376860e-01 1.341942964412092768e-04
1.803607214428857575e-01 1.413311498204689845e-04
1.833667334669338567e-01 1.495190760152053093e-04
1.863727454909819559e-01 1.577334123117267689e-04
1.893787575150300551e-01 1.660305593053994471e-04
1.923847695390781543e-01 1.748859200508868800e-04
1.953907815631262535e-01 1.837696342328115010e-04
1.983967935871743526e-01 1.926531162011447488e-04
2.014028056112224518e-01 2.013138537189018348e-04
2.044088176352705510e-01 2.100020252087852134e-04
2.074148296593186225e-01 2.185871998469983651e-04
2.104208416833667217e-01 2.261247359507054526e-04
2.134268537074148209e-01 2.336857624001564035e-04
2.164328657314629201e-01 2.410660865364889788e-04
2.194388777555110193e-01 2.468910191369014327e-04
2.224448897795591185e-01 2.527336375607126058e-04
2.254509018036072177e-01 2.583804848463029202e-04
2.284569138276553169e-01 2.624920053881954441e-04
2.314629258517034160e-01 2.666154892880605830e-04
2.344689378757514875e-01 2.705966719409547095e-04
2.374749498997995867e-01 2.735277453884296076e-04
2.404809619238476859e-01 2.764668609705753840e-04
2.434869739478957851e-01 2.793671768095204585e-04
2.464929859719438843e-01 2.819696945887919973e-04
2.494989979959919835e-01 2.845791230100596313e-04
2.525050100200400549e-01 2.872761622772978737e-04
2.555110220440881541e-01 2.904794168231812851e-04
2.585170340681362533e-01 2.936914338815652288e-04
2.615230460921843525e-01 2.971079897012001846e-04
2.645290581162324517e-01 3.016865397798527168e-04
2.675350701402805509e-01 3.062781389850930715e-04
2.705410821643286501e-01 3.111725947396620003e-04
2.735470941883767493e-01 3.177038816609705396e-04
2.765531062124248485e-01 3.242542694337824166e-04
2.795591182364729477e-01 3.311772629773313079e-04
2.825651302605210469e-01 3.400112410683076036e-04
2.855711422845691461e-01 3.488713874569759009e-04
2.885771543086172453e-01 3.581315183156363728e-04
2.915831663326653445e-01 3.693267523545879253e-04
2.945891783567134437e-01 3.805553059027860980e-04
2.975951903807615428e-01 3.921540010492746264e-04
3.006012024048096420e-01 4.054295940932914452e-04
3.036072144288576857e-01 4.187646498442158371e-04
3.066132264529057849e-01 4.324395148659683388e-04
3.096192384769538841e-01 4.471548722015861372e-04
3.126252505010019833e-01 4.619203683708830005e-04
3.156312625250500825e-01 4.767266028011335152e-04
3.186372745490981817e-01 4.915408199783546928e-04
3.216432865731462809e-01 5.064049915556392573e-04
3.246492985971943801e-01 5.210360657658616185e-04
3.276553106212424793e-01 5.344971277052308189e-04
3.306613226452905785e-01 5.480027960519026891e-04
3.336673346693386777e-01 5.610001332155075023e-04
3.366733466933867769e-01 5.717493626953317528e-04
3.396793587174348761e-01 5.825331271358373270e-04
3.426853707414829753e-01 5.926134458561861445e-04
3.456913827655310745e-01 5.997879440634918324e-04
3.486973947895791737e-01 6.069840276068497230e-04
3.517034068136272729e-01 6.133906600624457889e-04
3.547094188376753721e-01 6.167045894226116671e-04
3.577154308617234157e-01 6.200263577044440571e-04
3.607214428857715149e-01 6.226072756770120991e-04
3.637274549098196141e-01 6.224286870326284447e-04
3.667334669338677133e-01 6.222456886991945728e-04
3.697394789579158125e-01 6.214958257184405744e-04
3.727454909819639117e-01 6.187348186882623809e-04
3.757515030060120109e-01 6.159604984481461794e-04
3.787575150300601101e-01 6.128919310283124531e-04
3.817635270541082093e-01 6.088437327664351743e-04
3.847695390781563085e-01 6.047779213458531538e-04
3.877755511022044077e-01 6.007201189799517673e-04
3.907815631262525069e-01 5.967297308517424594e-04
3.937875751503006061e-01 5.927221090670281491e-04
3.967935871743487053e-01 5.889913921872979088e-04
3.997995991983968045e-01 5.861875248375473949e-04
4.028056112224449037e-01 5.833706488615921079e-04
4.058116232464930029e-01 5.809633188686109733e-04
4.088176352705411021e-01 5.798531407990487095e-04
4.118236472945892013e-01 5.787358362620474922e-04
4.148296593186372450e-01 5.779767027429116161e-04
4.178356713426853442e-01 5.783071776186293495e-04
4.208416833667334433e-01 5.786354640858479628e-04
4.238476953907815425e-01 5.791185290307316507e-04
4.268537074148296417e-01 5.800559658072200085e-04
4.298597194388777409e-01 5.809932759155524758e-04
4.328657314629258401e-01 5.818618176005861155e-04
4.358717434869739393e-01 5.825370455716431892e-04
4.388777555110220385e-01 5.832112714285365854e-04
4.418837675350701377e-01 5.836483394110385334e-04
4.448897795591182369e-01 5.834398764920385033e-04
4.478957915831663361e-01 5.832274815420828654e-04
4.509018036072144353e-01 5.827748080021528032e-04
4.539078156312625345e-01 5.816934459154413876e-04
4.569138276553106337e-01 5.807015645619950086e-04
4.599198396793587329e-01 5.796511865566466876e-04
4.629258517034068321e-01 5.783962222029684916e-04
4.659318637274549313e-01 5.771325959123191135e-04
4.689378757515029750e-01 5.760297720448268695e-04
4.719438877755510742e-01 5.753399078424061919e-04
4.749498997995991734e-01 5.746435629518356538e-04
4.779559118236472726e-01 5.743253865389729091e-04
4.809619238476953718e-01 5.749287950348502861e-04
4.839679358717434710e-01 5.755305403516375535e-04
4.869739478957915702e-01 5.766589912869407369e-04
4.899799599198396693e-01 5.790245035943333667e-04
4.929859719438877685e-01 5.813948021736617486e-04
4.959919839679358677e-01 5.843083696009542969e-04
4.989979959919839669e-01 5.884538102831940150e-04
5.020040080160320661e-01 5.926104459713444142e-04
5.050100200400801098e-01 5.972710872098851683e-04
5.080160320641282645e-01 6.030331400656706482e-04
5.110220440881763082e-01 6.088121028795103829e-04
5.140280561122244629e-01 6.149436583854992876e-04
5.170340681362725066e-01 6.218132865541685546e-04
5.200400801603206613e-01 6.287036194496884714e-04
5.230460921843687050e-01 6.357146227909990076e-04
5.260521042084168597e-01 6.429552697763017341e-04
5.290581162324649034e-01 6.502177247050593351e-04
5.320641282565130581e-01 6.573063939702474554e-04
5.350701402805611018e-01 6.640196341416695815e-04
5.380761523046092565e-01 6.707525763369523832e-04
5.410821643286573002e-01 6.770353300309179439e-04
5.440881763527054549e-01 6.824088518136037186e-04
5.470941883767534986e-01 6.877971329483452325e-04
5.501002004008015422e-01 6.925499818670866449e-04
5.531062124248496970e-01 6.960661065390636630e-04
5.561122244488977406e-01 6.995903065921117671e-04
5.591182364729458953e-01 7.024934423061307380e-04
5.621242484969939390e-01 7.042270772351452322e-04
5.651302605210420937e-01 7.059624707090231656e-04
5.681362725450901374e-01 7.072532188636207213e-04
5.711422845691382921e-01 7.077318468846589350e-04
5.741482965931863358e-01 7.082078501479704448e-04
5.771543086172344905e-01 7.085292489555967575e-04
5.801603206412825342e-01 7.085784546393395942e-04
5.831663326653306889e-01 7.086235770331340790e-04
5.861723446893787326e-01 7.087885849446438468e-04
5.891783567134268873e-01 7.091637782269370619e-04
5.921843687374749310e-01 7.095360524472734982e-04
5.951903807615230857e-01 7.102178881125852843e-04
5.981963927855711294e-01 7.114224502474115856e-04
6.012024048096192841e-01 7.126269633369831588e-04
6.042084168336673278e-01 7.142150390751386647e-04
6.072144288577153715e-01 7.164806027489725032e-04
6.102204408817635262e-01 7.188276609207096615e-04
6.132264529058115698e-01 7.216369970662884744e-04
6.162324649298597246e-01 7.251823991455204517e-04
6.192384769539077682e-01 7.287360048819833914e-04
6.222444889779559229e-01 7.328002077792637693e-04
6.252505010020039666e-01 7.376539282933592886e-04
6.282565130260521213e-01 7.425206237099008779e-04
6.312625250501001650e-01 7.478857950709460372e-04
6.342685370741483197e-01 7.540002964072938961e-04
6.372745490981963634e-01 7.601322887755974618e-04
6.402805611222445181e-01 7.665562105329342367e-04
6.432865731462925618e-01 7.734030523928530580e-04
6.462925851703407165e-01 7.802698842737208632e-04
6.492985971943887602e-01 7.869592183935916752e-04
6.523046092184369149e-01 7.933839416706949151e-04
6.553106212424849586e-01 7.998268926911464901e-04
6.583166332665331133e-01 8.054159725974505742e-04
6.613226452905811570e-01 8.097988251525469047e-04
6.643286573146292007e-01 8.141922833689698227e-04
6.673346693386773554e-01 8.170823104574254005e-04
6.703406813627253991e-01 8.179088209141404872e-04
6.733466933867735538e-01 8.187329630692520262e-04
6.763527054108215975e-01 8.176672947526565302e-04
6.793587174348697522e-01 8.140795801893284346e-04
6.823647294589177958e-01 8.104736483265801697e-04
6.853707414829659506e-01 8.050788985011655919e-04
6.883767535070139942e-01 7.973592216476066072e-04
6.913827655310621489e-01 7.896067433958579894e-04
6.943887775551101926e-01 7.805884677280630147e-04
6.973947895791583473e-01 7.699717772171882227e-04
7.004008016032063910e-01 7.593123285187385225e-04
7.034068136272545457e-01 7.481243321571714186e-04
7.064128256513025894e-01 7.362915201030038794e-04
7.094188376753507441e-01 7.244121001451065247e-04
7.124248496993987878e-01 7.126411974790532611e-04
7.154308617234468315e-01 7.010113446204561689e-04
7.184368737474949862e-01 6.893360904939642387e-04
7.214428857715430299e-01 6.781418566780391061e-04
7.244488977955911846e-01 6.675230278254806878e-04
7.274549098196392283e-01 6.568628148249306461e-04
7.304609218436873830e-01 6.467340478698701146e-04
7.334669338677354267e-01 6.372233568124037548e-04
7.364729458917835814e-01 6.276755739901553836e-04
7.394789579158316251e-01 6.185747402359987896e-04
7.424849699398797798e-01 6.099800957390501353e-04
7.454909819639278235e-01 6.013519192642971392e-04
7.484969939879759782e-01 5.930379920693853351e-04
7.515030060120240218e-01 5.850716179081834377e-04
7.545090180360721765e-01 5.770742242882667900e-04
7.575150300601202202e-01 5.693802250885296023e-04
7.605210420841683749e-01 5.620934634309862404e-04
7.635270541082164186e-01 5.547772940212479997e-04
7.665330661322645733e-01 5.478576833989302289e-04
7.695390781563126170e-01 5.413532438730617787e-04
7.725450901803606607e-01 5.348209372400371860e-04
7.755511022044088154e-01 5.289382348479134245e-04
7.785571142284568591e-01 5.237169773753587313e-04
7.815631262525050138e-01 5.184728842841142141e-04
7.845691382765530575e-01 5.140860858396164180e-04
7.875751503006012122e-01 5.105496199418335527e-04
7.905811623246492559e-01 5.069967372582997751e-04
7.935871743486974106e-01 5.044151878098151456e-04
7.965931863727454543e-01 5.027739722694751952e-04
7.995991983967936090e-01 5.011234198117889760e-04
8.026052104208416527e-01 5.003709546576435001e-04
8.056112224448898074e-01 5.004661561963306927e-04
8.086172344689378511e-01 5.005584100778293468e-04
8.116232464929860058e-01 5.012853756005642911e-04
8.146292585170340494e-01 5.025973568569932007e-04
8.176352705410822042e-01 5.039108045970837205e-04
8.206412825651302478e-01 5.054410577226388715e-04
8.236472945891784025e-01 5.071663686272682254e-04
8.266533066132264462e-01 5.088946108676177440e-04
8.296593186372744899e-01 5.103960895695688676e-04
8.326653306613226446e-01 5.116989046069135658e-04
8.356713426853706883e-01 5.130031143054787591e-04
8.386773547094188430e-01 5.136408881956230563e-04
8.416833667334668867e-01 5.137086252793111657e-04
8.446893787575150414e-01 5.137733650885468800e-04
8.476953907815630851e-01 5.129108201489606745e-04
8.507014028056112398e-01 5.112732499128908601e-04
8.537074148296592835e-01 5.096267025246118375e-04
8.567134268537074382e-01 5.070077255101443315e-04
8.597194388777554819e-01 5.035952951313486326e-04
8.627254509018036366e-01 5.001677582542830760e-04
8.657314629258516803e-01 4.959277750721854255e-04
8.687374749498998350e-01 4.910390042012613811e-04
8.717434869739478787e-01 4.861301350741797965e-04
8.747494989979960334e-01 4.806762703812414070e-04
8.777555110220440771e-01 4.747951612891540942e-04
8.807615230460921207e-01 4.688907196976706726e-04
8.837675350701402754e-01 4.627538923852393183e-04
8.867735470941883191e-01 4.564356944469334328e-04
8.897795591182364738e-01 4.500928967914914628e-04
8.927855711422845175e-01 4.438015197518948587e-04
8.957915831663326722e-01 4.375416236323626602e-04
8.987975951903807159e-01 4.312575814610560021e-04
9.018036072144288706e-01 4.252040979112792804e-04
9.048096192384769143e-01 4.193095594468253251e-04
9.078156312625250690e-01 4.133923707014180234e-04
9.108216432865731127e-01 4.077676716114321184e-04
9.138276553106212674e-01 4.023411713080047442e-04
9.168336673346693111e-01 3.968921587481102865e-04
9.198396793587174658e-01 3.916619938546455704e-04
9.228456913827655095e-01 3.865743023937224100e-04
9.258517034068136642e-01 3.814655712596630487e-04
9.288577154308617079e-01 3.764651186301416069e-04
9.318637274549098626e-01 3.715298519139469927e-04
9.348697394789579063e-01 3.665743224166398179e-04
9.378757515030059499e-01 3.616482596361122559e-04
9.408817635270541047e-01 3.567342286294438716e-04
9.438877755511021483e-01 3.518002288907289476e-04
9.468937875751503030e-01 3.468645616234175360e-04
9.498997995991983467e-01 3.419204992334625185e-04
9.529058116232465014e-01 3.369565746360245456e-04
9.559118236472945451e-01 3.320311368842557135e-04
9.589178356713426998e-01 3.271218149724793543e-04
9.619238476953907435e-01 3.221929654022554325e-04
9.649298597194388982e-01 3.173756674061855502e-04
9.679358717434869419e-01 3.126175231586952982e-04
9.709418837675350966e-01 3.078405912636378024e-04
9.739478957915831403e-01 3.033133429217786886e-04
9.769539078156312950e-01 2.989243828460909293e-04
9.799599198396793387e-01 2.945181284846232921e-04
9.829659318637274934e-01 2.904643459008139487e-04
9.859719438877755371e-01 2.866037995575614018e-04
9.889779559118236918e-01 2.827279846629604672e-04
9.919839679358717355e-01 2.792530954986696050e-04
9.949899799599197792e-01 2.759938241985526535e-04
9.979959919839679339e-01 2.727215314256308974e-04
1.001002004008016089e+00 2.697775040349633595e-04
1.004008016032064132e+00 2.670046254013947276e-04
1.007014028056112176e+00 2.642205405429860917e-04
1.010020040080160220e+00 2.615704289689534893e-04
1.013026052104208485e+00 2.589854139050312763e-04
1.016032064128256529e+00 2.563899537982159056e-04
1.019038076152304573e+00 2.536917261506052568e-04
1.022044088176352616e+00 2.509358754626794374e-04
1.025050100200400882e+00 2.481691027657608145e-04
1.028056112224448926e+00 2.451427987783776487e-04
1.031062124248496970e+00 2.419818974009579600e-04
1.034068136272545013e+00 2.388088076439350959e-04
1.037074148296593279e+00 2.353450466056082656e-04
1.040080160320641323e+00 2.317342654145445777e-04
1.043086172344689366e+00 2.281098970562826572e-04
1.046092184368737410e+00 2.243421290084680940e-04
1.049098196392785454e+00 2.204997126624141392e-04
1.052104208416833719e+00 2.166430664419173764e-04
1.055110220440881763e+00 2.128508259343621053e-04
1.058116232464929807e+00 2.090802799899623104e-04
1.061122244488977850e+00 2.052995466253448832e-04
1.064128256513026116e+00 2.017835858625245118e-04
1.067134268537074160e+00 1.983691470984054212e-04
1.070140280561122204e+00 1.949413406618120080e-04
1.073146292585170247e+00 1.918628174193809084e-04
1.076152304609218513e+00 1.889276359017779869e-04
1.079158316633266557e+00 1.859809150186687767e-04
1.082164328657314600e+00 1.834418354756869049e-04
1.085170340681362644e+00 1.810669715259116306e-04
1.088176352705410910e+00 1.786826515419537656e-04
1.091182364729458953e+00 1.767044978385270970e-04
1.094188376753506997e+00 1.748859093772614851e-04
1.097194388777555041e+00 1.730599014526015410e-04
1.100200400801603084e+00 1.715908452215572427e-04
1.103206412825651350e+00 1.702582688176870317e-04
1.106212424849699394e+00 1.689200342584365575e-04
1.109218436873747438e+00 1.678657378051889935e-04
1.112224448897795481e+00 1.669166234201520621e-04
1.115230460921843747e+00 1.659632313204486729e-04
1.118236472945891791e+00 1.651742190580957200e-04
1.121242484969939834e+00 1.644435667601590247e-04
1.124248496993987878e+00 1.637094299907865486e-04
1.127254509018036144e+00 1.629089253934329633e-04
1.130260521042084187e+00 1.620822842496273057e-04
1.133266533066132231e+00 1.612518667889783802e-04
1.136272545090180275e+00 1.600252924008343939e-04
1.139278557114228541e+00 1.586581439935385261e-04
1.142284569138276584e+00 1.572854229351815149e-04
1.145290581162324628e+00 1.551528571966462463e-04
1.148296593186372672e+00 1.527603462194100691e-04
1.151302605210420937e+00 1.503588560559135335e-04
1.154308617234468981e+00 1.469429288846240615e-04
1.157314629258517025e+00 1.431896165159440100e-04
1.160320641282565068e+00 1.394228428022057048e-04
1.163326653306613112e+00 1.345680053585896331e-04
1.166332665330661378e+00 1.293599479175383874e-04
1.169338677354709422e+00 1.241337003619826949e-04
1.172344689378757465e+00 1.179860593465692899e-04
1.175350701402805509e+00 1.115444636650423429e-04
1.178356713426853775e+00 1.050807558230663962e-04
1.181362725450901818e+00 9.813474814164536118e-05
1.184368737474949862e+00 9.103103736885050296e-05
1.187374749498997906e+00 8.390324233391908504e-05
1.190380761523046171e+00 7.692108293858874047e-05
1.193386773547094215e+00 6.996315627643156815e-05
1.196392785571142259e+00 6.298186350861466830e-05
1.199398797595190302e+00 5.669991267049003257e-05
1.202404809619238568e+00 5.059325559431214204e-05
1.205410821643286612e+00 4.446625220775561328e-05
1.208416833667334656e+00 3.936421657472546356e-05
1.211422845691382699e+00 3.451852606400431948e-05
1.214428857715430743e+00 2.965880504385325894e-05
1.217434869739479009e+00 2.591250593219299943e-05
1.220440881763527052e+00 2.243721128043826621e-05
1.223446893787575096e+00 1.894986362146905773e-05
1.226452905811623140e+00 1.645362048171986066e-05
1.229458917835671405e+00 1.419161363993054767e-05
1.232464929859719449e+00 1.192180470525136926e-05
1.235470941883767493e+00 1.039117748075605332e-05
1.238476953907815536e+00 9.029257955141879019e-06
1.241482965931863802e+00 7.662662295989667837e-06
1.244488977955911846e+00 6.835607443787147967e-06
1.247494989979959890e+00 6.127259185308531160e-06
1.250501002004007933e+00 5.416483130332425007e-06
1.253507014028056199e+00 5.075260833374066733e-06
1.256513026052104243e+00 4.812435926694116353e-06
1.259519038076152286e+00 4.548700501591125002e-06
1.262525050100200330e+00 4.503232131496929791e-06
1.265531062124248374e+00 4.502546708456765174e-06
1.268537074148296639e+00 4.501833857115305041e-06
1.271543086172344683e+00 4.588932371280671166e-06
1.274549098196392727e+00 4.693511569095621522e-06
1.277555110220440771e+00 4.798412817746949115e-06
1.280561122244489036e+00 4.917989260996216383e-06
1.283567134268537080e+00 5.040625934135028824e-06
1.286573146292585124e+00 5.163641075774985194e-06
1.289579158316633167e+00 5.250118180858786608e-06
1.292585170340681433e+00 5.330242244272367412e-06
1.295591182364729477e+00 5.410601407411329408e-06
1.298597194388777520e+00 5.436239056722945952e-06
1.301603206412825564e+00 5.452572524281663831e-06
1.304609218436873830e+00 5.468930285478671783e-06
1.307615230460921874e+00 5.430508951568411518e-06
1.310621242484969917e+00 5.383072551515613760e-06
1.313627254509017961e+00 5.335452794052324255e-06
1.316633266533066227e+00 5.252284279478573538e-06
1.319639278557114270e+00 5.163384492546720433e-06
1.322645290581162314e+00 5.074168923407909552e-06
1.325651302605210358e+00 4.974887105914551348e-06
1.328657314629258401e+00 4.873837491079556276e-06
1.331663326653306667e+00 4.772436010322225107e-06
1.334669338677354711e+00 4.680541855498003930e-06
1.337675350701402754e+00 4.589682417031045803e-06
1.340681362725450798e+00 4.498507161266317572e-06
1.343687374749499064e+00 4.434570930297965937e-06
1.346693386773547108e+00 4.373969292248554999e-06
1.349699398797595151e+00 4.313151386484204794e-06
1.352705410821643195e+00 4.291830087806851943e-06
1.355711422845691461e+00 4.275250764248608487e-06
1.358717434869739504e+00 4.258597000716021832e-06
1.361723446893787548e+00 4.282485917993235625e-06
1.364729458917835592e+00 4.311184247720102985e-06
1.367735470941883857e+00 4.340160815773385357e-06
1.370741482965931901e+00 4.378644210184248258e-06
1.373747494989979945e+00 4.418234402452298195e-06
1.376753507014027988e+00 4.457931330532239144e-06
1.379759519038076032e+00 4.476365305695479976e-06
1.382765531062124298e+00 4.492727803333627161e-06
1.385771543086172342e+00 4.509119855297039502e-06
1.388777555110220385e+00 4.489442652049431026e-06
1.391783567134268429e+00 4.466376128169267609e-06
1.394789579158316695e+00 4.443210268918063072e-06
1.397795591182364738e+00 4.369468640030552485e-06
1.400801603206412782e+00 4.291206870622031593e-06
1.403807615230460826e+00 4.212667588102597793e-06
1.406813627254509091e+00 4.077134677432171251e-06
1.409819639278557135e+00 3.936777888151639636e-06
1.412825651302605179e+00 3.795945713985845196e-06
1.415831663326653223e+00 3.623466772289773648e-06
1.418837675350701488e+00 3.448241951024813515e-06
1.421843687374749532e+00 3.272434252789310140e-06
1.424849699398797576e+00 3.100117936527649036e-06
1.427855711422845619e+00 2.927487615127658025e-06
1.430861723446893663e+00 2.754288309745822127e-06
1.433867735470941929e+00 2.610981230978801588e-06
1.436873747494989972e+00 2.468898175184066224e-06
1.439879759519038016e+00 2.326348817812885680e-06
1.442885771543086060e+00 2.222241619625730312e-06
1.445891783567134325e+00 2.119698843957920936e-06
1.448897795591182369e+00 2.016819477363459017e-06
1.451903807615230413e+00 1.951193434687392390e-06
1.454909819639278457e+00 1.886945134680858129e-06
1.457915831663326722e+00 1.822484184095245819e-06
1.460921843687374766e+00 1.789291584300066641e-06
1.463927855711422810e+00 1.757106051922686870e-06
1.466933867735470853e+00 1.724810499554590013e-06
1.469939879759519119e+00 1.713291524960645192e-06
1.472945891783567163e+00 1.702330324820556479e-06
1.475951903807615206e+00 1.691326435099525607e-06
1.478957915831663250e+00 1.692379757740882391e-06
1.481963927855711516e+00 1.693700585543790795e-06
1.484969939879759560e+00 1.695017308579300625e-06
1.487975951903807603e+00 1.701795342608882007e-06
1.490981963927855647e+00 1.708675176339978480e-06
1.493987975951903691e+00 1.715568146786384541e-06
1.496993987975951956e+00 1.723000572755622231e-06
1.500000000000000000e+00 1.730452900930332945e-06
