1.000000000000000000e+00 9.530483803142539845e-01
1.023292992280754099e+00 9.535239332652792887e-01
1.047128548050899610e+00 9.539170363524356322e-01
1.071519305237606412e+00 9.543087817072540835e-01
1.096478196143185091e+00 9.546960303319426133e-01
1.122018454301963342e+00 9.550767484517567185e-01
1.148153621496882826e+00 9.554494842361671569e-01
1.174897554939529520e+00 9.558853665861408722e-01
1.202264434617412947e+00 9.562298979797203557e-01
1.230268770812381618e+00 9.565745213670562297e-01
1.258925411794167282e+00 9.567895971561202195e-01
1.288249551693134043e+00 9.571078677174524874e-01
1.318256738556407015e+00 9.574500302366393267e-01
1.348962882591653534e+00 9.578650758276405774e-01
1.380384264602884770e+00 9.591993351403245160e-01
1.412537544622754382e+00 9.577300360212979147e-01
1.445439770745927444e+00 9.582303033886347965e-01
1.479108388168207444e+00 9.585512458725253815e-01
1.513561248436208206e+00 9.588235046494976155e-01
1.548816618912481458e+00 9.590703973709557850e-01
1.584893192461113598e+00 9.593020515474264265e-01
1.621810097358930003e+00 9.595258843358830392e-01
1.659586907437560654e+00 9.597460339930755646e-01
1.698243652461744357e+00 9.599636496516007478e-01
1.737800828749375359e+00 9.601793621503813547e-01
1.778279410038922759e+00 9.610470377648595575e-01
1.819700858609983429e+00 9.613234726777530881e-01
1.862087136662867515e+00 9.621982591458492218e-01
1.905460717963247230e+00 9.540345124500295704e-01
1.949844599758045138e+00 9.617787810121427583e-01
1.995262314968879513e+00 9.616846313792096757e-01
2.041737944669529181e+00 9.618517843903996445e-01
2.089296130854039646e+00 9.620105333914291679e-01
2.137962089502232210e+00 9.615184465277142323e-01
2.187761623949552536e+00 9.617101823218326961e-01
2.238721138568339875e+00 9.619091126475871611e-01
2.290867652767773155e+00 9.621176351511507852e-01
2.344228815319921999e+00 9.623358868261423504e-01
2.398832919019490362e+00 9.625628892771886935e-01
2.454708915685030579e+00 9.626938059654448487e-01
2.511886431509580131e+00 9.630315001941508468e-01
2.570395782768863935e+00 9.632933112155503963e-01
2.630267991895381741e+00 9.637223328932040811e-01
2.691534803926915576e+00 9.635069394506357021e-01
2.754228703338166273e+00 9.634452911394552066e-01
2.818382931264453717e+00 9.631926571571897133e-01
2.884031503126605944e+00 9.598366664225477241e-01
2.951209226666386076e+00 9.652401517767473793e-01
3.019951720402016093e+00 9.643625817821661617e-01
3.090295432513590512e+00 9.644581933926684725e-01
3.162277660168379523e+00 9.647416775662290833e-01
3.235936569296282705e+00 9.648076972809914720e-01
3.311311214825911176e+00 9.645046795491393210e-01
3.388441561392025569e+00 9.644502711171351050e-01
3.467368504525316641e+00 9.646755539353434328e-01
3.548133892335755046e+00 9.648292213747328150e-01
3.630780547701013994e+00 9.649233933336252012e-01
3.715352290971726035e+00 9.649936755750679884e-01
3.801893963205611460e+00 9.651827177762283272e-01
3.890451449942805784e+00 9.654183284885929917e-01
3.981071705534972249e+00 9.654175063477363761e-01
4.073802778041127226e+00 9.654983406433901294e-01
4.168693834703353751e+00 9.661355700319670392e-01
4.265795188015927053e+00 9.662294972069318533e-01
4.365158322401660129e+00 9.656087741865960750e-01
4.466835921509631824e+00 9.656307756820944332e-01
4.570881896148750734e+00 9.658666354874562154e-01
4.677351412871982639e+00 9.656520508137126368e-01
4.786300923226384008e+00 9.661111121015496517e-01
4.897788193684462499e+00 9.644752437742222240e-01
5.011872336272723771e+00 9.645321932259138809e-01
5.128613839913648498e+00 9.643471060994659450e-01
5.248074602497725394e+00 9.649292836821413699e-01
5.370317963702526676e+00 9.650975415419932313e-01
5.495408738576245788e+00 9.646846416714216499e-01
5.623413251903491172e+00 9.651679419720717856e-01
5.754399373371569482e+00 9.651537162966025152e-01
5.888436553555889574e+00 9.651652911293640003e-01
6.025595860743577781e+00 9.650365280716699523e-01
6.165950018614822170e+00 9.650108288975913773e-01
6.309573444801933384e+00 9.650119856588256217e-01
6.456542290346556356e+00 9.650069347706410339e-01
6.606934480075961069e+00 9.651173870851450509e-01
6.760829753919819218e+00 9.649438480619304537e-01
6.918309709189363943e+00 9.649151460403914138e-01
7.079457843841378661e+00 9.648790044128635612e-01
7.244359600749900707e+00 9.649641852461469105e-01
7.413102413009174718e+00 9.647908120592371128e-01
7.585775750291837483e+00 9.648071520598582307e-01
7.762471166286917246e+00 9.629538996475742740e-01
7.943282347242815788e+00 9.656671363052046209e-01
8.128305161640993148e+00 9.644907800471159698e-01
8.317637711026710789e+00 9.643556634339169875e-01
8.511380382023766344e+00 9.634243319780990689e-01
8.709635899560806749e+00 9.639533928087611336e-01
8.912509381337455849e+00 9.657814665118561459e-01
9.120108393559096527e+00 9.639096423471954500e-01
9.332543007969910320e+00 9.634892587918003626e-01
9.549925860214358408e+00 9.634753659642240065e-01
9.772372209558106704e+00 9.632383172453171660e-01
1.000000000000000000e+01 9.630136827400362920e-01
1.023292992280754099e+01 9.627429414761253801e-01
1.047128548050899610e+01 9.617158040539240949e-01
1.071519305237606545e+01 9.616779521794646124e-01
1.096478196143185180e+01 9.616315426974783032e-01
1.122018454301963608e+01 9.621850292633359336e-01
1.148153621496882870e+01 9.620211313092010830e-01
1.174897554939529698e+01 9.618147877855357519e-01
1.202264434617413080e+01 9.616299413998388168e-01
1.230268770812381796e+01 9.615456606253146576e-01
1.258925411794167459e+01 9.608239333740545840e-01
1.288249551693134265e+01 9.605634163357797961e-01
1.318256738556407370e+01 9.601608355962492070e-01
1.348962882591654022e+01 9.576614569562710289e-01
1.380384264602885303e+01 9.612021713256431177e-01
1.412537544622754737e+01 9.605673390818388890e-01
1.445439770745927177e+01 9.600886383059406004e-01
1.479108388168207178e+01 9.597835179005412831e-01
1.513561248436207940e+01 9.594441051757799377e-01
1.548816618912481147e+01 9.590534458150221653e-01
1.584893192461113287e+01 9.588667203303465891e-01
1.621810097358929781e+01 9.583266312992712033e-01
1.659586907437560654e+01 9.584562809162098240e-01
1.698243652461744446e+01 9.576707422446578688e-01
1.737800828749375270e+01 9.574494264532515952e-01
1.778279410038922848e+01 9.590941288380173679e-01
1.819700858609983385e+01 9.572684036309314637e-01
1.862087136662867692e+01 9.584359788531097157e-01
1.905460717963247319e+01 9.557945203521558408e-01
1.949844599758045405e+01 9.555938237471496288e-01
1.995262314968879735e+01 9.551018017852295205e-01
2.041737944669529625e+01 9.549470773917612121e-01
2.089296130854039646e+01 9.545880767956399504e-01
2.137962089502232388e+01 9.528313421612193412e-01
2.187761623949553069e+01 9.524117412046636533e-01
2.238721138568340052e+01 9.532850142890595402e-01
2.290867652767773421e+01 9.527162189359458244e-01
2.344228815319922532e+01 9.522071021864718654e-01
2.398832919019491072e+01 9.518708035798896239e-01
2.454708915685031201e+01 9.514117952850169591e-01
2.511886431509580930e+01 9.511177686754556104e-01
2.570395782768863313e+01 9.506062286677313677e-01
2.630267991895381385e+01 9.502408406411778641e-01
2.691534803926915487e+01 9.496756158519833457e-01
2.754228703338166184e+01 9.490434317389957464e-01
2.818382931264453362e+01 9.485322265052684720e-01
2.884031503126605855e+01 9.480654608025385066e-01
2.951209226666385632e+01 9.474980451082252175e-01
3.019951720402016093e+01 9.468854968471783762e-01
3.090295432513590512e+01 9.457405249464151398e-01
3.162277660168379256e+01 9.458655632691450599e-01
3.235936569296282528e+01 9.450826152188896989e-01
3.311311214825911264e+01 9.444633781000613126e-01
3.388441561392025392e+01 9.438410896847144738e-01
3.467368504525316553e+01 9.430829604987021053e-01
3.548133892335754780e+01 9.432603160732059289e-01
3.630780547701014171e+01 9.426513794567858984e-01
3.715352290971726035e+01 9.411104991702868849e-01
3.801893963205612437e+01 9.403286064815812306e-01
3.890451449942806761e+01 9.394850145607870351e-01
3.981071705534973404e+01 9.394310266441803225e-01
4.073802778041127937e+01 9.380981466310694961e-01
4.168693834703355350e+01 9.372356129947706505e-01
4.265795188015927408e+01 9.363176998612103841e-01
4.365158322401661195e+01 9.357200146443039879e-01
4.466835921509632357e+01 9.349121223875483944e-01
4.570881896148751622e+01 9.340871620521492558e-01
4.677351412871981040e+01 9.323034125873242983e-01
4.786300923226382764e+01 9.320323603140207025e-01
4.897788193684461078e+01 9.317240302275912045e-01
5.011872336272722350e+01 9.315617869945177487e-01
5.128613839913648320e+01 9.308980141240319472e-01
5.248074602497725749e+01 9.305771974529950530e-01
5.370317963702527209e+01 9.300569645952808662e-01
5.495408738576245611e+01 9.266470034879134010e-01
5.623413251903490817e+01 9.255839515247253901e-01
5.754399373371569482e+01 9.245719630845861126e-01
5.888436553555889930e+01 9.235099746575997637e-01
6.025595860743577958e+01 9.226309511000565511e-01
6.165950018614822170e+01 9.217605150559718963e-01
6.309573444801932851e+01 9.202740961949809062e-01
6.456542290346556001e+01 9.191863756632276949e-01
6.606934480075960892e+01 9.180674314238049805e-01
6.760829753919819041e+01 9.167844134663123423e-01
6.918309709189365719e+01 9.171260006765309392e-01
7.079457843841380793e+01 9.144913520583510813e-01
7.244359600749902484e+01 9.133477214685072898e-01
7.413102413009177383e+01 9.118805663048024091e-01
7.585775750291840325e+01 9.105972445251563352e-01
7.762471166286920266e+01 9.093114067962452252e-01
7.943282347242816854e+01 9.075188544743008068e-01
8.128305161640994925e+01 9.067203041624102289e-01
8.317637711026708303e+01 9.052938336071429948e-01
8.511380382023763502e+01 9.039483019644457551e-01
8.709635899560805683e+01 9.026557831483106309e-01
8.912509381337454784e+01 9.006445669275130461e-01
9.120108393559097237e+01 8.998550826983938711e-01
9.332543007969910320e+01 8.986016318463032615e-01
9.549925860214358408e+01 8.967468004281087257e-01
9.772372209558106704e+01 8.954607144597326318e-01
1.000000000000000000e+02 8.939981472001765628e-01
1.023292992280754703e+02 8.925690313008158849e-01
1.047128548050899610e+02 8.910558634130244515e-01
1.071519305237606972e+02 8.893665599405797817e-01
1.096478196143185073e+02 8.879825050940314268e-01
1.122018454301963004e+02 8.863967088317806775e-01
1.148153621496882835e+02 8.855196096955827434e-01
1.174897554939529130e+02 8.836051850961156306e-01
1.202264434617413116e+02 8.821714972587697545e-01
1.230268770812381121e+02 8.807221006019239073e-01
1.258925411794167530e+02 8.793762137059119022e-01
1.288249551693133697e+02 8.806520333452825255e-01
1.318256738556407299e+02 8.770296318311021633e-01
1.348962882591653170e+02 8.751145200931017554e-01
1.380384264602885196e+02 8.737154878500507094e-01
1.412537544622753956e+02 8.723262717966651092e-01
1.445439770745927888e+02 8.696068445641615963e-01
1.479108388168207284e+02 8.696560152763102014e-01
1.513561248436208757e+02 8.682733096956403163e-01
1.548816618912481147e+02 8.669859408717807137e-01
1.584893192461114211e+02 8.657511063936430551e-01
1.621810097358929852e+02 8.638113919839439658e-01
1.659586907437561365e+02 8.634040740242856504e-01
1.698243652461744375e+02 8.623976427544667311e-01
1.737800828749376194e+02 8.618511957234129550e-01
1.778279410038922776e+02 8.602508035642161266e-01
1.819700858609984380e+02 8.592086380217439645e-01
1.862087136662867408e+02 8.582154214595150155e-01
1.905460717963248385e+02 8.515984107974046147e-01
1.949844599758045547e+02 8.538792564028794274e-01
1.995262314968880730e+02 8.550793458346411802e-01
2.041737944669529554e+02 8.537610746202314305e-01
2.089296130854038722e+02 8.528736268584711233e-01
2.137962089502232459e+02 8.517785098499324192e-01
2.187761623949551790e+02 8.507227293232592080e-01
2.238721138568340052e+02 8.511389588709188381e-01
2.290867652767772427e+02 8.496305100474038641e-01
2.344228815319922603e+02 8.476196188383399166e-01
2.398832919019489793e+02 8.476057053659400431e-01
2.454708915685031059e+02 8.453693852932369079e-01
2.511886431509579722e+02 8.439026207055827511e-01
2.570395782768864592e+02 8.398585356163947857e-01
2.630267991895381670e+02 8.405712611641875665e-01
2.691534803926916766e+02 8.391071147464512769e-01
2.754228703338166042e+02 8.357591042477564569e-01
2.818382931264454783e+02 8.352326242245271537e-01
2.884031503126605571e+02 8.331734278663689430e-01
2.951209226666387053e+02 8.316407459791967938e-01
3.019951720402016235e+02 8.304716842198647253e-01
3.090295432513592004e+02 8.268752773078392737e-01
3.162277660168379612e+02 8.244894095313896054e-01
3.235936569296284233e+02 8.231936320469055435e-01
3.311311214825910838e+02 8.192771642897357376e-01
3.388441561392027666e+02 8.166752692841645622e-01
3.467368504525316553e+02 8.137378158880506085e-01
3.548133892335756627e+02 8.107642107742177862e-01
3.630780547701014029e+02 8.088984840587430947e-01
3.715352290971724187e+02 8.055102594556852180e-01
3.801893963205612863e+02 7.994105031680739382e-01
3.890451449942804629e+02 7.971415364755001232e-01
3.981071705534973262e+02 7.944520960127002818e-01
4.073802778041126089e+02 7.916284141031454391e-01
4.168693834703354923e+02 7.896289989060365500e-01
4.265795188015925419e+02 7.867083324873762606e-01
4.365158322401661053e+02 7.844101470406283916e-01
4.466835921509630225e+02 7.787909632533459581e-01
4.570881896148752048e+02 7.758167115610682396e-01
4.677351412871981324e+02 7.758321235813165906e-01
4.786300923226385180e+02 7.729920498845024301e-01
4.897788193684461362e+02 7.700076355118408156e-01
5.011872336272724624e+02 7.683152739987988422e-01
5.128613839913648462e+02 7.663066855668382305e-01
5.248074602497728165e+02 7.644331013332540392e-01
5.370317963702526640e+02 7.626823373203102108e-01
5.495408738576247742e+02 7.609871933182176251e-01
5.623413251903490391e+02 7.591035800912812048e-01
5.754399373371572892e+02 7.568366379434510183e-01
5.888436553555890214e+02 7.536376631988669361e-01
6.025595860743580943e+02 7.491393285424374771e-01
6.165950018614821602e+02 7.482785038564635505e-01
6.309573444801936830e+02 7.449591823189490869e-01
6.456542290346556001e+02 7.413446463273412057e-01
6.606934480075957481e+02 7.363269074274187975e-01
6.760829753919819041e+02 7.332978236365308433e-01
6.918309709189362593e+02 7.311636980582374434e-01
7.079457843841380509e+02 7.273111653652017949e-01
7.244359600749899073e+02 7.220999903394065278e-01
7.413102413009177099e+02 7.179669933114830593e-01
7.585775750291835493e+02 7.137742887956720628e-01
7.762471166286919697e+02 7.096144315526459190e-01
7.943282347242812875e+02 7.049112268070598653e-01
8.128305161640995493e+02 6.999373154630491589e-01
8.317637711026708303e+02 6.963358540201429747e-01
8.511380382023768334e+02 6.934467916162714296e-01
8.709635899560805683e+02 6.902041875424526074e-01
8.912509381337458763e+02 6.869532243396456739e-01
9.120108393559096385e+02 6.837006403141902000e-01
9.332543007969915152e+02 6.799703150397662377e-01
9.549925860214359545e+02 6.765391966749693120e-01
9.772372209558111535e+02 6.725474442994197055e-01
1.000000000000000000e+03 6.679357059698386445e-01
1.023292992280754675e+03 6.637447559862384994e-01
1.047128548050899553e+03 6.595842316902431612e-01
1.071519305237607114e+03 6.556308694564887407e-01
1.096478196143185187e+03 6.516130563750178739e-01
1.122018454301964084e+03 6.471745073759228584e-01
1.148153621496882806e+03 6.423989053546814709e-01
1.174897554939530210e+03 6.375678557254280676e-01
1.202264434617413144e+03 6.329298166157011352e-01
1.230268770812381035e+03 6.284993302248349512e-01
1.258925411794167530e+03 6.242162634851794456e-01
1.288249551693133526e+03 6.199623823542818046e-01
1.318256738556407527e+03 6.155890624850762771e-01
1.348962882591653170e+03 6.111550689269841241e-01
1.380384264602885196e+03 6.066624852980025961e-01
1.412537544622754012e+03 6.022085208763753306e-01
1.445439770745927945e+03 5.977817481573128866e-01
1.479108388168207284e+03 5.933203825340097604e-01
1.513561248436208643e+03 5.887841333422114687e-01
1.548816618912481090e+03 5.841390920553787280e-01
