1.000000000000000000e+00 8.679934032325680171e-01
1.023292992280754099e+00 8.677296237892714315e-01
1.047128548050899610e+00 8.676582317830699997e-01
1.071519305237606412e+00 8.673183694168538072e-01
1.096478196143185091e+00 8.668287032504312650e-01
1.122018454301963342e+00 8.664921500063956783e-01
1.148153621496882826e+00 8.661470998853388892e-01
1.174897554939529520e+00 8.658838742205230421e-01
1.202264434617412947e+00 8.655298880461943511e-01
1.230268770812381618e+00 8.651921810270107871e-01
1.258925411794167282e+00 8.649497576385983821e-01
1.288249551693134043e+00 8.523631116080558900e-01
1.318256738556407015e+00 8.635257576122755685e-01
1.348962882591653534e+00 8.632414246543301806e-01
1.380384264602884770e+00 8.735629971413653161e-01
1.412537544622754382e+00 8.625725715745581335e-01
1.445439770745927444e+00 8.621381520967373868e-01
1.479108388168207444e+00 8.563147314066706928e-01
1.513561248436208206e+00 8.612144661885848818e-01
1.548816618912481458e+00 8.611419583511802367e-01
1.584893192461113598e+00 8.607013387686868189e-01
1.621810097358930003e+00 8.601647111333992068e-01
1.659586907437560654e+00 8.523596958907504462e-01
1.698243652461744357e+00 8.586631847333069389e-01
1.737800828749375359e+00 8.581564309358136189e-01
1.778279410038922759e+00 8.579029752300736389e-01
1.819700858609983429e+00 8.573618143247311307e-01
1.862087136662867515e+00 8.568066274488805867e-01
1.905460717963247230e+00 8.560689419763770625e-01
1.949844599758045138e+00 8.550483381225922885e-01
1.995262314968879513e+00 8.545114485327707232e-01
2.041737944669529181e+00 8.539674608066791794e-01
2.089296130854039646e+00 8.534195573587245454e-01
2.137962089502232210e+00 8.528718053957160539e-01
2.187761623949552536e+00 8.523259762848393040e-01
2.238721138568339875e+00 8.517810565199150918e-01
2.290867652767773155e+00 8.512352805665364119e-01
2.344228815319921999e+00 8.506854271636760112e-01
2.398832919019490362e+00 8.500989408680941217e-01
2.454708915685030579e+00 8.496875109405314097e-01
2.511886431509580131e+00 8.487438247501722932e-01
2.570395782768863935e+00 8.479942048295759927e-01
2.630267991895381741e+00 8.471039844651796491e-01
2.691534803926915576e+00 8.450921977813730113e-01
2.754228703338166273e+00 8.473575584937753646e-01
2.818382931264453717e+00 8.471273386630370217e-01
2.884031503126605944e+00 8.452259337447660670e-01
2.951209226666386076e+00 8.446199372114194803e-01
3.019951720402016093e+00 8.429373900991035118e-01
3.090295432513590512e+00 8.427945860804760825e-01
3.162277660168379523e+00 8.425894967257694379e-01
3.235936569296282705e+00 8.420738531210871791e-01
3.311311214825911176e+00 8.405363003257690924e-01
3.388441561392025569e+00 8.392963947356361087e-01
3.467368504525316641e+00 8.386008686433292780e-01
3.548133892335755046e+00 8.376177571102251251e-01
3.630780547701013994e+00 8.370313568742064891e-01
3.715352290971726035e+00 8.368659950653233315e-01
3.801893963205611460e+00 8.361862393321476405e-01
3.890451449942805784e+00 8.350262502733105663e-01
3.981071705534972249e+00 8.339451228878174138e-01
4.073802778041127226e+00 8.330574245954740498e-01
4.168693834703353751e+00 8.321519304859383848e-01
4.265795188015927053e+00 8.311134263555202129e-01
4.365158322401660129e+00 8.302896912669036622e-01
4.466835921509631824e+00 8.286185953785624170e-01
4.570881896148750734e+00 8.277029194070916196e-01
4.677351412871982639e+00 8.268005628614149005e-01
4.786300923226384008e+00 8.259082208445349682e-01
4.897788193684462499e+00 8.250223773966753882e-01
5.011872336272723771e+00 8.241367262724443865e-01
5.128613839913648498e+00 8.235218681262608253e-01
5.248074602497725394e+00 8.225875311031259907e-01
5.370317963702526676e+00 8.213162563869377264e-01
5.495408738576245788e+00 8.203536800429772624e-01
5.623413251903491172e+00 8.194357615468560452e-01
5.754399373371569482e+00 8.183868240317562215e-01
5.888436553555889574e+00 8.173437914175852859e-01
6.025595860743577781e+00 8.141760965051489940e-01
6.165950018614822170e+00 8.152677880771734831e-01
6.309573444801933384e+00 8.142237597405078686e-01
6.456542290346556356e+00 8.153076635042009190e-01
6.606934480075961069e+00 8.120957334029754726e-01
6.760829753919819218e+00 8.097253291868389269e-01
6.918309709189363943e+00 8.125141078395455851e-01
7.079457843841378661e+00 8.091582623651569772e-01
7.244359600749900707e+00 8.080461852842228954e-01
7.413102413009174718e+00 8.062416327176471498e-01
7.585775750291837483e+00 8.051051208665427339e-01
7.762471166286917246e+00 8.040210596543617694e-01
7.943282347242815788e+00 8.033998549303266179e-01
8.128305161640993148e+00 8.016894462050806469e-01
8.317637711026710789e+00 8.004446269850838958e-01
8.511380382023766344e+00 7.991759023599248613e-01
8.709635899560806749e+00 7.978900681565110897e-01
8.912509381337455849e+00 7.964152670120689947e-01
9.120108393559096527e+00 7.950445590985594224e-01
9.332543007969910320e+00 7.936703203832713438e-01
9.549925860214358408e+00 7.914792179212105649e-01
9.772372209558106704e+00 7.902082085136081790e-01
1.000000000000000000e+01 7.889341308468470482e-01
1.023292992280754099e+01 7.883090578855181940e-01
1.047128548050899610e+01 7.868819487089515619e-01
1.071519305237606545e+01 7.854580277741697314e-01
1.096478196143185180e+01 7.840720007952650672e-01
1.122018454301963608e+01 7.826093609802985407e-01
1.148153621496882870e+01 7.811376004454908539e-01
1.174897554939529698e+01 7.796573233425990734e-01
1.202264434617413080e+01 7.778151216147267677e-01
1.230268770812381796e+01 7.762736650600112753e-01
1.258925411794167459e+01 7.746375967451499811e-01
1.288249551693134265e+01 7.717679146721224681e-01
1.318256738556407370e+01 7.717978251819164193e-01
1.348962882591654022e+01 7.705572125658037841e-01
1.380384264602885303e+01 7.689567762757439917e-01
1.412537544622754737e+01 7.726319464196452769e-01
1.445439770745927177e+01 7.708483596786057657e-01
1.479108388168207178e+01 7.595939372484542540e-01
1.513561248436207940e+01 7.691815183305176218e-01
1.548816618912481147e+01 7.608163337717138708e-01
1.584893192461113287e+01 7.587173656855540349e-01
1.621810097358929781e+01 7.569458768074361910e-01
1.659586907437560654e+01 7.563607735361120854e-01
1.698243652461744446e+01 7.537297728186841406e-01
1.737800828749375270e+01 7.519234074835267068e-01
1.778279410038922848e+01 7.500861669976377488e-01
1.819700858609983385e+01 7.481290381245417898e-01
1.862087136662867692e+01 7.458762245310133210e-01
1.905460717963247319e+01 7.438904409374224036e-01
1.949844599758045405e+01 7.424361690645089329e-01
1.995262314968879735e+01 7.391196037939627983e-01
2.041737944669529625e+01 7.370884298257451839e-01
2.089296130854039646e+01 7.369297552242403126e-01
2.137962089502232388e+01 7.340760364986571584e-01
2.187761623949553069e+01 7.319404973224112876e-01
2.238721138568340052e+01 7.293985521094817903e-01
2.290867652767773421e+01 7.277441341542455477e-01
2.344228815319922532e+01 7.257659772216425997e-01
2.398832919019491072e+01 7.236002795156727396e-01
2.454708915685031201e+01 7.197055930705882343e-01
2.511886431509580930e+01 7.189073251618924854e-01
2.570395782768863313e+01 7.192953266334030094e-01
2.630267991895381385e+01 7.145131763103286238e-01
2.691534803926915487e+01 7.127218533737734729e-01
2.754228703338166184e+01 7.092861656135296400e-01
2.818382931264453362e+01 7.077403758922221622e-01
2.884031503126605855e+01 7.053659040642803468e-01
2.951209226666385632e+01 7.029917145089555897e-01
3.019951720402016093e+01 7.005977412599340148e-01
3.090295432513590512e+01 6.979963925223271470e-01
3.162277660168379256e+01 6.955155720422036003e-01
3.235936569296282528e+01 6.944188810497617936e-01
3.311311214825911264e+01 6.899038479175024774e-01
3.388441561392025392e+01 6.871661127461485830e-01
3.467368504525316553e+01 6.826833826193117183e-01
3.548133892335754780e+01 6.775585283808360781e-01
3.630780547701014171e+01 6.730110943539926449e-01
3.715352290971726035e+01 6.684321817189620152e-01
3.801893963205612437e+01 6.644022985382227464e-01
3.890451449942806761e+01 6.605861200668647903e-01
3.981071705534973404e+01 6.571981419269450342e-01
4.073802778041127937e+01 6.542433929795663516e-01
4.168693834703355350e+01 6.525604310406626363e-01
4.265795188015927408e+01 6.497694840101038150e-01
4.365158322401661195e+01 6.470202020971683732e-01
4.466835921509632357e+01 6.463709037492741949e-01
4.570881896148751622e+01 6.451997287340447418e-01
4.677351412871981040e+01 6.442723632578936099e-01
4.786300923226382764e+01 6.401332717764774971e-01
4.897788193684461078e+01 6.484745576676108625e-01
5.011872336272722350e+01 6.403829786268243618e-01
5.128613839913648320e+01 6.374279978019018467e-01
5.248074602497725749e+01 6.344660136958801822e-01
5.370317963702527209e+01 6.315019324876469664e-01
5.495408738576245611e+01 6.285397614525901622e-01
5.623413251903490817e+01 6.255766218538987289e-01
5.754399373371569482e+01 6.223384337825715873e-01
5.888436553555889930e+01 6.199287670097463065e-01
6.025595860743577958e+01 6.167867759747688305e-01
6.165950018614822170e+01 6.140504830760524779e-01
6.309573444801932851e+01 6.122699151359977110e-01
6.456542290346556001e+01 6.090596131579644190e-01
6.606934480075960892e+01 6.058626182578270569e-01
6.760829753919819041e+01 6.024185000961496117e-01
6.918309709189365719e+01 5.996076724216636844e-01
7.079457843841380793e+01 5.968344912295407978e-01
7.244359600749902484e+01 5.940978151345611691e-01
7.413102413009177383e+01 5.913962329746121904e-01
7.585775750291840325e+01 5.887310517135081467e-01
7.762471166286920266e+01 5.861053992901057441e-01
7.943282347242816854e+01 5.804710982699429200e-01
8.128305161640994925e+01 5.767554598315838277e-01
8.317637711026708303e+01 5.826946221209785559e-01
8.511380382023763502e+01 5.802365765516172003e-01
8.709635899560805683e+01 5.737907862740762033e-01
8.912509381337454784e+01 5.718745147584562982e-01
9.120108393559097237e+01 5.562936543824321678e-01
9.332543007969910320e+01 5.559781980759530562e-01
9.549925860214358408e+01 5.651005957639940736e-01
9.772372209558106704e+01 5.630464358804879721e-01
1.000000000000000000e+02 5.585685214124296305e-01
1.023292992280754703e+02 5.575389413941127525e-01
1.047128548050899610e+02 5.567384199200864359e-01
1.071519305237606972e+02 5.559820725556563481e-01
1.096478196143185073e+02 5.553360651388071778e-01
1.122018454301963004e+02 5.533556172105464910e-01
1.148153621496882835e+02 5.518080306300008342e-01
1.174897554939529130e+02 5.509448701000470017e-01
1.202264434617413116e+02 5.471908337034888659e-01
1.230268770812381121e+02 5.489204692441339573e-01
1.258925411794167530e+02 5.394558929618537002e-01
1.288249551693133697e+02 5.396686618629646937e-01
1.318256738556407299e+02 5.403022660522754927e-01
1.348962882591653170e+02 5.411846772454896870e-01
1.380384264602885196e+02 5.421604239890351895e-01
1.412537544622753956e+02 5.429480749410294793e-01
1.445439770745927888e+02 5.431991650325985743e-01
1.479108388168207284e+02 5.360771341046247640e-01
1.513561248436208757e+02 5.319519294420255173e-01
1.548816618912481147e+02 5.274629587507325690e-01
1.584893192461114211e+02 5.352060453866435141e-01
1.621810097358929852e+02 5.303166350915827776e-01
1.659586907437561365e+02 5.299673449386501645e-01
1.698243652461744375e+02 5.288791465668958303e-01
1.737800828749376194e+02 5.208559405038691859e-01
1.778279410038922776e+02 5.189453979722596921e-01
1.819700858609984380e+02 5.254337553755727974e-01
1.862087136662867408e+02 5.220654907337580752e-01
1.905460717963248385e+02 5.206616646786991209e-01
1.949844599758045547e+02 5.195007680156641383e-01
1.995262314968880730e+02 5.200199214336216347e-01
2.041737944669529554e+02 5.122301958725563598e-01
2.089296130854038722e+02 5.124011523794727019e-01
2.137962089502232459e+02 5.101408133617204577e-01
2.187761623949551790e+02 5.091850252343573802e-01
2.238721138568340052e+02 5.067699529079374710e-01
2.290867652767772427e+02 5.052811003431102455e-01
2.344228815319922603e+02 5.039484230674728948e-01
2.398832919019489793e+02 5.026978713136930343e-01
2.454708915685031059e+02 5.017433935857871230e-01
2.511886431509579722e+02 5.004459361711632859e-01
2.570395782768864592e+02 4.990005562909539671e-01
2.630267991895381670e+02 4.973338631023963563e-01
2.691534803926916766e+02 4.953615243281279668e-01
2.754228703338166042e+02 4.931099931129762637e-01
2.818382931264454783e+02 4.806332668912049466e-01
2.884031503126605571e+02 4.824806723712427581e-01
2.951209226666387053e+02 4.838144337557881425e-01
3.019951720402016235e+02 4.864498306604332356e-01
3.090295432513592004e+02 4.889130397330637146e-01
3.162277660168379612e+02 4.903124379020939450e-01
3.235936569296284233e+02 4.900088982213973154e-01
3.311311214825910838e+02 4.879846547438005944e-01
3.388441561392027666e+02 4.770768531470730434e-01
3.467368504525316553e+02 4.765846126391727888e-01
3.548133892335756627e+02 4.773012320073318770e-01
3.630780547701014029e+02 4.768661545620361819e-01
3.715352290971724187e+02 4.741465105108829681e-01
3.801893963205612863e+02 4.726487730250562014e-01
3.890451449942804629e+02 4.709859001145717539e-01
3.981071705534973262e+02 4.693868950468414458e-01
4.073802778041126089e+02 4.682285817885252777e-01
4.168693834703354923e+02 4.672715029991615365e-01
4.265795188015925419e+02 4.666956740956335614e-01
4.365158322401661053e+02 4.665650868502165260e-01
4.466835921509630225e+02 4.646501497666832847e-01
4.570881896148752048e+02 4.669623624601885736e-01
4.677351412871981324e+02 4.689287774735593772e-01
4.786300923226385180e+02 4.673488401727643460e-01
4.897788193684461362e+02 4.660798113947917654e-01
5.011872336272724624e+02 4.652103623683475631e-01
5.128613839913648462e+02 4.647516933609062706e-01
5.248074602497728165e+02 4.646482919964233238e-01
5.370317963702526640e+02 4.655252519417735768e-01
5.495408738576247742e+02 4.658353884138450307e-01
5.623413251903490391e+02 4.662908449766641761e-01
5.754399373371572892e+02 4.656755604760642320e-01
5.888436553555890214e+02 4.658182480353435517e-01
6.025595860743580943e+02 4.683489081511659768e-01
6.165950018614821602e+02 4.690364773096024620e-01
6.309573444801936830e+02 4.695844811379830119e-01
6.456542290346556001e+02 4.697188105402926861e-01
6.606934480075957481e+02 4.693831760824098143e-01
6.760829753919819041e+02 4.697690008848359744e-01
6.918309709189362593e+02 4.693436729030174837e-01
7.079457843841380509e+02 4.680615573562602050e-01
7.244359600749899073e+02 4.686629287005239508e-01
7.413102413009177099e+02 4.695045264178266398e-01
7.585775750291835493e+02 4.704812185479683162e-01
7.762471166286919697e+02 4.714924318393285962e-01
7.943282347242812875e+02 4.724348233771910599e-01
8.128305161640995493e+02 4.711214555330139331e-01
8.317637711026708303e+02 4.722979639028643262e-01
8.511380382023768334e+02 4.738890059042934477e-01
8.709635899560805683e+02 4.752526099286207839e-01
8.912509381337458763e+02 4.768531921556728448e-01
9.120108393559096385e+02 4.785134640968777275e-01
9.332543007969915152e+02 4.803322009461534203e-01
9.549925860214359545e+02 4.817486767728185737e-01
9.772372209558111535e+02 4.829964545013268329e-01
1.000000000000000000e+03 4.841514210115887007e-01
1.023292992280754675e+03 4.853778478312690825e-01
1.047128548050899553e+03 4.869448595806503133e-01
1.071519305237607114e+03 4.889111330770323227e-01
1.096478196143185187e+03 4.910398078931957899e-01
1.122018454301964084e+03 4.927550184604345684e-01
1.148153621496882806e+03 4.942592396204393834e-01
1.174897554939530210e+03 4.956086931304716781e-01
1.202264434617413144e+03 4.970074452537689980e-01
1.230268770812381035e+03 4.986440744714091267e-01
1.258925411794167530e+03 5.005835073669770985e-01
1.288249551693133526e+03 5.024235828712381169e-01
1.318256738556407527e+03 5.046035890684472669e-01
1.348962882591653170e+03 5.068808316620412313e-01
1.380384264602885196e+03 5.089940128737464597e-01
1.412537544622754012e+03 5.110843643831387562e-01
1.445439770745927945e+03 5.132839614021461605e-01
1.479108388168207284e+03 5.155792279304087788e-01
1.513561248436208643e+03 5.178824681188192169e-01
1.548816618912481090e+03 5.201198452287089102e-01
1.584893192461114040e+03 5.222580550454939408e-01
1.621810097358929852e+03 5.243577319144685500e-01
1.659586907437561422e+03 5.264773909332901569e-01
1.698243652461744205e+03 5.286665025382988325e-01
1.737800828749376251e+03 5.309443703786984603e-01
1.778279410038922833e+03 5.332823514032835055e-01
1.819700858609984380e+03 5.356711340351535400e-01
1.862087136662867579e+03 5.380703856894853976e-01
1.905460717963248271e+03 5.404757960440443876e-01
1.949844599758045433e+03 5.428598582147147189e-01
1.995262314968880901e+03 5.452154005635899692e-01
2.041737944669529497e+03 5.475479987929994241e-01
2.089296130854040712e+03 5.498601758360223135e-01
2.137962089502232629e+03 5.521721595850601627e-01
2.187761623949551904e+03 5.544862953116305171e-01
2.238721138568339939e+03 5.568198554612650009e-01
2.290867652767772597e+03 5.591677069913075782e-01
2.344228815319922887e+03 5.615217318988859896e-01
2.398832919019489964e+03 5.638673771772210186e-01
2.454708915685031116e+03 5.661838437263484458e-01
2.511886431509579779e+03 5.684633898785215189e-01
2.570395782768864592e+03 5.707054748858958471e-01
2.630267991895381329e+03 5.729292476709585413e-01
2.691534803926916538e+03 5.751459334719274397e-01
2.754228703338166270e+03 5.773576518361658305e-01
2.818382931264454783e+03 5.795572658965992829e-01
2.884031503126605912e+03 5.817298908927310830e-01
2.951209226666387167e+03 5.838641030578027857e-01
3.019951720402016235e+03 5.859572935641395031e-01
3.090295432513592004e+03 5.880183928230537926e-01
