1.000000000000000000e+00 7.692300654900068313e-01
1.023292992280754099e+00 7.699001745703202282e-01
1.047128548050899610e+00 7.705657917772816834e-01
1.071519305237606412e+00 7.713068494303193523e-01
1.096478196143185091e+00 7.718585193158030711e-01
1.122018454301963342e+00 7.724750025010598264e-01
1.148153621496882826e+00 7.730891760469916774e-01
1.174897554939529520e+00 7.737806955741951542e-01
1.202264434617412947e+00 7.743971282420735180e-01
1.230268770812381618e+00 7.750347282210625632e-01
1.258925411794167282e+00 7.757931508213721239e-01
1.288249551693134043e+00 7.745964151084016036e-01
1.318256738556407015e+00 7.763718403689719993e-01
1.348962882591653534e+00 7.770277003678095484e-01
1.380384264602884770e+00 7.776126976727028017e-01
1.412537544622754382e+00 7.781690950259353423e-01
1.445439770745927444e+00 7.787076998280607620e-01
1.479108388168207444e+00 7.792332852963201884e-01
1.513561248436208206e+00 7.797486826432165063e-01
1.548816618912481458e+00 7.806344928397092042e-01
1.584893192461113598e+00 7.811790988693471105e-01
1.621810097358930003e+00 7.817142647393628963e-01
1.659586907437560654e+00 7.755885880444430835e-01
1.698243652461744357e+00 7.821879538965217371e-01
1.737800828749375359e+00 7.828911957298035906e-01
1.778279410038922759e+00 7.833203917489752754e-01
1.819700858609983429e+00 7.837340540945472167e-01
1.862087136662867515e+00 7.841320532647365615e-01
1.905460717963247230e+00 7.845144761177847981e-01
1.949844599758045138e+00 7.843615436734442392e-01
1.995262314968879513e+00 7.847480790343543955e-01
2.041737944669529181e+00 7.851288100625439803e-01
2.089296130854039646e+00 7.855053601328184643e-01
2.137962089502232210e+00 7.858787975944353521e-01
2.187761623949552536e+00 7.862477429328625922e-01
2.238721138568339875e+00 7.866090940768931672e-01
2.290867652767773155e+00 7.869593670727129675e-01
2.344228815319921999e+00 7.872944878941762203e-01
2.398832919019490362e+00 7.876126218997212547e-01
2.454708915685030579e+00 7.880542837625524877e-01
2.511886431509580131e+00 7.879941957330183211e-01
2.570395782768863935e+00 7.881011090224948612e-01
2.630267991895381741e+00 7.880322707340414734e-01
2.691534803926915576e+00 7.856888605272577264e-01
2.754228703338166273e+00 7.897180582804962379e-01
2.818382931264453717e+00 7.827048041697705072e-01
2.884031503126605944e+00 7.891268278854862706e-01
2.951209226666386076e+00 7.893661846634908441e-01
3.019951720402016093e+00 7.893986065721873002e-01
3.090295432513590512e+00 7.894198483641690078e-01
3.162277660168379523e+00 7.899929088372552588e-01
3.235936569296282705e+00 7.894044296220130708e-01
3.311311214825911176e+00 7.887032012205893450e-01
3.388441561392025569e+00 7.890023816015081515e-01
3.467368504525316641e+00 7.889928308390979916e-01
3.548133892335755046e+00 7.889180374877151625e-01
3.630780547701013994e+00 7.890068064845408013e-01
3.715352290971726035e+00 7.892236173118897247e-01
3.801893963205611460e+00 7.891273818013561092e-01
3.890451449942805784e+00 7.885614373117818543e-01
3.981071705534972249e+00 7.883573830361321200e-01
4.073802778041127226e+00 7.881239882075384839e-01
4.168693834703353751e+00 7.878623065798392444e-01
4.265795188015927053e+00 7.874595124509651267e-01
4.365158322401660129e+00 7.871082258367125828e-01
4.466835921509631824e+00 7.860825136450603212e-01
4.570881896148750734e+00 7.857634166177576152e-01
4.677351412871982639e+00 7.854397674047067790e-01
4.786300923226384008e+00 7.851081262188730481e-01
4.897788193684462499e+00 7.847640602107013308e-01
5.011872336272723771e+00 7.844026912376174110e-01
5.128613839913648498e+00 7.842608005868519916e-01
5.248074602497725394e+00 7.837326921547375091e-01
5.370317963702526676e+00 7.831800917380785654e-01
5.495408738576245788e+00 7.826060738461132482e-01
5.623413251903491172e+00 7.820146206740724582e-01
5.754399373371569482e+00 7.814086547046492637e-01
5.888436553555889574e+00 7.807898701713724687e-01
6.025595860743577781e+00 7.801567375827953565e-01
6.165950018614822170e+00 7.795063892478073519e-01
6.309573444801933384e+00 7.788347437413658536e-01
6.456542290346556356e+00 7.781373250832136490e-01
6.606934480075961069e+00 7.774101621083048252e-01
6.760829753919819218e+00 7.766488165745745187e-01
6.918309709189363943e+00 7.758507734585439186e-01
7.079457843841378661e+00 7.750153232469391140e-01
7.244359600749900707e+00 7.741443954891776835e-01
7.413102413009174718e+00 7.732409098060302188e-01
7.585775750291837483e+00 7.723063821097614357e-01
7.762471166286917246e+00 7.713394087073228711e-01
7.943282347242815788e+00 7.709134808879398726e-01
8.128305161640993148e+00 7.694184781615882596e-01
8.317637711026710789e+00 7.683512430151153705e-01
8.511380382023766344e+00 7.672386483984290351e-01
8.709635899560806749e+00 7.660832082582107461e-01
8.912509381337455849e+00 7.647203456017873657e-01
9.120108393559096527e+00 7.634268623149318422e-01
9.332543007969910320e+00 7.621057644806940035e-01
9.549925860214358408e+00 7.599988228977495597e-01
9.772372209558106704e+00 7.587302447708446085e-01
1.000000000000000000e+01 7.574334030518389271e-01
1.023292992280754099e+01 7.561023490777556422e-01
1.047128548050899610e+01 7.552137498080223610e-01
1.071519305237606545e+01 7.537008726566760686e-01
1.096478196143185180e+01 7.521524536821752038e-01
1.122018454301963608e+01 7.505706378195343698e-01
1.148153621496882870e+01 7.489571866688433666e-01
1.174897554939529698e+01 7.473116056401744034e-01
1.202264434617413080e+01 7.453212339309400747e-01
1.230268770812381796e+01 7.435667852226927055e-01
1.258925411794167459e+01 7.416990456201442150e-01
1.288249551693134265e+01 7.391831899776757364e-01
1.318256738556407370e+01 7.390185455460397401e-01
1.348962882591654022e+01 7.367361504962735008e-01
1.380384264602885303e+01 7.347087216360592699e-01
1.412537544622754737e+01 7.326768418407577643e-01
1.445439770745927177e+01 7.305821008513292414e-01
1.479108388168207178e+01 7.285156822512277586e-01
1.513561248436207940e+01 7.264049357280165653e-01
1.548816618912481147e+01 7.245996225776197841e-01
1.584893192461113287e+01 7.219246632759037663e-01
1.621810097358929781e+01 7.196427901656411441e-01
1.659586907437560654e+01 7.184682235402067851e-01
1.698243652461744446e+01 7.153007613953804578e-01
1.737800828749375270e+01 7.129103691396768694e-01
1.778279410038922848e+01 7.099088716321567682e-01
1.819700858609983385e+01 7.075352796095213392e-01
1.862087136662867692e+01 7.050701906990552992e-01
1.905460717963247319e+01 7.024301677956725776e-01
1.949844599758045405e+01 6.999546849826927541e-01
1.995262314968879735e+01 6.961492123949727384e-01
2.041737944669529625e+01 6.935420649084872435e-01
2.089296130854039646e+01 6.918407616777394464e-01
2.137962089502232388e+01 6.889989013282632468e-01
2.187761623949553069e+01 6.861340143613672282e-01
2.238721138568340052e+01 6.832581260790826505e-01
2.290867652767773421e+01 6.803538289021856533e-01
2.344228815319922532e+01 6.775366161197466930e-01
2.398832919019491072e+01 6.745301978415062516e-01
2.454708915685031201e+01 6.714818688919086398e-01
2.511886431509580930e+01 6.683920232364617409e-01
2.570395782768863313e+01 6.652669101258876783e-01
2.630267991895381385e+01 6.621115946239279904e-01
2.691534803926915487e+01 6.589217236907803921e-01
2.754228703338166184e+01 6.556951884983426293e-01
2.818382931264453362e+01 6.524310224423996996e-01
2.884031503126605855e+01 6.491138167568063500e-01
2.951209226666385632e+01 6.458032688478450023e-01
3.019951720402016093e+01 6.424447139524476214e-01
3.090295432513590512e+01 6.388812168613421383e-01
3.162277660168379256e+01 6.354135600133399286e-01
3.235936569296282528e+01 6.318566256459209329e-01
3.311311214825911264e+01 6.282750673381736206e-01
3.388441561392025392e+01 6.251938187380901013e-01
3.467368504525316553e+01 6.216026890239222391e-01
3.548133892335754780e+01 6.174219508899370101e-01
3.630780547701014171e+01 6.137022033602206328e-01
3.715352290971726035e+01 6.097967566190803934e-01
3.801893963205612437e+01 6.061589353592039542e-01
3.890451449942806761e+01 6.023389449774040338e-01
3.981071705534973404e+01 5.984898088625880685e-01
4.073802778041127937e+01 5.946133610087145360e-01
4.168693834703355350e+01 5.907101915636666645e-01
4.265795188015927408e+01 5.856407825032370340e-01
4.365158322401661195e+01 5.820182786733597569e-01
4.466835921509632357e+01 5.783935981303025553e-01
4.570881896148751622e+01 5.746669604745240356e-01
4.677351412871981040e+01 5.708676414781657105e-01
4.786300923226382764e+01 5.668197579747060733e-01
4.897788193684461078e+01 5.627880902294531973e-01
5.011872336272722350e+01 5.587577169973729774e-01
5.128613839913648320e+01 5.547359278032872876e-01
5.248074602497725749e+01 5.507282619165209114e-01
5.370317963702527209e+01 5.467404151758379349e-01
5.495408738576245611e+01 5.427793040513191336e-01
5.623413251903490817e+01 5.388522895942263746e-01
5.754399373371569482e+01 5.350968166103355905e-01
5.888436553555889930e+01 5.311234932711330625e-01
6.025595860743577958e+01 5.273302013176135450e-01
6.165950018614822170e+01 5.248877399571754143e-01
6.309573444801932851e+01 5.209759821602707452e-01
6.456542290346556001e+01 5.170949133022526567e-01
6.606934480075960892e+01 5.132911900915180237e-01
6.760829753919819041e+01 5.093695554955874893e-01
6.918309709189365719e+01 5.059927558046638518e-01
7.079457843841380793e+01 5.027036567095403141e-01
7.244359600749902484e+01 4.994325143302362213e-01
7.413102413009177383e+01 4.963346226181331589e-01
7.585775750291840325e+01 4.943647636289514868e-01
7.762471166286920266e+01 4.903935064993823478e-01
7.943282347242816854e+01 4.871439156408723381e-01
8.128305161640994925e+01 4.848905186440317094e-01
8.317637711026708303e+01 4.823135961145370021e-01
8.511380382023763502e+01 4.794824492261979265e-01
8.709635899560805683e+01 4.773414158876503888e-01
8.912509381337454784e+01 4.750890590569710747e-01
9.120108393559097237e+01 4.726941301856741884e-01
9.332543007969910320e+01 4.705183344459401007e-01
9.549925860214358408e+01 4.683926483742449909e-01
9.772372209558106704e+01 4.662645693024417559e-01
1.000000000000000000e+02 4.641893240771557405e-01
1.023292992280754703e+02 4.621640884705534025e-01
1.047128548050899610e+02 4.601660641294719745e-01
1.071519305237606972e+02 4.582106410524213747e-01
1.096478196143185073e+02 4.565190725293878926e-01
1.122018454301963004e+02 4.543943137058406023e-01
1.148153621496882835e+02 4.525215047010798242e-01
1.174897554939529130e+02 4.506553577081650053e-01
1.202264434617413116e+02 4.488271242661224791e-01
1.230268770812381121e+02 4.483135545659076571e-01
1.258925411794167530e+02 4.450497591180986867e-01
1.288249551693133697e+02 4.431433175299498983e-01
1.318256738556407299e+02 4.413666019170051080e-01
1.348962882591653170e+02 4.393882722751453751e-01
1.380384264602885196e+02 4.373526077752706853e-01
1.412537544622753956e+02 4.352180284627431561e-01
1.445439770745927888e+02 4.330895816736961002e-01
1.479108388168207284e+02 4.309252301389565054e-01
1.513561248436208757e+02 4.287318568736258051e-01
1.548816618912481147e+02 4.261406756932211715e-01
1.584893192461114211e+02 4.242589686985993591e-01
1.621810097358929852e+02 4.219709990325280491e-01
1.659586907437561365e+02 4.199086593847849991e-01
1.698243652461744375e+02 4.173692781509946714e-01
1.737800828749376194e+02 4.150288254592759962e-01
1.778279410038922776e+02 4.127137459493326888e-01
1.819700858609984380e+02 4.099853931232876336e-01
1.862087136662867408e+02 4.068773828972390150e-01
1.905460717963248385e+02 4.051343994441076735e-01
1.949844599758045547e+02 4.037730969002490955e-01
1.995262314968880730e+02 4.011815451508378705e-01
2.041737944669529554e+02 3.997618153406889419e-01
2.089296130854038722e+02 3.978924939278543627e-01
2.137962089502232459e+02 3.960218777034410498e-01
2.187761623949551790e+02 3.949598633093442945e-01
2.238721138568340052e+02 3.928049006129953891e-01
2.290867652767772427e+02 3.912431635627538484e-01
2.344228815319922603e+02 3.896372427752649026e-01
2.398832919019489793e+02 3.880798994699165005e-01
2.454708915685031059e+02 3.867271841773639030e-01
2.511886431509579722e+02 3.846740597361277825e-01
2.570395782768864592e+02 3.831557861770154005e-01
2.630267991895381670e+02 3.816448241509297623e-01
2.691534803926916766e+02 3.801870686159241064e-01
2.754228703338166042e+02 3.785318752848003121e-01
2.818382931264454783e+02 3.769060662243208792e-01
2.884031503126605571e+02 3.759384226532370699e-01
2.951209226666387053e+02 3.737621999832266839e-01
3.019951720402016235e+02 3.722216731320540650e-01
3.090295432513592004e+02 3.706831044141130072e-01
3.162277660168379612e+02 3.691405417649307741e-01
3.235936569296284233e+02 3.676160295316028837e-01
3.311311214825910838e+02 3.661478740710676916e-01
3.388441561392027666e+02 3.646502614552738497e-01
3.467368504525316553e+02 3.631343890914455752e-01
3.548133892335756627e+02 3.626953473425381103e-01
3.630780547701014029e+02 3.600872673672229629e-01
3.715352290971724187e+02 3.593114695614804122e-01
3.801893963205612863e+02 3.583266527853856132e-01
3.890451449942804629e+02 3.575323383026647872e-01
3.981071705534973262e+02 3.568285834254322775e-01
4.073802778041126089e+02 3.562356601268546474e-01
4.168693834703354923e+02 3.559126835511754461e-01
4.265795188015925419e+02 3.554490615478869131e-01
4.365158322401661053e+02 3.550094342479083176e-01
4.466835921509630225e+02 3.529601742016391652e-01
4.570881896148752048e+02 3.539346678020907078e-01
4.677351412871981324e+02 3.533650298327226658e-01
4.786300923226385180e+02 3.524610415363482741e-01
4.897788193684461362e+02 3.519992133792957945e-01
5.011872336272724624e+02 3.517310288873500279e-01
5.128613839913648462e+02 3.516914073040325328e-01
5.248074602497728165e+02 3.518217943773332412e-01
5.370317963702526640e+02 3.520485789051833736e-01
5.495408738576247742e+02 3.522741040829936998e-01
5.623413251903490391e+02 3.524271235939747116e-01
5.754399373371572892e+02 3.515818022712388635e-01
5.888436553555890214e+02 3.513050835877287170e-01
6.025595860743580943e+02 3.523109367311541007e-01
6.165950018614821602e+02 3.521698742097316148e-01
6.309573444801936830e+02 3.520493644886641960e-01
6.456542290346556001e+02 3.519689592055214589e-01
6.606934480075957481e+02 3.519748621493380969e-01
6.760829753919819041e+02 3.527305790052475687e-01
6.918309709189362593e+02 3.528583215661638683e-01
7.079457843841380509e+02 3.524361754400763824e-01
7.244359600749899073e+02 3.525785461741177129e-01
7.413102413009177099e+02 3.526442188386340049e-01
7.585775750291835493e+02 3.526823671412186445e-01
7.762471166286919697e+02 3.527737580816701080e-01
7.943282347242812875e+02 3.529518925298136822e-01
8.128305161640995493e+02 3.528490105887473471e-01
8.317637711026708303e+02 3.535915236572199083e-01
8.511380382023768334e+02 3.540910406011897882e-01
8.709635899560805683e+02 3.547440398268929540e-01
8.912509381337458763e+02 3.554862396110889389e-01
9.120108393559096385e+02 3.562250361300187129e-01
9.332543007969915152e+02 3.569859692299770515e-01
9.549925860214359545e+02 3.575486888152010212e-01
9.772372209558111535e+02 3.580726501214656077e-01
1.000000000000000000e+03 3.585735627747458354e-01
1.023292992280754675e+03 3.590843851803552922e-01
1.047128548050899553e+03 3.597084880939468987e-01
1.071519305237607114e+03 3.604772304748237732e-01
1.096478196143185187e+03 3.612879781643521526e-01
1.122018454301964084e+03 3.618891338848533312e-01
1.148153621496882806e+03 3.623382253265099440e-01
1.174897554939530210e+03 3.626988308092882196e-01
1.202264434617413144e+03 3.630432069826735608e-01
1.230268770812381035e+03 3.634497411391054977e-01
1.258925411794167530e+03 3.639695844382399015e-01
1.288249551693133526e+03 3.642777285417617139e-01
1.318256738556407527e+03 3.648878825957939109e-01
1.348962882591653170e+03 3.655468734758084981e-01
1.380384264602885196e+03 3.661705966249429456e-01
1.412537544622754012e+03 3.666211443217328170e-01
1.445439770745927945e+03 3.670692208236405185e-01
1.479108388168207284e+03 3.675073047922450264e-01
1.513561248436208643e+03 3.678891749309919357e-01
1.548816618912481090e+03 3.681758376633320062e-01
1.584893192461114040e+03 3.683475278356257987e-01
1.621810097358929852e+03 3.684376455129897421e-01
1.659586907437561422e+03 3.684784732976112975e-01
1.698243652461744205e+03 3.684999303831630879e-01
1.737800828749376251e+03 3.685139459957785246e-01
1.778279410038922833e+03 3.684994640012124734e-01
1.819700858609984380e+03 3.684509447945740201e-01
1.862087136662867579e+03 3.683402006485990698e-01
1.905460717963248271e+03 3.681605534332830221e-01
1.949844599758045433e+03 3.678920993497802883e-01
1.995262314968880901e+03 3.675307455188729922e-01
2.041737944669529497e+03 3.670804346221462344e-01
2.089296130854040712e+03 3.665416618558692274e-01
2.137962089502232629e+03 3.659282399786932261e-01
2.187761623949551904e+03 3.652410288709575514e-01
2.238721138568339939e+03 3.644874719181437350e-01
2.290867652767772597e+03 3.636624615647269798e-01
2.344228815319922887e+03 3.627611009363648775e-01
2.398832919019489964e+03 3.617739381781411856e-01
2.454708915685031116e+03 3.606872364486183868e-01
2.511886431509579779e+03 3.594972752531366278e-01
2.570395782768864592e+03 3.585864998151375160e-01
2.630267991895381329e+03 3.571927773176361010e-01
2.691534803926916538e+03 3.557126720509931062e-01
2.754228703338166270e+03 3.541485520158832445e-01
2.818382931264454783e+03 3.524960391203393884e-01
2.884031503126605912e+03 3.507458674542157095e-01
2.951209226666387167e+03 3.488927873454913398e-01
3.019951720402016235e+03 3.469368326547891401e-01
3.090295432513592004e+03 3.448829232125971700e-01
