1.000000000000000000e+00 8.196046847693592152e-01
1.023292992280754099e+00 8.203828805873599750e-01
1.047128548050899610e+00 8.211618212892668467e-01
1.071519305237606412e+00 8.220249262654003575e-01
1.096478196143185091e+00 8.226882506986615828e-01
1.122018454301963342e+00 8.234225494093128095e-01
1.148153621496882826e+00 8.241015612941721136e-01
1.174897554939529520e+00 8.249352137989275358e-01
1.202264434617412947e+00 8.256929151209437823e-01
1.230268770812381618e+00 8.264779973630393961e-01
1.258925411794167282e+00 8.273973949432670283e-01
1.288249551693134043e+00 8.262380568177672968e-01
1.318256738556407015e+00 8.282568597043903358e-01
1.348962882591653534e+00 8.290901987355803193e-01
1.380384264602884770e+00 8.298575042951925607e-01
1.412537544622754382e+00 8.306046510522258064e-01
1.445439770745927444e+00 8.313424919581612338e-01
1.479108388168207444e+00 8.320749695405451618e-01
1.513561248436208206e+00 8.328045548411872057e-01
1.548816618912481458e+00 8.339378933716667941e-01
1.584893192461113598e+00 8.347155401889065907e-01
1.621810097358930003e+00 8.354938830552028906e-01
1.659586907437560654e+00 8.291620382697084679e-01
1.698243652461744357e+00 8.364439907020919662e-01
1.737800828749375359e+00 8.374293865634143685e-01
1.778279410038922759e+00 8.381253189298190076e-01
1.819700858609983429e+00 8.385035309568372730e-01
1.862087136662867515e+00 8.391981686748091196e-01
1.905460717963247230e+00 8.398885251518940498e-01
1.949844599758045138e+00 8.400116423111472219e-01
1.995262314968879513e+00 8.407204918224830958e-01
2.041737944669529181e+00 8.414016517242168813e-01
2.089296130854039646e+00 8.420838631280446185e-01
2.137962089502232210e+00 8.427729442647332592e-01
2.187761623949552536e+00 8.434725489570413792e-01
2.238721138568339875e+00 8.441838492445673525e-01
2.290867652767773155e+00 8.449046156221019510e-01
2.344228815319921999e+00 8.456298159440289730e-01
2.398832919019490362e+00 8.463547240436926078e-01
2.454708915685030579e+00 8.472247043034353275e-01
2.511886431509580131e+00 8.475622832896143599e-01
2.570395782768863935e+00 8.480833320099576689e-01
2.630267991895381741e+00 8.484170926768849208e-01
2.691534803926915576e+00 8.466017187445948888e-01
2.754228703338166273e+00 8.514060208976227395e-01
2.818382931264453717e+00 8.511524276584109261e-01
2.884031503126605944e+00 8.517455208081947671e-01
2.951209226666386076e+00 8.525247642145308280e-01
3.019951720402016093e+00 8.525675574237525645e-01
3.090295432513590512e+00 8.530924947687579252e-01
3.162277660168379523e+00 8.542253154290027073e-01
3.235936569296282705e+00 8.541063651213657293e-01
3.311311214825911176e+00 8.538730855294278665e-01
3.388441561392025569e+00 8.547406151629990401e-01
3.467368504525316641e+00 8.552876471221890764e-01
3.548133892335755046e+00 8.557825482367966696e-01
3.630780547701013994e+00 8.565514038123105411e-01
3.715352290971726035e+00 8.573899020590164399e-01
3.801893963205611460e+00 8.578918381680065153e-01
3.890451449942805784e+00 8.578839615897496662e-01
3.981071705534972249e+00 8.582697560661461944e-01
4.073802778041127226e+00 8.586254218990310161e-01
4.168693834703353751e+00 8.589576717887418278e-01
4.265795188015927053e+00 8.591861855854938668e-01
4.365158322401660129e+00 8.594606965099480522e-01
4.466835921509631824e+00 8.590437533217513133e-01
4.570881896148750734e+00 8.594056704353890686e-01
4.677351412871982639e+00 8.597646011083273088e-01
4.786300923226384008e+00 8.601173536098288830e-01
4.897788193684462499e+00 8.604633138538502202e-01
5.011872336272723771e+00 8.608041407041372439e-01
5.128613839913648498e+00 8.614014266988815338e-01
5.248074602497725394e+00 8.615883274098744549e-01
5.370317963702526676e+00 8.617588771739409514e-01
5.495408738576245788e+00 8.619133170924008214e-01
5.623413251903491172e+00 8.620556484227031024e-01
5.754399373371569482e+00 8.622736607986607460e-01
5.888436553555889574e+00 8.624504870507248011e-01
6.025595860743577781e+00 8.625987947531039701e-01
6.165950018614822170e+00 8.627108716666100907e-01
6.309573444801933384e+00 8.627867160924286294e-01
6.456542290346556356e+00 8.625795199381359746e-01
6.606934480075961069e+00 8.626495493977014428e-01
6.760829753919819218e+00 8.626840998734666144e-01
6.918309709189363943e+00 8.626848589852134097e-01
7.079457843841378661e+00 8.628213410448472009e-01
7.244359600749900707e+00 8.627479312467604133e-01
7.413102413009174718e+00 8.624829451617991305e-01
7.585775750291837483e+00 8.623692303644332480e-01
7.762471166286917246e+00 8.622422178170883189e-01
7.943282347242815788e+00 8.627409757402193513e-01
8.128305161640993148e+00 8.620585805183803574e-01
8.317637711026710789e+00 8.618650416990767393e-01
8.511380382023766344e+00 8.616063890594193309e-01
8.709635899560806749e+00 8.613352393517040850e-01
8.912509381337455849e+00 8.608520861924607859e-01
9.120108393559096527e+00 8.604647246314790499e-01
9.332543007969910320e+00 8.600453855721542640e-01
9.549925860214358408e+00 8.587597550656641543e-01
9.772372209558106704e+00 8.584375373427576283e-01
1.000000000000000000e+01 8.581240720589063953e-01
1.023292992280754099e+01 8.577901238025882336e-01
1.047128548050899610e+01 8.579698068586982806e-01
1.071519305237606545e+01 8.574503376796641652e-01
1.096478196143185180e+01 8.569797908837256672e-01
1.122018454301963608e+01 8.563738325854530764e-01
1.148153621496882870e+01 8.563852756372093422e-01
1.174897554939529698e+01 8.556850767254169376e-01
1.202264434617413080e+01 8.540713544320158723e-01
1.230268770812381796e+01 8.530760800072260119e-01
1.258925411794167459e+01 8.523576002429833487e-01
1.288249551693134265e+01 8.509158731162509426e-01
1.318256738556407370e+01 8.521225658405529035e-01
1.348962882591654022e+01 8.508612779626704148e-01
1.380384264602885303e+01 8.500620360360454653e-01
1.412537544622754737e+01 8.491590042873223831e-01
1.445439770745927177e+01 8.481890868837145270e-01
1.479108388168207178e+01 8.472261361492440246e-01
1.513561248436207940e+01 8.462633284895094699e-01
1.548816618912481147e+01 8.457013331551951341e-01
1.584893192461113287e+01 8.441381257317378539e-01
1.621810097358929781e+01 8.430463165600160513e-01
1.659586907437560654e+01 8.432697520435248340e-01
1.698243652461744446e+01 8.411717902059109297e-01
1.737800828749375270e+01 8.400025345264574561e-01
1.778279410038922848e+01 8.381263864077276304e-01
1.819700858609983385e+01 8.370029299388463961e-01
1.862087136662867692e+01 8.357850927185211942e-01
1.905460717963247319e+01 8.343387133823206847e-01
1.949844599758045405e+01 8.331339377002955349e-01
1.995262314968879735e+01 8.305386965583637648e-01
2.041737944669529625e+01 8.292199043315399143e-01
2.089296130854039646e+01 8.289172940841068593e-01
2.137962089502232388e+01 8.272967126747806654e-01
2.187761623949553069e+01 8.261136759945179042e-01
2.238721138568340052e+01 8.240930344517700679e-01
2.290867652767773421e+01 8.223969531003731959e-01
2.344228815319922532e+01 8.208597230023866320e-01
2.398832919019491072e+01 8.190741758363643266e-01
2.454708915685031201e+01 8.175883741551890349e-01
2.511886431509580930e+01 8.158674393367467692e-01
2.570395782768863313e+01 8.140317571497458493e-01
2.630267991895381385e+01 8.121736552329512637e-01
2.691534803926915487e+01 8.103061145248925401e-01
2.754228703338166184e+01 8.084064375173456440e-01
2.818382931264453362e+01 8.064629963785736599e-01
2.884031503126605855e+01 8.044639570440711429e-01
2.951209226666385632e+01 8.025284942855771542e-01
3.019951720402016093e+01 8.006353632681473265e-01
3.090295432513590512e+01 7.983822106120213036e-01
3.162277660168379256e+01 7.962537153190445416e-01
3.235936569296282528e+01 7.940170311469820774e-01
3.311311214825911264e+01 7.915890675492363027e-01
3.388441561392025392e+01 7.899751910772687680e-01
3.467368504525316553e+01 7.877314544270723751e-01
3.548133892335754780e+01 7.847827915273458688e-01
3.630780547701014171e+01 7.823977854798875864e-01
3.715352290971726035e+01 7.797126917746580732e-01
3.801893963205612437e+01 7.775276142406312152e-01
3.890451449942806761e+01 7.752221174252237335e-01
3.981071705534973404e+01 7.725280828451622783e-01
4.073802778041127937e+01 7.699801134570510852e-01
4.168693834703355350e+01 7.674243153746399537e-01
4.265795188015927408e+01 7.633103590680676565e-01
4.365158322401661195e+01 7.610937123835378459e-01
4.466835921509632357e+01 7.587563455466179718e-01
4.570881896148751622e+01 7.546808926710935062e-01
4.677351412871981040e+01 7.539729390816621857e-01
4.786300923226382764e+01 7.511358465413222607e-01
4.897788193684461078e+01 7.482940744184392035e-01
5.011872336272722350e+01 7.454218635345097876e-01
5.128613839913648320e+01 7.425209281096606384e-01
5.248074602497725749e+01 7.395914818752674647e-01
5.370317963702527209e+01 7.366340201303590574e-01
5.495408738576245611e+01 7.336693911802460999e-01
5.623413251903490817e+01 7.306794173039408147e-01
5.754399373371569482e+01 7.278350944772757902e-01
5.888436553555889930e+01 7.246089536915073515e-01
6.025595860743577958e+01 7.221476462718926514e-01
6.165950018614822170e+01 7.200356068780664476e-01
6.309573444801932851e+01 7.165272716892514548e-01
6.456542290346556001e+01 7.131978765139556087e-01
6.606934480075960892e+01 7.096740412462411163e-01
6.760829753919819041e+01 7.058774629192547945e-01
6.918309709189365719e+01 7.027022341084959711e-01
7.079457843841380793e+01 6.995711949986084255e-01
7.244359600749902484e+01 6.964529926925850933e-01
7.413102413009177383e+01 6.933506868697275616e-01
7.585775750291840325e+01 6.901526008125513645e-01
7.762471166286920266e+01 6.870776711426224148e-01
7.943282347242816854e+01 6.840187163014057603e-01
8.128305161640994925e+01 6.810053077148923162e-01
8.317637711026708303e+01 6.780297424902930192e-01
8.511380382023763502e+01 6.746864093089448566e-01
8.709635899560805683e+01 6.721536830398527895e-01
8.912509381337454784e+01 6.694235027579008568e-01
9.120108393559097237e+01 6.664664190051244885e-01
9.332543007969910320e+01 6.638241952761000375e-01
9.549925860214358408e+01 6.611396687926729410e-01
9.772372209558106704e+01 6.585255493921726710e-01
1.000000000000000000e+02 6.559895757379808900e-01
1.023292992280754703e+02 6.535410510691386232e-01
1.047128548050899610e+02 6.512097809161175865e-01
1.071519305237606972e+02 6.492390517026640495e-01
1.096478196143185073e+02 6.470793563128705017e-01
1.122018454301963004e+02 6.447353358429818160e-01
1.148153621496882835e+02 6.428006461097144353e-01
1.174897554939529130e+02 6.399028318917366898e-01
1.202264434617413116e+02 6.392739022861301246e-01
1.230268770812381121e+02 6.395617714650889685e-01
1.258925411794167530e+02 6.360495150151992405e-01
1.288249551693133697e+02 6.345796452831327095e-01
1.318256738556407299e+02 6.333365741960068629e-01
1.348962882591653170e+02 6.319576221809567462e-01
1.380384264602885196e+02 6.306709238561805098e-01
1.412537544622753956e+02 6.294324074365794663e-01
1.445439770745927888e+02 6.282575630913345144e-01
1.479108388168207284e+02 6.271331672575555238e-01
1.513561248436208757e+02 6.261056527678359185e-01
1.548816618912481147e+02 6.249007913664255121e-01
1.584893192461114211e+02 6.241808291336161663e-01
1.621810097358929852e+02 6.232169562191752776e-01
1.659586907437561365e+02 6.223195574437802025e-01
1.698243652461744375e+02 6.211986054169765792e-01
1.737800828749376194e+02 6.200902921573470117e-01
1.778279410038922776e+02 6.189002426644052424e-01
1.819700858609984380e+02 6.176088912406845211e-01
1.862087136662867408e+02 6.143801873816707726e-01
1.905460717963248385e+02 6.135717731847997181e-01
1.949844599758045547e+02 6.131636560321854779e-01
1.995262314968880730e+02 6.120388373796390447e-01
2.041737944669529554e+02 6.096793970044336319e-01
2.089296130854038722e+02 6.077942806746285953e-01
2.137962089502232459e+02 6.056226845228300792e-01
2.187761623949551790e+02 6.046348216710469847e-01
2.238721138568340052e+02 6.017639604730296021e-01
2.290867652767772427e+02 5.995909821484087798e-01
2.344228815319922603e+02 5.973296778305823285e-01
2.398832919019489793e+02 5.951767923817856687e-01
2.454708915685031059e+02 5.928811029237462948e-01
2.511886431509579722e+02 5.903997877612079392e-01
2.570395782768864592e+02 5.878282162345747075e-01
2.630267991895381670e+02 5.843652767448769270e-01
2.691534803926916766e+02 5.827580292068783585e-01
2.754228703338166042e+02 5.803787692193231873e-01
2.818382931264454783e+02 5.764883597779990598e-01
2.884031503126605571e+02 5.771051468419390318e-01
2.951209226666387053e+02 5.742782812093903955e-01
3.019951720402016235e+02 5.714681043006876182e-01
3.090295432513592004e+02 5.708936600363107017e-01
3.162277660168379612e+02 5.693387679097421383e-01
3.235936569296284233e+02 5.678526530940275485e-01
3.311311214825910838e+02 5.664373409897232037e-01
3.388441561392027666e+02 5.650207208920630109e-01
3.467368504525316553e+02 5.636051652037930015e-01
3.548133892335756627e+02 5.671669940632385609e-01
3.630780547701014029e+02 5.606835482662788639e-01
3.715352290971724187e+02 5.597989997555632424e-01
3.801893963205612863e+02 5.587058313852016900e-01
3.890451449942804629e+02 5.576406526163341093e-01
3.981071705534973262e+02 5.567787636673845464e-01
4.073802778041126089e+02 5.560119434351368239e-01
4.168693834703354923e+02 5.556248933743656027e-01
4.265795188015925419e+02 5.512262366542676206e-01
4.365158322401661053e+02 5.541617856840025391e-01
4.466835921509630225e+02 5.510618387746266666e-01
4.570881896148752048e+02 5.526309694102818915e-01
4.677351412871981324e+02 5.516373054472321069e-01
4.786300923226385180e+02 5.506492524099001473e-01
4.897788193684461362e+02 5.493545094884426661e-01
5.011872336272724624e+02 5.502137310645947021e-01
5.128613839913648462e+02 5.501824364106943088e-01
5.248074602497728165e+02 5.495063264796111735e-01
5.370317963702526640e+02 5.497801951627212524e-01
5.495408738576247742e+02 5.500268202713504140e-01
5.623413251903490391e+02 5.506591586405485961e-01
5.754399373371572892e+02 5.486484151482315941e-01
5.888436553555890214e+02 5.480223242201254230e-01
6.025595860743580943e+02 5.504118241354232222e-01
6.165950018614821602e+02 5.499161581310594293e-01
6.309573444801936830e+02 5.473047019353834974e-01
6.456542290346556001e+02 5.482858900962865878e-01
6.606934480075957481e+02 5.479757613439303343e-01
6.760829753919819041e+02 5.484071945948206794e-01
6.918309709189362593e+02 5.481201484745830133e-01
7.079457843841380509e+02 5.473513498668336474e-01
7.244359600749899073e+02 5.475556843934645812e-01
7.413102413009177099e+02 5.484623481251075239e-01
7.585775750291835493e+02 5.487239306345179646e-01
7.762471166286919697e+02 5.478414367956383479e-01
7.943282347242812875e+02 5.475317401234872650e-01
8.128305161640995493e+02 5.467034843000184718e-01
8.317637711026708303e+02 5.473349409661426579e-01
8.511380382023768334e+02 5.477884715063575660e-01
8.709635899560805683e+02 5.486267262712561932e-01
8.912509381337458763e+02 5.497047877702710972e-01
9.120108393559096385e+02 5.508092088970184541e-01
9.332543007969915152e+02 5.519343120529294211e-01
9.549925860214359545e+02 5.526572936651805712e-01
9.772372209558111535e+02 5.531453509006925007e-01
1.000000000000000000e+03 5.535026007598191633e-01
1.023292992280754675e+03 5.539324737252391273e-01
1.047128548050899553e+03 5.547624229214496161e-01
1.071519305237607114e+03 5.560605851251398946e-01
1.096478196143185187e+03 5.575282219497548208e-01
1.122018454301964084e+03 5.585922791852717673e-01
1.148153621496882806e+03 5.592493814866777990e-01
1.174897554939530210e+03 5.596851102538346057e-01
1.202264434617413144e+03 5.601634329532307888e-01
1.230268770812381035e+03 5.609236642551725938e-01
1.258925411794167530e+03 5.620356031538356056e-01
1.288249551693133526e+03 5.629115158729012247e-01
1.318256738556407527e+03 5.642413843752445146e-01
1.348962882591653170e+03 5.656047848675713752e-01
1.380384264602885196e+03 5.669179304490592486e-01
1.412537544622754012e+03 5.680343202552901039e-01
1.445439770745927945e+03 5.692605101786186728e-01
1.479108388168207284e+03 5.705808928905389266e-01
1.513561248436208643e+03 5.718938799166106701e-01
1.548816618912481090e+03 5.731072700716866031e-01
1.584893192461114040e+03 5.741852511141608550e-01
1.621810097358929852e+03 5.751958875701790319e-01
1.659586907437561422e+03 5.762083798766167719e-01
1.698243652461744205e+03 5.772760937146215188e-01
1.737800828749376251e+03 5.784162219786318504e-01
1.778279410038922833e+03 5.795938852525088780e-01
1.819700858609984380e+03 5.807949122987077217e-01
1.862087136662867579e+03 5.819771563734748021e-01
1.905460717963248271e+03 5.831358142653132459e-01
1.949844599758045433e+03 5.842420166248518676e-01
1.995262314968880901e+03 5.852863534615730945e-01
2.041737944669529497e+03 5.862750595044950996e-01
2.089296130854040712e+03 5.872114584352330358e-01
2.137962089502232629e+03 5.881167100283724025e-01
2.187761623949551904e+03 5.889919617867647172e-01
2.238721138568339939e+03 5.898517478474100129e-01
2.290867652767772597e+03 5.906873157730843094e-01
2.344228815319922887e+03 5.914875543968964866e-01
2.398832919019489964e+03 5.922378602116559199e-01
2.454708915685031116e+03 5.929172479296123122e-01
2.511886431509579779e+03 5.935171977686994893e-01
2.570395782768864592e+03 5.940358839233302879e-01
2.630267991895381329e+03 5.944906538878443891e-01
2.691534803926916538e+03 5.948907599135250246e-01
2.754228703338166270e+03 5.952361662427874123e-01
2.818382931264454783e+03 5.955188757610788697e-01
2.884031503126605912e+03 5.957226474254725401e-01
2.951209226666387167e+03 5.958340989564383516e-01
3.019951720402016235e+03 5.958491468038402683e-01
3.090295432513592004e+03 5.957752526176500751e-01
