1.000000000000000000e+00 9.389510234635431996e-01
1.023292992280754099e+00 9.393505240973354375e-01
1.047128548050899610e+00 9.396752446660682212e-01
1.071519305237606412e+00 9.399505543002791841e-01
1.096478196143185091e+00 9.402941091634815507e-01
1.122018454301963342e+00 9.406871216135939129e-01
1.148153621496882826e+00 9.409699033411071944e-01
1.174897554939529520e+00 9.413059267604941827e-01
1.202264434617412947e+00 9.416435091235078048e-01
1.230268770812381618e+00 9.419782004140816456e-01
1.258925411794167282e+00 9.423995840082318720e-01
1.288249551693134043e+00 9.427618543387088490e-01
1.318256738556407015e+00 9.430997464562682620e-01
1.348962882591653534e+00 9.434041409651942045e-01
1.380384264602884770e+00 9.436602463021316334e-01
1.412537544622754382e+00 9.439083132875295545e-01
1.445439770745927444e+00 9.443828593113570147e-01
1.479108388168207444e+00 9.445953101837133437e-01
1.513561248436208206e+00 9.446231625308423308e-01
1.548816618912481458e+00 9.450356973909106451e-01
1.584893192461113598e+00 9.453621974186530164e-01
1.621810097358930003e+00 9.456522200671101386e-01
1.659586907437560654e+00 9.459221899375968023e-01
1.698243652461744357e+00 9.461822679148897963e-01
1.737800828749375359e+00 9.464348308945255139e-01
1.778279410038922759e+00 9.466794211085921562e-01
1.819700858609983429e+00 9.469174534780692154e-01
1.862087136662867515e+00 9.473714273369653327e-01
1.905460717963247230e+00 9.475988298121549303e-01
1.949844599758045138e+00 9.478230740808534227e-01
1.995262314968879513e+00 9.480399869327031936e-01
2.041737944669529181e+00 9.478311667529247808e-01
2.089296130854039646e+00 9.483951369452442437e-01
2.137962089502232210e+00 9.485607855123753263e-01
2.187761623949552536e+00 9.487964540413584835e-01
2.238721138568339875e+00 9.489968503970644953e-01
2.290867652767773155e+00 9.491914160047297822e-01
2.344228815319921999e+00 9.494197891380554699e-01
2.398832919019490362e+00 9.495414301812646896e-01
2.454708915685030579e+00 9.497215497302847753e-01
2.511886431509580131e+00 9.499114881565743351e-01
2.570395782768863935e+00 9.500126719124019070e-01
2.630267991895381741e+00 9.502260542558448320e-01
2.691534803926915576e+00 9.502326789640631599e-01
2.754228703338166273e+00 9.505420910022484016e-01
2.818382931264453717e+00 9.506854297000052467e-01
2.884031503126605944e+00 9.508265945168151712e-01
2.951209226666386076e+00 9.508941559974262159e-01
3.019951720402016093e+00 9.510917059571895038e-01
3.090295432513590512e+00 9.512700507995898169e-01
3.162277660168379523e+00 9.513990510585585980e-01
3.235936569296282705e+00 9.514432196308327816e-01
3.311311214825911176e+00 9.514320296917486708e-01
3.388441561392025569e+00 9.516596236587613333e-01
3.467368504525316641e+00 9.518011211570857055e-01
3.548133892335755046e+00 9.516497683954562303e-01
3.630780547701013994e+00 9.518463821855328577e-01
3.715352290971726035e+00 9.519608255342215664e-01
3.801893963205611460e+00 9.520478338341122893e-01
3.890451449942805784e+00 9.520996433880088983e-01
3.981071705534972249e+00 9.521524594849296586e-01
4.073802778041127226e+00 9.522651308139140625e-01
4.168693834703353751e+00 9.530682526993491388e-01
4.265795188015927053e+00 9.524454644924038593e-01
4.365158322401660129e+00 9.524807979752292209e-01
4.466835921509631824e+00 9.525024090149015743e-01
4.570881896148750734e+00 9.525196311461682219e-01
4.677351412871982639e+00 9.533660810323025814e-01
4.786300923226384008e+00 9.525528152761016942e-01
4.897788193684462499e+00 9.525708747850325508e-01
5.011872336272723771e+00 9.528737174812502708e-01
5.128613839913648498e+00 9.526318224447031247e-01
5.248074602497725394e+00 9.525938503025598303e-01
5.370317963702526676e+00 9.525499602491710460e-01
5.495408738576245788e+00 9.525907760856712203e-01
5.623413251903491172e+00 9.524788654630568230e-01
5.754399373371569482e+00 9.524418818314360768e-01
5.888436553555889574e+00 9.527440271710763131e-01
6.025595860743577781e+00 9.524646418772181322e-01
6.165950018614822170e+00 9.524244864366072649e-01
6.309573444801933384e+00 9.523292764616603234e-01
6.456542290346556356e+00 9.522999539234225930e-01
6.606934480075961069e+00 9.525208109538083612e-01
6.760829753919819218e+00 9.523075180495511605e-01
6.918309709189363943e+00 9.521200477243617621e-01
7.079457843841378661e+00 9.520512406213883505e-01
7.244359600749900707e+00 9.519566954266902581e-01
7.413102413009174718e+00 9.518541208252007113e-01
7.585775750291837483e+00 9.518199869540107105e-01
7.762471166286917246e+00 9.516567605832291221e-01
7.943282347242815788e+00 9.516770051419091159e-01
8.128305161640993148e+00 9.515718648053708151e-01
8.317637711026710789e+00 9.513678470229720574e-01
8.511380382023766344e+00 9.512258102890710498e-01
8.709635899560806749e+00 9.510824671174146205e-01
8.912509381337455849e+00 9.518836689087217806e-01
9.120108393559096527e+00 9.507626478756361355e-01
9.332543007969910320e+00 9.506395328622969654e-01
9.549925860214358408e+00 9.504578844303597229e-01
9.772372209558106704e+00 9.502884707956049670e-01
1.000000000000000000e+01 9.500891717606292364e-01
1.023292992280754099e+01 9.499017821156705565e-01
1.047128548050899610e+01 9.497144216810060602e-01
1.071519305237606545e+01 9.494999373557654332e-01
1.096478196143185180e+01 9.492368995439450785e-01
1.122018454301963608e+01 9.489907925090625973e-01
1.148153621496882870e+01 9.488680476669457686e-01
1.174897554939529698e+01 9.485299775407918244e-01
1.202264434617413080e+01 9.485110683674814469e-01
1.230268770812381796e+01 9.481375577061427196e-01
1.258925411794167459e+01 9.478674907621266188e-01
1.288249551693134265e+01 9.476226560052667391e-01
1.318256738556407370e+01 9.473509931438786058e-01
1.348962882591654022e+01 9.470672806456389425e-01
1.380384264602885303e+01 9.467754643002113113e-01
1.412537544622754737e+01 9.465831930422662355e-01
1.445439770745927177e+01 9.461188930693256172e-01
1.479108388168207178e+01 9.459956911828822923e-01
1.513561248436207940e+01 9.456033421014060636e-01
1.548816618912481147e+01 9.452491511812547431e-01
1.584893192461113287e+01 9.449630687348997693e-01
1.621810097358929781e+01 9.451750665572664634e-01
1.659586907437560654e+01 9.440922934210441708e-01
1.698243652461744446e+01 9.437428060865313828e-01
1.737800828749375270e+01 9.433516097351762886e-01
1.778279410038922848e+01 9.429539347259244808e-01
1.819700858609983385e+01 9.425445982934942402e-01
1.862087136662867692e+01 9.421144691461975640e-01
1.905460717963247319e+01 9.416923704199674505e-01
1.949844599758045405e+01 9.412680057111153520e-01
1.995262314968879735e+01 9.407922135407295050e-01
2.041737944669529625e+01 9.403112881748557639e-01
2.089296130854039646e+01 9.398461419133656847e-01
2.137962089502232388e+01 9.396612591428233907e-01
2.187761623949553069e+01 9.389638585444450847e-01
2.238721138568340052e+01 9.383165436753740929e-01
2.290867652767773421e+01 9.376306464786533512e-01
2.344228815319922532e+01 9.368872229094488135e-01
2.398832919019491072e+01 9.367535622947322782e-01
2.454708915685031201e+01 9.361871748779891922e-01
2.511886431509580930e+01 9.356199858570297678e-01
2.570395782768863313e+01 9.350032155452069338e-01
2.630267991895381385e+01 9.344061730092526608e-01
2.691534803926915487e+01 9.337757901881089673e-01
2.754228703338166184e+01 9.330490620224513032e-01
2.818382931264453362e+01 9.325060241448841492e-01
2.884031503126605855e+01 9.318423017062066327e-01
2.951209226666385632e+01 9.311458763236580838e-01
3.019951720402016093e+01 9.305492670063817418e-01
3.090295432513590512e+01 9.299064170569083521e-01
3.162277660168379256e+01 9.290252299206672726e-01
3.235936569296282528e+01 9.282849273812785462e-01
3.311311214825911264e+01 9.275180275264114371e-01
3.388441561392025392e+01 9.267417863881889373e-01
3.467368504525316553e+01 9.259239536919686708e-01
3.548133892335754780e+01 9.251279227040124509e-01
3.630780547701014171e+01 9.242972100654341938e-01
3.715352290971726035e+01 9.234421465385472816e-01
3.801893963205612437e+01 9.226068210672633274e-01
3.890451449942806761e+01 9.217268041121917665e-01
3.981071705534973404e+01 9.213544695447396515e-01
4.073802778041127937e+01 9.197461427425345226e-01
4.168693834703355350e+01 9.189072923659875602e-01
4.265795188015927408e+01 9.178411304559568329e-01
4.365158322401661195e+01 9.169485799686111216e-01
4.466835921509632357e+01 9.159430112421688142e-01
4.570881896148751622e+01 9.149111897466071230e-01
4.677351412871981040e+01 9.138528499957215834e-01
4.786300923226382764e+01 9.127764876006874140e-01
4.897788193684461078e+01 9.116982534631100643e-01
5.011872336272722350e+01 9.105674264785501570e-01
5.128613839913648320e+01 9.096683168606563008e-01
5.248074602497725749e+01 9.082646819132779159e-01
5.370317963702527209e+01 9.070764439016959502e-01
5.495408738576245611e+01 9.058829138798224490e-01
5.623413251903490817e+01 9.046378507518988421e-01
5.754399373371569482e+01 9.033378880343960748e-01
5.888436553555889930e+01 9.020866992127869466e-01
6.025595860743577958e+01 9.007955221016504810e-01
6.165950018614822170e+01 8.994720682653910560e-01
6.309573444801932851e+01 8.981189288928823622e-01
6.456542290346556001e+01 8.967462299853956598e-01
6.606934480075960892e+01 8.953663265121657444e-01
6.760829753919819041e+01 8.939480527582024383e-01
6.918309709189365719e+01 8.924771963231223904e-01
7.079457843841380793e+01 8.910134582440479845e-01
7.244359600749902484e+01 8.895223190165019167e-01
7.413102413009177383e+01 8.880069260638635553e-01
7.585775750291840325e+01 8.864486374823520309e-01
7.762471166286920266e+01 8.849162327395948546e-01
7.943282347242816854e+01 8.833345978061838411e-01
8.128305161640994925e+01 8.816551116269095711e-01
8.317637711026708303e+01 8.801517360128805478e-01
8.511380382023763502e+01 8.785309519423399882e-01
8.709635899560805683e+01 8.768311661102460297e-01
8.912509381337454784e+01 8.751607130563480164e-01
9.120108393559097237e+01 8.734761044899931326e-01
9.332543007969910320e+01 8.717764066997459871e-01
9.549925860214358408e+01 8.700692270431901187e-01
9.772372209558106704e+01 8.683487786792697394e-01
1.000000000000000000e+02 8.666216075764051618e-01
1.023292992280754703e+02 8.648815648776196907e-01
1.047128548050899610e+02 8.631418378092335919e-01
1.071519305237606972e+02 8.613937488326178782e-01
1.096478196143185073e+02 8.596225977310298916e-01
1.122018454301963004e+02 8.578988157678429927e-01
1.148153621496882835e+02 8.561547111196619042e-01
1.174897554939529130e+02 8.544313486530074053e-01
1.202264434617413116e+02 8.526839915950492621e-01
1.230268770812381121e+02 8.509629299900774990e-01
1.258925411794167530e+02 8.492536892602925436e-01
1.288249551693133697e+02 8.475601943968484875e-01
1.318256738556407299e+02 8.458793358659861816e-01
1.348962882591653170e+02 8.442288542670141060e-01
1.380384264602885196e+02 8.425981250980767445e-01
1.412537544622753956e+02 8.409821249527796860e-01
1.445439770745927888e+02 8.393934441991666162e-01
1.479108388168207284e+02 8.378315264609103030e-01
1.513561248436208757e+02 8.362985758466742192e-01
1.548816618912481147e+02 8.347978726668767724e-01
1.584893192461114211e+02 8.333108796020579634e-01
1.621810097358929852e+02 8.318609324679085981e-01
1.659586907437561365e+02 8.304346663145778518e-01
1.698243652461744375e+02 8.290315464400038747e-01
1.737800828749376194e+02 8.276475565107096477e-01
1.778279410038922776e+02 8.262905062841005011e-01
1.819700858609984380e+02 8.249448425941485752e-01
1.862087136662867408e+02 8.236097243946013391e-01
1.905460717963248385e+02 8.222716436122738948e-01
1.949844599758045547e+02 8.209564396142865483e-01
1.995262314968880730e+02 8.196119704980830978e-01
2.041737944669529554e+02 8.178777860040328251e-01
2.089296130854038722e+02 8.168884486699224956e-01
2.137962089502232459e+02 8.154829370709243408e-01
2.187761623949551790e+02 8.140373242407874521e-01
2.238721138568340052e+02 8.125404469557341303e-01
2.290867652767772427e+02 8.109844611741864329e-01
2.344228815319922603e+02 8.093480434015343228e-01
2.398832919019489793e+02 8.076432532041544210e-01
2.454708915685031059e+02 8.058451204662040457e-01
2.511886431509579722e+02 8.039458028803110334e-01
2.570395782768864592e+02 8.019319449771549202e-01
2.630267991895381670e+02 7.998036643114505573e-01
2.691534803926916766e+02 7.975489248791945984e-01
2.754228703338166042e+02 7.951630950732689884e-01
2.818382931264454783e+02 7.926435929932456048e-01
2.884031503126605571e+02 7.899833605166952655e-01
2.951209226666387053e+02 7.871550571907276472e-01
3.019951720402016235e+02 7.842500812554296097e-01
3.090295432513592004e+02 7.812379777108178214e-01
3.162277660168379612e+02 7.780013285862267258e-01
3.235936569296284233e+02 7.746918427575867350e-01
3.311311214825910838e+02 7.712840281466686321e-01
3.388441561392027666e+02 7.677987002062449662e-01
3.467368504525316553e+02 7.642279504192623918e-01
3.548133892335756627e+02 7.606113985378276654e-01
3.630780547701014029e+02 7.569638598477637093e-01
3.715352290971724187e+02 7.533032812781818022e-01
3.801893963205612863e+02 7.496654338447041876e-01
3.890451449942804629e+02 7.460444463694276829e-01
3.981071705534973262e+02 7.424785059994182257e-01
4.073802778041126089e+02 7.389820050865631984e-01
4.168693834703354923e+02 7.355701901391361597e-01
4.265795188015925419e+02 7.322600726196225596e-01
4.365158322401661053e+02 7.290298806069492876e-01
4.466835921509630225e+02 7.259237118340466921e-01
4.570881896148752048e+02 7.229143708356803311e-01
4.677351412871981324e+02 7.200082186446246091e-01
4.786300923226385180e+02 7.171560771838716430e-01
4.897788193684461362e+02 7.143647040599764297e-01
5.011872336272724624e+02 7.115814396574789980e-01
5.128613839913648462e+02 7.088464783286347881e-01
5.248074602497728165e+02 7.060505912528608485e-01
5.370317963702526640e+02 7.031993805162042310e-01
5.495408738576247742e+02 7.002239791583952933e-01
5.623413251903490391e+02 6.971284583944453717e-01
5.754399373371572892e+02 6.938792538041055336e-01
5.888436553555890214e+02 6.904538119705052601e-01
6.025595860743580943e+02 6.868309982033047323e-01
6.165950018614821602e+02 6.830300352260796348e-01
6.309573444801936830e+02 6.790666047947585549e-01
6.456542290346556001e+02 6.748455829893924562e-01
6.606934480075957481e+02 6.708161248984444436e-01
6.760829753919819041e+02 6.660183968001770483e-01
6.918309709189362593e+02 6.614477258688112871e-01
7.079457843841380509e+02 6.568116802189319925e-01
7.244359600749899073e+02 6.521342805990838487e-01
7.413102413009177099e+02 6.475306995124857634e-01
7.585775750291835493e+02 6.428435253526436632e-01
7.762471166286919697e+02 6.382963796522940214e-01
7.943282347242812875e+02 6.338495878336335432e-01
8.128305161640995493e+02 6.294748857731787828e-01
8.317637711026708303e+02 6.251827019627914650e-01
8.511380382023768334e+02 6.209833529143168329e-01
8.709635899560805683e+02 6.168300021390044074e-01
8.912509381337458763e+02 6.127079735629968882e-01
9.120108393559096385e+02 6.085870631657179786e-01
9.332543007969915152e+02 6.047845786770446042e-01
9.549925860214359545e+02 6.003147143664947505e-01
9.772372209558111535e+02 5.960533445435015620e-01
1.000000000000000000e+03 5.917352517611241813e-01
1.023292992280754675e+03 5.873236873951922510e-01
1.047128548050899553e+03 5.827862717275260618e-01
1.071519305237607114e+03 5.782247225224229625e-01
1.096478196143185187e+03 5.735166645507142613e-01
1.122018454301964084e+03 5.685511095206108312e-01
1.148153621496882806e+03 5.640566976689010970e-01
1.174897554939530210e+03 5.593276227159291736e-01
1.202264434617413144e+03 5.546330322274006797e-01
1.230268770812381035e+03 5.499855890822048510e-01
1.258925411794167530e+03 5.454186008072560155e-01
1.288249551693133526e+03 5.408862406984242810e-01
1.318256738556407527e+03 5.364098906760409458e-01
1.348962882591653170e+03 5.320507330018968695e-01
1.380384264602885196e+03 5.276089976308117047e-01
1.412537544622754012e+03 5.231844642617374808e-01
1.445439770745927945e+03 5.187724302402404453e-01
1.479108388168207284e+03 5.143528065783219416e-01
1.513561248436208643e+03 5.098873758936703915e-01
1.548816618912481090e+03 5.053602277343413052e-01
1.584893192461114040e+03 5.008440607565894931e-01
1.621810097358929852e+03 4.964010166118295597e-01
1.659586907437561422e+03 4.918295871132467023e-01
1.698243652461744205e+03 4.873558251692380883e-01
1.737800828749376251e+03 4.829640317401258653e-01
1.778279410038922833e+03 4.785885070488397619e-01
1.819700858609984380e+03 4.742986996796739185e-01
1.862087136662867579e+03 4.700206903029390815e-01
1.905460717963248271e+03 4.657227023447976233e-01
1.949844599758045433e+03 4.614686594616183024e-01
1.995262314968880901e+03 4.572015107392982114e-01
2.041737944669529497e+03 4.529278591398128717e-01
2.089296130854040712e+03 4.486688754186770045e-01
2.137962089502232629e+03 4.444177035313419122e-01
2.187761623949551904e+03 4.402445470470515154e-01
2.238721138568339939e+03 4.360206786223658759e-01
2.290867652767772597e+03 4.319362917732832985e-01
2.344228815319922887e+03 4.278506978922006487e-01
2.398832919019489964e+03 4.237137631053380371e-01
2.454708915685031116e+03 4.196375779888023572e-01
2.511886431509579779e+03 4.156716716567603886e-01
2.570395782768864592e+03 4.116480360060675303e-01
2.630267991895381329e+03 4.076730532933925399e-01
2.691534803926916538e+03 4.036846007118444768e-01
2.754228703338166270e+03 3.997608123694092463e-01
2.818382931264454783e+03 3.958951716456052261e-01
2.884031503126605912e+03 3.919637209561456226e-01
2.951209226666387167e+03 3.880568256870932653e-01
3.019951720402016235e+03 3.842933223523206654e-01
3.090295432513592004e+03 3.805269687610894347e-01
