1.000000000000000000e+00 1.000000000000000000e+00
1.023292992280754099e+00 1.000000000000000000e+00
1.047128548050899610e+00 1.000000000000000000e+00
1.071519305237606412e+00 1.000000000000000000e+00
1.096478196143185091e+00 1.000000000000000000e+00
1.122018454301963342e+00 1.000000000000000000e+00
1.148153621496882826e+00 1.000000000000000000e+00
1.174897554939529520e+00 1.000000000000000000e+00
1.202264434617412947e+00 1.000000000000000000e+00
1.230268770812381618e+00 1.000000000000000000e+00
1.258925411794167282e+00 1.000000000000000000e+00
1.288249551693134043e+00 1.000000000000000000e+00
1.318256738556407015e+00 1.000000000000000000e+00
1.348962882591653534e+00 1.000000000000000000e+00
1.380384264602884770e+00 1.000000000000000000e+00
1.412537544622754382e+00 1.000000000000000000e+00
1.445439770745927444e+00 1.000000000000000000e+00
1.479108388168207444e+00 1.000000000000000000e+00
1.513561248436208206e+00 1.000000000000000000e+00
1.548816618912481458e+00 1.000000000000000000e+00
1.584893192461113598e+00 1.000000000000000000e+00
1.621810097358930003e+00 1.000000000000000000e+00
1.659586907437560654e+00 1.000000000000000000e+00
1.698243652461744357e+00 1.000000000000000000e+00
1.737800828749375359e+00 1.000000000000000000e+00
1.778279410038922759e+00 1.000000000000000000e+00
1.819700858609983429e+00 1.000000000000000000e+00
1.862087136662867515e+00 1.000000000000000000e+00
1.905460717963247230e+00 1.000000000000000000e+00
1.949844599758045138e+00 1.000000000000000000e+00
1.995262314968879513e+00 1.000000000000000000e+00
2.041737944669529181e+00 1.000000000000000000e+00
2.089296130854039646e+00 1.000000000000000000e+00
2.137962089502232210e+00 1.000000000000000000e+00
2.187761623949552536e+00 1.000000000000000000e+00
2.238721138568339875e+00 1.000000000000000000e+00
2.290867652767773155e+00 1.000000000000000000e+00
2.344228815319921999e+00 1.000000000000000000e+00
2.398832919019490362e+00 1.000000000000000000e+00
2.454708915685030579e+00 1.000000000000000000e+00
2.511886431509580131e+00 1.000000000000000000e+00
2.570395782768863935e+00 1.000000000000000000e+00
2.630267991895381741e+00 1.000000000000000000e+00
2.691534803926915576e+00 1.000000000000000000e+00
2.754228703338166273e+00 1.000000000000000000e+00
2.818382931264453717e+00 1.000000000000000000e+00
2.884031503126605944e+00 1.000000000000000000e+00
2.951209226666386076e+00 1.000000000000000000e+00
3.019951720402016093e+00 1.000000000000000000e+00
3.090295432513590512e+00 1.000000000000000000e+00
3.162277660168379523e+00 1.000000000000000000e+00
3.235936569296282705e+00 1.000000000000000000e+00
3.311311214825911176e+00 1.000000000000000000e+00
3.388441561392025569e+00 1.000000000000000000e+00
3.467368504525316641e+00 1.000000000000000000e+00
3.548133892335755046e+00 1.000000000000000000e+00
3.630780547701013994e+00 1.000000000000000000e+00
3.715352290971726035e+00 1.000000000000000000e+00
3.801893963205611460e+00 1.000000000000000000e+00
3.890451449942805784e+00 1.000000000000000000e+00
3.981071705534972249e+00 1.000000000000000000e+00
4.073802778041127226e+00 1.000000000000000000e+00
4.168693834703353751e+00 1.000000000000000000e+00
4.265795188015927053e+00 1.000000000000000000e+00
4.365158322401660129e+00 1.000000000000000000e+00
4.466835921509631824e+00 1.000000000000000000e+00
4.570881896148750734e+00 1.000000000000000000e+00
4.677351412871982639e+00 1.000000000000000000e+00
4.786300923226384008e+00 1.000000000000000000e+00
4.897788193684462499e+00 1.000000000000000000e+00
5.011872336272723771e+00 1.000000000000000000e+00
5.128613839913648498e+00 1.000000000000000000e+00
5.248074602497725394e+00 1.000000000000000000e+00
5.370317963702526676e+00 1.000000000000000000e+00
5.495408738576245788e+00 1.000000000000000000e+00
5.623413251903491172e+00 1.000000000000000000e+00
5.754399373371569482e+00 1.000000000000000000e+00
5.888436553555889574e+00 1.000000000000000000e+00
6.025595860743577781e+00 1.000000000000000000e+00
6.165950018614822170e+00 1.000000000000000000e+00
6.309573444801933384e+00 1.000000000000000000e+00
6.456542290346556356e+00 1.000000000000000000e+00
6.606934480075961069e+00 1.000000000000000000e+00
6.760829753919819218e+00 1.000000000000000000e+00
6.918309709189363943e+00 1.000000000000000000e+00
7.079457843841378661e+00 1.000000000000000000e+00
7.244359600749900707e+00 1.000000000000000000e+00
7.413102413009174718e+00 1.000000000000000000e+00
7.585775750291837483e+00 1.000000000000000000e+00
7.762471166286917246e+00 1.000000000000000000e+00
7.943282347242815788e+00 1.000000000000000000e+00
8.128305161640993148e+00 1.000000000000000000e+00
8.317637711026710789e+00 1.000000000000000000e+00
8.511380382023766344e+00 1.000000000000000000e+00
8.709635899560806749e+00 1.000000000000000000e+00
8.912509381337455849e+00 1.000000000000000000e+00
9.120108393559096527e+00 1.000000000000000000e+00
9.332543007969910320e+00 1.000000000000000000e+00
9.549925860214358408e+00 1.000000000000000000e+00
9.772372209558106704e+00 1.000000000000000000e+00
1.000000000000000000e+01 1.000000000000000000e+00
1.023292992280754099e+01 1.000000000000000000e+00
1.047128548050899610e+01 1.000000000000000000e+00
1.071519305237606545e+01 1.000000000000000000e+00
1.096478196143185180e+01 1.000000000000000000e+00
1.122018454301963608e+01 1.000000000000000000e+00
1.148153621496882870e+01 1.000000000000000000e+00
1.174897554939529698e+01 1.000000000000000000e+00
1.202264434617413080e+01 1.000000000000000000e+00
1.230268770812381796e+01 1.000000000000000000e+00
1.258925411794167459e+01 1.000000000000000000e+00
1.288249551693134265e+01 1.000000000000000000e+00
1.318256738556407370e+01 1.000000000000000000e+00
1.348962882591654022e+01 1.000000000000000000e+00
1.380384264602885303e+01 1.000000000000000000e+00
1.412537544622754737e+01 1.000000000000000000e+00
1.445439770745927177e+01 1.000000000000000000e+00
1.479108388168207178e+01 1.000000000000000000e+00
1.513561248436207940e+01 1.000000000000000000e+00
1.548816618912481147e+01 1.000000000000000000e+00
1.584893192461113287e+01 1.000000000000000000e+00
1.621810097358929781e+01 1.000000000000000000e+00
1.659586907437560654e+01 1.000000000000000000e+00
1.698243652461744446e+01 1.000000000000000000e+00
1.737800828749375270e+01 1.000000000000000000e+00
1.778279410038922848e+01 1.000000000000000000e+00
1.819700858609983385e+01 1.000000000000000000e+00
1.862087136662867692e+01 1.000000000000000000e+00
1.905460717963247319e+01 1.000000000000000000e+00
1.949844599758045405e+01 1.000000000000000000e+00
1.995262314968879735e+01 1.000000000000000000e+00
2.041737944669529625e+01 1.000000000000000000e+00
2.089296130854039646e+01 1.000000000000000000e+00
2.137962089502232388e+01 1.000000000000000000e+00
2.187761623949553069e+01 1.000000000000000000e+00
2.238721138568340052e+01 1.000000000000000000e+00
2.290867652767773421e+01 1.000000000000000000e+00
2.344228815319922532e+01 1.000000000000000000e+00
2.398832919019491072e+01 1.000000000000000000e+00
2.454708915685031201e+01 1.000000000000000000e+00
2.511886431509580930e+01 1.000000000000000000e+00
2.570395782768863313e+01 1.000000000000000000e+00
2.630267991895381385e+01 1.000000000000000000e+00
2.691534803926915487e+01 1.000000000000000000e+00
2.754228703338166184e+01 1.000000000000000000e+00
2.818382931264453362e+01 1.000000000000000000e+00
2.884031503126605855e+01 1.000000000000000000e+00
2.951209226666385632e+01 1.000000000000000000e+00
3.019951720402016093e+01 1.000000000000000000e+00
3.090295432513590512e+01 1.000000000000000000e+00
3.162277660168379256e+01 1.000000000000000000e+00
3.235936569296282528e+01 1.000000000000000000e+00
3.311311214825911264e+01 1.000000000000000000e+00
3.388441561392025392e+01 1.000000000000000000e+00
3.467368504525316553e+01 1.000000000000000000e+00
3.548133892335754780e+01 1.000000000000000000e+00
3.630780547701014171e+01 1.000000000000000000e+00
3.715352290971726035e+01 1.000000000000000000e+00
3.801893963205612437e+01 1.000000000000000000e+00
3.890451449942806761e+01 1.000000000000000000e+00
3.981071705534973404e+01 1.000000000000000000e+00
4.073802778041127937e+01 1.000000000000000000e+00
4.168693834703355350e+01 1.000000000000000000e+00
4.265795188015927408e+01 1.000000000000000000e+00
4.365158322401661195e+01 1.000000000000000000e+00
4.466835921509632357e+01 1.000000000000000000e+00
4.570881896148751622e+01 1.000000000000000000e+00
4.677351412871981040e+01 1.000000000000000000e+00
4.786300923226382764e+01 1.000000000000000000e+00
4.897788193684461078e+01 1.000000000000000000e+00
5.011872336272722350e+01 1.000000000000000000e+00
5.128613839913648320e+01 1.000000000000000000e+00
5.248074602497725749e+01 1.000000000000000000e+00
5.370317963702527209e+01 1.000000000000000000e+00
5.495408738576245611e+01 1.000000000000000000e+00
5.623413251903490817e+01 1.000000000000000000e+00
5.754399373371569482e+01 1.000000000000000000e+00
5.888436553555889930e+01 1.000000000000000000e+00
6.025595860743577958e+01 1.000000000000000000e+00
6.165950018614822170e+01 1.000000000000000000e+00
6.309573444801932851e+01 1.000000000000000000e+00
6.456542290346556001e+01 1.000000000000000000e+00
6.606934480075960892e+01 1.000000000000000000e+00
6.760829753919819041e+01 1.000000000000000000e+00
6.918309709189365719e+01 1.000000000000000000e+00
7.079457843841380793e+01 1.000000000000000000e+00
7.244359600749902484e+01 1.000000000000000000e+00
7.413102413009177383e+01 1.000000000000000000e+00
7.585775750291840325e+01 1.000000000000000000e+00
7.762471166286920266e+01 1.000000000000000000e+00
7.943282347242816854e+01 1.000000000000000000e+00
8.128305161640994925e+01 1.000000000000000000e+00
8.317637711026708303e+01 1.000000000000000000e+00
8.511380382023763502e+01 1.000000000000000000e+00
8.709635899560805683e+01 1.000000000000000000e+00
8.912509381337454784e+01 1.000000000000000000e+00
9.120108393559097237e+01 1.000000000000000000e+00
9.332543007969910320e+01 1.000000000000000000e+00
9.549925860214358408e+01 1.000000000000000000e+00
9.772372209558106704e+01 1.000000000000000000e+00
1.000000000000000000e+02 1.000000000000000000e+00
1.023292992280754703e+02 1.000000000000000000e+00
1.047128548050899610e+02 1.000000000000000000e+00
1.071519305237606972e+02 1.000000000000000000e+00
1.096478196143185073e+02 1.000000000000000000e+00
1.122018454301963004e+02 1.000000000000000000e+00
1.148153621496882835e+02 1.000000000000000000e+00
1.174897554939529130e+02 1.000000000000000000e+00
1.202264434617413116e+02 1.000000000000000000e+00
1.230268770812381121e+02 1.000000000000000000e+00
1.258925411794167530e+02 1.000000000000000000e+00
1.288249551693133697e+02 1.000000000000000000e+00
1.318256738556407299e+02 1.000000000000000000e+00
1.348962882591653170e+02 1.000000000000000000e+00
1.380384264602885196e+02 1.000000000000000000e+00
1.412537544622753956e+02 1.000000000000000000e+00
1.445439770745927888e+02 1.000000000000000000e+00
1.479108388168207284e+02 1.000000000000000000e+00
1.513561248436208757e+02 1.000000000000000000e+00
1.548816618912481147e+02 1.000000000000000000e+00
1.584893192461114211e+02 1.000000000000000000e+00
1.621810097358929852e+02 1.000000000000000000e+00
1.659586907437561365e+02 1.000000000000000000e+00
1.698243652461744375e+02 1.000000000000000000e+00
1.737800828749376194e+02 1.000000000000000000e+00
1.778279410038922776e+02 1.000000000000000000e+00
1.819700858609984380e+02 1.000000000000000000e+00
1.862087136662867408e+02 1.000000000000000000e+00
1.905460717963248385e+02 1.000000000000000000e+00
1.949844599758045547e+02 1.000000000000000000e+00
1.995262314968880730e+02 1.000000000000000000e+00
2.041737944669529554e+02 1.000000000000000000e+00
2.089296130854038722e+02 1.000000000000000000e+00
2.137962089502232459e+02 1.000000000000000000e+00
2.187761623949551790e+02 1.000000000000000000e+00
2.238721138568340052e+02 1.000000000000000000e+00
2.290867652767772427e+02 1.000000000000000000e+00
2.344228815319922603e+02 1.000000000000000000e+00
2.398832919019489793e+02 1.000000000000000000e+00
2.454708915685031059e+02 1.000000000000000000e+00
2.511886431509579722e+02 1.000000000000000000e+00
2.570395782768864592e+02 1.000000000000000000e+00
2.630267991895381670e+02 1.000000000000000000e+00
2.691534803926916766e+02 1.000000000000000000e+00
2.754228703338166042e+02 1.000000000000000000e+00
2.818382931264454783e+02 1.000000000000000000e+00
2.884031503126605571e+02 1.000000000000000000e+00
2.951209226666387053e+02 1.000000000000000000e+00
3.019951720402016235e+02 1.000000000000000000e+00
3.090295432513592004e+02 1.000000000000000000e+00
3.162277660168379612e+02 1.000000000000000000e+00
3.235936569296284233e+02 1.000000000000000000e+00
3.311311214825910838e+02 1.000000000000000000e+00
3.388441561392027666e+02 1.000000000000000000e+00
3.467368504525316553e+02 1.000000000000000000e+00
3.548133892335756627e+02 1.000000000000000000e+00
3.630780547701014029e+02 1.000000000000000000e+00
3.715352290971724187e+02 1.000000000000000000e+00
3.801893963205612863e+02 1.000000000000000000e+00
3.890451449942804629e+02 1.000000000000000000e+00
3.981071705534973262e+02 1.000000000000000000e+00
4.073802778041126089e+02 1.000000000000000000e+00
4.168693834703354923e+02 1.000000000000000000e+00
4.265795188015925419e+02 1.000000000000000000e+00
4.365158322401661053e+02 1.000000000000000000e+00
4.466835921509630225e+02 1.000000000000000000e+00
4.570881896148752048e+02 1.000000000000000000e+00
4.677351412871981324e+02 1.000000000000000000e+00
4.786300923226385180e+02 1.000000000000000000e+00
4.897788193684461362e+02 1.000000000000000000e+00
5.011872336272724624e+02 1.000000000000000000e+00
5.128613839913648462e+02 1.000000000000000000e+00
5.248074602497728165e+02 1.000000000000000000e+00
5.370317963702526640e+02 1.000000000000000000e+00
5.495408738576247742e+02 1.000000000000000000e+00
5.623413251903490391e+02 1.000000000000000000e+00
5.754399373371572892e+02 1.000000000000000000e+00
5.888436553555890214e+02 1.000000000000000000e+00
6.025595860743580943e+02 1.000000000000000000e+00
6.165950018614821602e+02 1.000000000000000000e+00
6.309573444801936830e+02 1.000000000000000000e+00
6.456542290346556001e+02 1.000000000000000000e+00
6.606934480075957481e+02 1.000000000000000000e+00
6.760829753919819041e+02 1.000000000000000000e+00
6.918309709189362593e+02 1.000000000000000000e+00
7.079457843841380509e+02 1.000000000000000000e+00
7.244359600749899073e+02 1.000000000000000000e+00
7.413102413009177099e+02 1.000000000000000000e+00
7.585775750291835493e+02 1.000000000000000000e+00
7.762471166286919697e+02 1.000000000000000000e+00
7.943282347242812875e+02 1.000000000000000000e+00
8.128305161640995493e+02 1.000000000000000000e+00
8.317637711026708303e+02 1.000000000000000000e+00
8.511380382023768334e+02 1.000000000000000000e+00
8.709635899560805683e+02 1.000000000000000000e+00
8.912509381337458763e+02 1.000000000000000000e+00
9.120108393559096385e+02 1.000000000000000000e+00
9.332543007969915152e+02 1.000000000000000000e+00
9.549925860214359545e+02 1.000000000000000000e+00
9.772372209558111535e+02 1.000000000000000000e+00
1.000000000000000000e+03 1.000000000000000000e+00
1.023292992280754675e+03 1.000000000000000000e+00
1.047128548050899553e+03 1.000000000000000000e+00
1.071519305237607114e+03 1.000000000000000000e+00
1.096478196143185187e+03 1.000000000000000000e+00
1.122018454301964084e+03 1.000000000000000000e+00
1.148153621496882806e+03 1.000000000000000000e+00
1.174897554939530210e+03 1.000000000000000000e+00
1.202264434617413144e+03 1.000000000000000000e+00
1.230268770812381035e+03 1.000000000000000000e+00
1.258925411794167530e+03 1.000000000000000000e+00
1.288249551693133526e+03 1.000000000000000000e+00
1.318256738556407527e+03 1.000000000000000000e+00
1.348962882591653170e+03 1.000000000000000000e+00
1.380384264602885196e+03 1.000000000000000000e+00
1.412537544622754012e+03 1.000000000000000000e+00
1.445439770745927945e+03 1.000000000000000000e+00
1.479108388168207284e+03 1.000000000000000000e+00
1.513561248436208643e+03 1.000000000000000000e+00
1.548816618912481090e+03 1.000000000000000000e+00
