1.000000000000000000e+00 3.485863260982849932e-01
1.023292992280754099e+00 3.492955889638436062e-01
1.047128548050899610e+00 3.500142087058341622e-01
1.071519305237606412e+00 3.507417489484716544e-01
1.096478196143185091e+00 3.514776163936431108e-01
1.122018454301963342e+00 3.522213540651595864e-01
1.148153621496882826e+00 3.529723808946081398e-01
1.174897554939529520e+00 3.537644673207647750e-01
1.202264434617412947e+00 3.545170632691281298e-01
1.230268770812381618e+00 3.552783107273818075e-01
1.258925411794167282e+00 3.560419340825160539e-01
1.288249551693134043e+00 3.568259086969532978e-01
1.318256738556407015e+00 3.576276182052875452e-01
1.348962882591653534e+00 3.584660507389048623e-01
1.380384264602884770e+00 3.596593845567390701e-01
1.412537544622754382e+00 3.598123070766481302e-01
1.445439770745927444e+00 3.607259878244586382e-01
1.479108388168207444e+00 3.615781199519363942e-01
1.513561248436208206e+00 3.624250255310200175e-01
1.548816618912481458e+00 3.632755634522646937e-01
1.584893192461113598e+00 3.641332166768347922e-01
1.621810097358930003e+00 3.649999945980555993e-01
1.659586907437560654e+00 3.658770298436286317e-01
1.698243652461744357e+00 3.667648361610881813e-01
1.737800828749375359e+00 3.676636767432646113e-01
1.778279410038922759e+00 3.688215998359318792e-01
1.819700858609983429e+00 3.697689337950851307e-01
1.862087136662867515e+00 3.707271450145711023e-01
1.905460717963247230e+00 3.685544984357560505e-01
1.949844599758045138e+00 3.724208351736634226e-01
1.995262314968879513e+00 3.733713405837152388e-01
2.041737944669529181e+00 3.743293526244233504e-01
2.089296130854039646e+00 3.752976069910335943e-01
2.137962089502232210e+00 3.760254601142102304e-01
2.187761623949552536e+00 3.770845282648154217e-01
2.238721138568339875e+00 3.781102964665643551e-01
2.290867652767773155e+00 3.791534758331671084e-01
2.344228815319921999e+00 3.802132228885186649e-01
2.398832919019490362e+00 3.812884283677972497e-01
2.454708915685030579e+00 3.823775424015997126e-01
2.511886431509580131e+00 3.834789453880952936e-01
2.570395782768863935e+00 3.845914086744472993e-01
2.630267991895381741e+00 3.857873378892207605e-01
2.691534803926915576e+00 3.867282014803187229e-01
2.754228703338166273e+00 3.877798613570035413e-01
2.818382931264453717e+00 3.887575913611370781e-01
2.884031503126605944e+00 3.884812862927762844e-01
2.951209226666386076e+00 3.917599209710272978e-01
3.019951720402016093e+00 3.925043447564673382e-01
3.090295432513590512e+00 3.936600049289201708e-01
3.162277660168379523e+00 3.949043976649260212e-01
3.235936569296282705e+00 3.960724350240479308e-01
3.311311214825911176e+00 3.971014841292064834e-01
3.388441561392025569e+00 3.982525558143187872e-01
3.467368504525316641e+00 3.995082695183888033e-01
3.548133892335755046e+00 4.007735173907310267e-01
3.630780547701013994e+00 4.020138620744683200e-01
3.715352290971726035e+00 4.032569323506651759e-01
3.801893963205611460e+00 4.045092986309610783e-01
3.890451449942805784e+00 4.058655744922072817e-01
3.981071705534972249e+00 4.071493740735228628e-01
4.073802778041127226e+00 4.084401857691077331e-01
4.168693834703353751e+00 4.099778364473544712e-01
4.265795188015927053e+00 4.110436415823787160e-01
4.365158322401660129e+00 4.123551889388423208e-01
4.466835921509631824e+00 4.136731910489363506e-01
4.570881896148750734e+00 4.149187788802308763e-01
4.677351412871982639e+00 4.162323792686845048e-01
4.786300923226384008e+00 4.175588904946039848e-01
4.897788193684462499e+00 4.185826562754610403e-01
5.011872336272723771e+00 4.199833479370315148e-01
5.128613839913648498e+00 4.214025159844822510e-01
5.248074602497725394e+00 4.228403530040489300e-01
5.370317963702526676e+00 4.242882342813436569e-01
5.495408738576245788e+00 4.255708984469386280e-01
5.623413251903491172e+00 4.272408211269567713e-01
5.754399373371569482e+00 4.286714504828688099e-01
5.888436553555889574e+00 4.300982076017692002e-01
6.025595860743577781e+00 4.315355385456609572e-01
6.165950018614822170e+00 4.329872164148820812e-01
6.309573444801933384e+00 4.344519079169386622e-01
6.456542290346556356e+00 4.359306457039877625e-01
6.606934480075961069e+00 4.375035781666381518e-01
6.760829753919819218e+00 4.389184032651013978e-01
6.918309709189363943e+00 4.404240049152247649e-01
7.079457843841378661e+00 4.419359945479334195e-01
7.244359600749900707e+00 4.435135610134716688e-01
7.413102413009174718e+00 4.449813992840488952e-01
7.585775750291837483e+00 4.465048548257854466e-01
7.762471166286917246e+00 4.480348229649772640e-01
7.943282347242815788e+00 4.495719136270409644e-01
8.128305161640993148e+00 4.511012135790576916e-01
8.317637711026710789e+00 4.526137010669445959e-01
8.511380382023766344e+00 4.542753661859999514e-01
8.709635899560806749e+00 4.558170553335773589e-01
8.912509381337455849e+00 4.577534459382642806e-01
9.120108393559096527e+00 4.589096106600220604e-01
9.332543007969910320e+00 4.604538468920169603e-01
9.549925860214358408e+00 4.618564363990004251e-01
9.772372209558106704e+00 4.633727559847797273e-01
1.000000000000000000e+01 4.649017422934436650e-01
1.023292992280754099e+01 4.665593960362343084e-01
1.047128548050899610e+01 4.675926624684275668e-01
1.071519305237606545e+01 4.692085833794357730e-01
1.096478196143185180e+01 4.708318698091855103e-01
1.122018454301963608e+01 4.727546972445559881e-01
1.148153621496882870e+01 4.743174772075315349e-01
1.174897554939529698e+01 4.758859056755957995e-01
1.202264434617413080e+01 4.774610566417177848e-01
1.230268770812381796e+01 4.790419181745842470e-01
1.258925411794167459e+01 4.804238929847000628e-01
1.288249551693134265e+01 4.819780221619532345e-01
1.318256738556407370e+01 4.834626389985021699e-01
1.348962882591654022e+01 4.838585536576467949e-01
1.380384264602885303e+01 4.872900326002634896e-01
1.412537544622754737e+01 4.886731751812844471e-01
1.445439770745927177e+01 4.901944124974257910e-01
1.479108388168207178e+01 4.917311874382957471e-01
1.513561248436207940e+01 4.932552039822779011e-01
1.548816618912481147e+01 4.947502241972036585e-01
1.584893192461113287e+01 4.963083272362862619e-01
1.621810097358929781e+01 4.978600668743091151e-01
1.659586907437560654e+01 4.998171242252872903e-01
1.698243652461744446e+01 5.008220763054864744e-01
1.737800828749375270e+01 5.023155301495459968e-01
1.778279410038922848e+01 5.040555497696715959e-01
1.819700858609983385e+01 5.055517578271399026e-01
1.862087136662867692e+01 5.078330594773445839e-01
1.905460717963247319e+01 5.080859087199883772e-01
1.949844599758045405e+01 5.096227723979809276e-01
1.995262314968879735e+01 5.109930774686176624e-01
2.041737944669529625e+01 5.124943298984153683e-01
2.089296130854039646e+01 5.139007206578810605e-01
2.137962089502232388e+01 5.143848636168789623e-01
2.187761623949553069e+01 5.158130113924521698e-01
2.238721138568340052e+01 5.179228572297638333e-01
2.290867652767773421e+01 5.191587731883873236e-01
2.344228815319922532e+01 5.204309358884869896e-01
2.398832919019491072e+01 5.216848092848013208e-01
2.454708915685031201e+01 5.229160409552826572e-01
2.511886431509580930e+01 5.242141324151987636e-01
2.570395782768863313e+01 5.253666938161599687e-01
2.630267991895381385e+01 5.264885952031843619e-01
2.691534803926915487e+01 5.275642939998378411e-01
2.754228703338166184e+01 5.286207150996342641e-01
2.818382931264453362e+01 5.296504260423066102e-01
2.884031503126605855e+01 5.306499876392185566e-01
2.951209226666385632e+01 5.316161204407880980e-01
3.019951720402016093e+01 5.325456879158705359e-01
3.090295432513590512e+01 5.334336240899278936e-01
3.162277660168379256e+01 5.343035330990462128e-01
3.235936569296282528e+01 5.349768766485029081e-01
3.311311214825911264e+01 5.357081827986241995e-01
3.388441561392025392e+01 5.363795318509723131e-01
3.467368504525316553e+01 5.369289496077848112e-01
3.548133892335754780e+01 5.379649051244594915e-01
3.630780547701014171e+01 5.385031085337648182e-01
3.715352290971726035e+01 5.384219674064132377e-01
3.801893963205612437e+01 5.387643151405413500e-01
3.890451449942806761e+01 5.389674126892132211e-01
3.981071705534973404e+01 5.392925892840403357e-01
4.073802778041127937e+01 5.394217785212785943e-01
4.168693834703355350e+01 5.394732283611664014e-01
4.265795188015927408e+01 5.394473971929091283e-01
4.365158322401661195e+01 5.393439445792738152e-01
4.466835921509632357e+01 5.391620773457681537e-01
4.570881896148751622e+01 5.388987637144837528e-01
4.677351412871981040e+01 5.380346005299120327e-01
4.786300923226382764e+01 5.379168153295658117e-01
4.897788193684461078e+01 5.377141324625965835e-01
5.011872336272722350e+01 5.374190296187751903e-01
5.128613839913648320e+01 5.370193483885762342e-01
5.248074602497725749e+01 5.364995518922662798e-01
5.370317963702527209e+01 5.358458367969175518e-01
5.495408738576245611e+01 5.334345029875954269e-01
5.623413251903490817e+01 5.323254550692881892e-01
5.754399373371569482e+01 5.311280886980496163e-01
5.888436553555889930e+01 5.298462019596387185e-01
6.025595860743577958e+01 5.286062879361173028e-01
6.165950018614822170e+01 5.272522634249694473e-01
6.309573444801932851e+01 5.255085019507604871e-01
6.456542290346556001e+01 5.239297920784812268e-01
6.606934480075960892e+01 5.222750917119391989e-01
6.760829753919819041e+01 5.204484499084711668e-01
6.918309709189365719e+01 5.195250614521560450e-01
7.079457843841380793e+01 5.168477768569018638e-01
7.244359600749902484e+01 5.149486806362642000e-01
7.413102413009177383e+01 5.130154485119445829e-01
7.585775750291840325e+01 5.110562047195306157e-01
7.762471166286920266e+01 5.090795917250319214e-01
7.943282347242816854e+01 5.070965191042440257e-01
8.128305161640994925e+01 5.051157260831615758e-01
8.317637711026708303e+01 5.030878318348463996e-01
8.511380382023763502e+01 5.011472881116989520e-01
8.709635899560805683e+01 4.992803980529023633e-01
8.912509381337454784e+01 4.970890523303837516e-01
9.120108393559097237e+01 4.956057135523311841e-01
9.332543007969910320e+01 4.940073391940610903e-01
9.549925860214358408e+01 4.922299959432518413e-01
9.772372209558106704e+01 4.906783658065351217e-01
1.000000000000000000e+02 4.892369085889756719e-01
1.023292992280754703e+02 4.879351907960982060e-01
1.047128548050899610e+02 4.867217777554022629e-01
1.071519305237606972e+02 4.856405261723348299e-01
1.096478196143185073e+02 4.846979569876166405e-01
1.122018454301963004e+02 4.839013809953052747e-01
1.148153621496882835e+02 4.835046671048854883e-01
1.174897554939529130e+02 4.827477762875508338e-01
1.202264434617413116e+02 4.823743663482455979e-01
1.230268770812381121e+02 4.821008118155580835e-01
1.258925411794167530e+02 4.819772150123529109e-01
1.288249551693133697e+02 4.833747394598883473e-01
1.318256738556407299e+02 4.818799396367992594e-01
1.348962882591653170e+02 4.819199909656503023e-01
1.380384264602885196e+02 4.819867478081127365e-01
1.412537544622753956e+02 4.820574285999860153e-01
1.445439770745927888e+02 4.821106063844072809e-01
1.479108388168207284e+02 4.821238334435281603e-01
1.513561248436208757e+02 4.820217732566817181e-01
1.548816618912481147e+02 4.818587704647296355e-01
1.584893192461114211e+02 4.816199918928280588e-01
1.621810097358929852e+02 4.808428818271889837e-01
1.659586907437561365e+02 4.808072641329912411e-01
1.698243652461744375e+02 4.802026545662891333e-01
1.737800828749376194e+02 4.797449414396921519e-01
1.778279410038922776e+02 4.785256472510885373e-01
1.819700858609984380e+02 4.774390113479147768e-01
1.862087136662867408e+02 4.761823880197343373e-01
1.905460717963248385e+02 4.730936737195530761e-01
1.949844599758045547e+02 4.719708646076441472e-01
1.995262314968880730e+02 4.715458205805089786e-01
2.041737944669529554e+02 4.697778180870272879e-01
2.089296130854038722e+02 4.679302652062080070e-01
2.137962089502232459e+02 4.660400350099149214e-01
2.187761623949551790e+02 4.641025559401659728e-01
2.238721138568340052e+02 4.629607761957405532e-01
2.290867652767772427e+02 4.607111094532665985e-01
2.344228815319922603e+02 4.582419728878611709e-01
2.398832919019489793e+02 4.563309744841521631e-01
2.454708915685031059e+02 4.544208548813888915e-01
2.511886431509579722e+02 4.525113079984886544e-01
2.570395782768864592e+02 4.506202442233264160e-01
2.630267991895381670e+02 4.487765155865894307e-01
2.691534803926916766e+02 4.471316876514003225e-01
2.754228703338166042e+02 4.445294118478428369e-01
2.818382931264454783e+02 4.436218184841406731e-01
2.884031503126605571e+02 4.421019665600812165e-01
2.951209226666387053e+02 4.413219732799036898e-01
3.019951720402016235e+02 4.403438044208800584e-01
3.090295432513592004e+02 4.385978085088603762e-01
3.162277660168379612e+02 4.376984153857408910e-01
3.235936569296284233e+02 4.368618439651502094e-01
3.311311214825910838e+02 4.360545535654730687e-01
3.388441561392027666e+02 4.352271284077148250e-01
3.467368504525316553e+02 4.343005347905237734e-01
3.548133892335756627e+02 4.339376250233508703e-01
3.630780547701014029e+02 4.336084632097962355e-01
3.715352290971724187e+02 4.325924937699587858e-01
3.801893963205612863e+02 4.297234566411738954e-01
3.890451449942804629e+02 4.287173891722868557e-01
3.981071705534973262e+02 4.273632502188748905e-01
4.073802778041126089e+02 4.260820598174500096e-01
4.168693834703354923e+02 4.249062337023130631e-01
4.265795188015925419e+02 4.238307036148054041e-01
4.365158322401661053e+02 4.228518299139006342e-01
4.466835921509630225e+02 4.205083882361333458e-01
4.570881896148752048e+02 4.197166081873113797e-01
4.677351412871981324e+02 4.205179328338660705e-01
4.786300923226385180e+02 4.196414043771984348e-01
4.897788193684461362e+02 4.187762895634140614e-01
5.011872336272724624e+02 4.179971173925766670e-01
5.128613839913648462e+02 4.173743750160902044e-01
5.248074602497728165e+02 4.169547096126235419e-01
5.370317963702526640e+02 4.167323540483775512e-01
5.495408738576247742e+02 4.166348635419343527e-01
5.623413251903490391e+02 4.165318552329417279e-01
5.754399373371572892e+02 4.163118936685966665e-01
5.888436553555890214e+02 4.150621467485792748e-01
6.025595860743580943e+02 4.141475960861988326e-01
6.165950018614821602e+02 4.145479288884998947e-01
6.309573444801936830e+02 4.137189177187773348e-01
6.456542290346556001e+02 4.128911187514466286e-01
6.606934480075957481e+02 4.121329705513384067e-01
6.760829753919819041e+02 4.115092846417224837e-01
6.918309709189362593e+02 4.117965251303900565e-01
7.079457843841380509e+02 4.114000069008228455e-01
7.244359600749899073e+02 4.103457819625588865e-01
7.413102413009177099e+02 4.099374836488035578e-01
7.585775750291835493e+02 4.094815298888497823e-01
7.762471166286919697e+02 4.090488431669905278e-01
7.943282347242812875e+02 4.086933533636061266e-01
8.128305161640995493e+02 4.080085421297928727e-01
8.317637711026708303e+02 4.079282561030357357e-01
8.511380382023768334e+02 4.081687255010187920e-01
8.709635899560805683e+02 4.082585573805564971e-01
8.912509381337458763e+02 4.084874938191381810e-01
9.120108393559096385e+02 4.087791299095295816e-01
9.332543007969915152e+02 4.090918545472778112e-01
9.549925860214359545e+02 4.095240326625634864e-01
9.772372209558111535e+02 4.097687682313953528e-01
1.000000000000000000e+03 4.099734455945241440e-01
1.023292992280754675e+03 4.101599963339094268e-01
1.047128548050899553e+03 4.104962584329538977e-01
1.071519305237607114e+03 4.109473153827256642e-01
1.096478196143185187e+03 4.115444061089001959e-01
1.122018454301964084e+03 4.120846382349774295e-01
1.148153621496882806e+03 4.125177551860125247e-01
1.174897554939530210e+03 4.129039592596758235e-01
1.202264434617413144e+03 4.132981382876269594e-01
1.230268770812381035e+03 4.137855963006978888e-01
1.258925411794167530e+03 4.144393471592636713e-01
1.288249551693133526e+03 4.152562706573296736e-01
1.318256738556407527e+03 4.161627418632116715e-01
1.348962882591653170e+03 4.171041171070602460e-01
1.380384264602885196e+03 4.180460694812233036e-01
1.412537544622754012e+03 4.190251150081561460e-01
1.445439770745927945e+03 4.200662080378086416e-01
1.479108388168207284e+03 4.211781101844496167e-01
1.513561248436208643e+03 4.223277837523409239e-01
1.548816618912481090e+03 4.234817666076038378e-01
