1.000000000000000000e+00 9.387550004035913886e-01
1.023292992280754099e+00 9.387451199758730658e-01
1.047128548050899610e+00 9.386673064062627247e-01
1.071519305237606412e+00 9.385588556333310795e-01
1.096478196143185091e+00 9.385062108927761937e-01
1.122018454301963342e+00 9.384466958681276783e-01
1.148153621496882826e+00 9.383818098074473424e-01
1.174897554939529520e+00 9.383165153351641363e-01
1.202264434617412947e+00 9.382472415201927873e-01
1.230268770812381618e+00 9.381765847270119307e-01
1.258925411794167282e+00 9.381898410305352654e-01
1.288249551693134043e+00 9.381289278781775876e-01
1.318256738556407015e+00 9.380631452643299895e-01
1.348962882591653534e+00 9.379579091163884330e-01
1.380384264602884770e+00 9.377974417460550605e-01
1.412537544622754382e+00 9.376268769410246451e-01
1.445439770745927444e+00 9.376791538451682007e-01
1.479108388168207444e+00 9.374692071789878511e-01
1.513561248436208206e+00 9.370743836934738447e-01
1.548816618912481458e+00 9.370594437930466203e-01
1.584893192461113598e+00 9.369572328167441455e-01
1.621810097358930003e+00 9.368167524482984287e-01
1.659586907437560654e+00 9.366556368542124922e-01
1.698243652461744357e+00 9.364805804690702340e-01
1.737800828749375359e+00 9.362970782037207673e-01
1.778279410038922759e+00 9.360942534646421453e-01
1.819700858609983429e+00 9.358971984779105302e-01
1.862087136662867515e+00 9.359040168213739186e-01
1.905460717963247230e+00 9.356844137183549792e-01
1.949844599758045138e+00 9.354567168647885955e-01
1.995262314968879513e+00 9.352221347429195974e-01
2.041737944669529181e+00 9.349105644474671184e-01
2.089296130854039646e+00 9.346693442986611089e-01
2.137962089502232210e+00 9.343786314731726828e-01
2.187761623949552536e+00 9.341537218671427389e-01
2.238721138568339875e+00 9.338891726501015178e-01
2.290867652767773155e+00 9.336184207775198862e-01
2.344228815319921999e+00 9.333781629707752492e-01
2.398832919019490362e+00 9.330300032384383213e-01
2.454708915685030579e+00 9.327384017789626114e-01
2.511886431509580131e+00 9.324527715179865561e-01
2.570395782768863935e+00 9.320715655908772268e-01
2.630267991895381741e+00 9.317230113068518671e-01
2.691534803926915576e+00 9.313214322329058659e-01
2.754228703338166273e+00 9.311420451407473875e-01
2.818382931264453717e+00 9.307113450509660879e-01
2.884031503126605944e+00 9.304393588723508524e-01
2.951209226666386076e+00 9.300140358623772974e-01
3.019951720402016093e+00 9.297096610827410013e-01
3.090295432513590512e+00 9.293958474533847713e-01
3.162277660168379523e+00 9.290054537193234152e-01
3.235936569296282705e+00 9.285440645756611877e-01
3.311311214825911176e+00 9.280245680473123704e-01
3.388441561392025569e+00 9.277342536372019666e-01
3.467368504525316641e+00 9.273583401618911148e-01
3.548133892335755046e+00 9.266903295969203258e-01
3.630780547701013994e+00 9.263587834686491940e-01
3.715352290971726035e+00 9.259473868776499916e-01
3.801893963205611460e+00 9.254951825738666482e-01
3.890451449942805784e+00 9.250174989715974627e-01
3.981071705534972249e+00 9.245282025245956659e-01
4.073802778041127226e+00 9.241176782204386653e-01
4.168693834703353751e+00 9.243376505854794534e-01
4.265795188015927053e+00 9.231685849334703153e-01
4.365158322401660129e+00 9.226597408298143899e-01
4.466835921509631824e+00 9.221232516002545454e-01
4.570881896148750734e+00 9.216167005898781017e-01
4.677351412871982639e+00 9.210316128378231992e-01
4.786300923226384008e+00 9.204938615640392285e-01
4.897788193684462499e+00 9.199217323629340637e-01
5.011872336272723771e+00 9.193549583513113133e-01
5.128613839913648498e+00 9.187829332585640829e-01
5.248074602497725394e+00 9.181998170163855333e-01
5.370317963702526676e+00 9.175538816074519932e-01
5.495408738576245788e+00 9.171750506203649733e-01
5.623413251903491172e+00 9.164264473414098777e-01
5.754399373371569482e+00 9.156575055387958795e-01
5.888436553555889574e+00 9.151371122290180571e-01
6.025595860743577781e+00 9.144907818320149318e-01
6.165950018614822170e+00 9.138139271240248718e-01
6.309573444801933384e+00 9.132921141315201163e-01
6.456542290346556356e+00 9.123901315483488039e-01
6.606934480075961069e+00 9.119998845511553265e-01
6.760829753919819218e+00 9.111857046877648303e-01
6.918309709189363943e+00 9.104081419439266076e-01
7.079457843841378661e+00 9.096537713198994402e-01
7.244359600749900707e+00 9.089753382100024259e-01
7.413102413009174718e+00 9.081926806462966573e-01
7.585775750291837483e+00 9.075374454635166677e-01
7.762471166286917246e+00 9.067913126170843441e-01
7.943282347242815788e+00 9.060220264592901973e-01
8.128305161640993148e+00 9.051962427262850719e-01
8.317637711026710789e+00 9.043210221042985442e-01
8.511380382023766344e+00 9.034405606958141322e-01
8.709635899560806749e+00 9.027457050378239201e-01
8.912509381337455849e+00 9.023022523778226889e-01
9.120108393559096527e+00 9.011256969876957346e-01
9.332543007969910320e+00 9.002822445718101640e-01
9.549925860214358408e+00 8.993928019866206380e-01
9.772372209558106704e+00 8.984865228609753007e-01
1.000000000000000000e+01 8.975875989189221471e-01
1.023292992280754099e+01 8.970053262230324176e-01
1.047128548050899610e+01 8.957700198523752544e-01
1.071519305237606545e+01 8.947997110069865201e-01
1.096478196143185180e+01 8.938421100968134692e-01
1.122018454301963608e+01 8.928589154580101050e-01
1.148153621496882870e+01 8.919999857818106115e-01
1.174897554939529698e+01 8.909095739946233383e-01
1.202264434617413080e+01 8.900530272734166193e-01
1.230268770812381796e+01 8.890169512423841125e-01
1.258925411794167459e+01 8.880027844884199606e-01
1.288249551693134265e+01 8.869758843713351215e-01
1.318256738556407370e+01 8.859376988561264987e-01
1.348962882591654022e+01 8.847450344436584846e-01
1.380384264602885303e+01 8.837841840153446427e-01
1.412537544622754737e+01 8.826787367502859638e-01
1.445439770745927177e+01 8.815882615712005155e-01
1.479108388168207178e+01 8.806541713172045815e-01
1.513561248436207940e+01 8.794335687532984780e-01
1.548816618912481147e+01 8.782699337177169996e-01
1.584893192461113287e+01 8.771684368621847083e-01
1.621810097358929781e+01 8.760950349171633400e-01
1.659586907437560654e+01 8.746467799384896047e-01
1.698243652461744446e+01 8.734294285118359147e-01
1.737800828749375270e+01 8.721836334713229943e-01
1.778279410038922848e+01 8.709129373694981524e-01
1.819700858609983385e+01 8.697106723789816973e-01
1.862087136662867692e+01 8.685211517986128893e-01
1.905460717963247319e+01 8.671334890601506418e-01
1.949844599758045405e+01 8.658348445954906492e-01
1.995262314968879735e+01 8.644895413332537304e-01
2.041737944669529625e+01 8.631285458615789441e-01
2.089296130854039646e+01 8.617392021418174286e-01
2.137962089502232388e+01 8.603687123191514630e-01
2.187761623949553069e+01 8.590729463068970118e-01
2.238721138568340052e+01 8.575183074286516494e-01
2.290867652767773421e+01 8.559350747600168452e-01
2.344228815319922532e+01 8.542811929020024397e-01
2.398832919019491072e+01 8.532121195713431305e-01
2.454708915685031201e+01 8.516769246998564524e-01
2.511886431509580930e+01 8.501498863834784370e-01
2.570395782768863313e+01 8.485599398995620213e-01
2.630267991895381385e+01 8.470438427451215668e-01
2.691534803926915487e+01 8.454568808132801871e-01
2.754228703338166184e+01 8.438390429255375746e-01
2.818382931264453362e+01 8.422184253542207566e-01
2.884031503126605855e+01 8.405636447990310067e-01
2.951209226666385632e+01 8.388715686192693699e-01
3.019951720402016093e+01 8.372690331164633903e-01
3.090295432513590512e+01 8.355947012156329512e-01
3.162277660168379256e+01 8.337508530736624790e-01
3.235936569296282528e+01 8.319630377606339611e-01
3.311311214825911264e+01 8.301670205350999421e-01
3.388441561392025392e+01 8.283502393080954818e-01
3.467368504525316553e+01 8.265109099047887042e-01
3.548133892335754780e+01 8.246475888997820691e-01
3.630780547701014171e+01 8.227528887178848782e-01
3.715352290971726035e+01 8.211389240744839668e-01
3.801893963205612437e+01 8.188974811532389042e-01
3.890451449942806761e+01 8.169461439283207671e-01
3.981071705534973404e+01 8.149377332162861531e-01
4.073802778041127937e+01 8.128453140879312588e-01
4.168693834703355350e+01 8.109117617919661125e-01
4.265795188015927408e+01 8.087862191891835861e-01
4.365158322401661195e+01 8.067771828284254765e-01
4.466835921509632357e+01 8.046306875301565409e-01
4.570881896148751622e+01 8.024892699573084043e-01
4.677351412871981040e+01 8.003209383069891381e-01
4.786300923226382764e+01 7.981332009994697163e-01
4.897788193684461078e+01 7.959209944581288054e-01
5.011872336272722350e+01 7.936844401329963272e-01
5.128613839913648320e+01 7.914268440514253822e-01
5.248074602497725749e+01 7.891508118563622665e-01
5.370317963702527209e+01 7.868441469232380081e-01
5.495408738576245611e+01 7.845217328210272179e-01
5.623413251903490817e+01 7.821815055794800742e-01
5.754399373371569482e+01 7.798215825194475537e-01
5.888436553555889930e+01 7.768102611198582919e-01
6.025595860743577958e+01 7.750489797349973120e-01
6.165950018614822170e+01 7.726412988132688175e-01
6.309573444801932851e+01 7.702869508224662320e-01
6.456542290346556001e+01 7.677942644112537574e-01
6.606934480075960892e+01 7.653534344061917460e-01
6.760829753919819041e+01 7.629038441566663442e-01
6.918309709189365719e+01 7.604559442694869276e-01
7.079457843841380793e+01 7.580018932344244620e-01
7.244359600749902484e+01 7.555477079063871448e-01
7.413102413009177383e+01 7.530977562462606301e-01
7.585775750291840325e+01 7.506302319279978263e-01
7.762471166286920266e+01 7.482150711368403817e-01
7.943282347242816854e+01 7.457855625453450044e-01
8.128305161640994925e+01 7.433129429753536632e-01
8.317637711026708303e+01 7.410064687859776456e-01
8.511380382023763502e+01 7.386389383371501083e-01
8.709635899560805683e+01 7.362606301251252150e-01
8.912509381337454784e+01 7.339387022651013837e-01
9.120108393559097237e+01 7.316505540307437494e-01
9.332543007969910320e+01 7.293959929674066478e-01
9.549925860214358408e+01 7.271826282122929586e-01
9.772372209558106704e+01 7.250237710899819499e-01
1.000000000000000000e+02 7.228861014975062060e-01
1.023292992280754703e+02 7.208031432887419543e-01
1.047128548050899610e+02 7.187752747695359545e-01
1.071519305237606972e+02 7.167954426676960145e-01
1.096478196143185073e+02 7.148631183208022932e-01
1.122018454301963004e+02 7.130229709813779015e-01
1.148153621496882835e+02 7.111972146164191599e-01
1.174897554939529130e+02 7.094817013076057943e-01
1.202264434617413116e+02 7.078124061432613523e-01
1.230268770812381121e+02 7.061995679582070418e-01
1.258925411794167530e+02 7.046477029024029726e-01
1.288249551693133697e+02 7.031608685618752075e-01
1.318256738556407299e+02 7.017338921195973578e-01
1.348962882591653170e+02 7.003101696638709406e-01
1.380384264602885196e+02 6.990651073427321949e-01
1.412537544622753956e+02 6.978073267711036864e-01
1.445439770745927888e+02 6.966014466399207405e-01
1.479108388168207284e+02 6.954420537014694981e-01
1.513561248436208757e+02 6.943243269787047200e-01
1.548816618912481147e+02 6.932462016914280323e-01
1.584893192461114211e+02 6.921857427684423580e-01
1.621810097358929852e+02 6.911540028767301225e-01
1.659586907437561365e+02 6.901356924706618656e-01
1.698243652461744375e+02 6.891230793435990654e-01
1.737800828749376194e+02 6.881097131733484584e-01
1.778279410038922776e+02 6.870868776498509911e-01
1.819700858609984380e+02 6.860447070815567372e-01
1.862087136662867408e+02 6.849784958596327744e-01
1.905460717963248385e+02 6.838668656263623413e-01
1.949844599758045547e+02 6.827321663163132826e-01
1.995262314968880730e+02 6.815294581564395049e-01
2.041737944669529554e+02 6.802780984709390077e-01
2.089296130854038722e+02 6.789606021150476067e-01
2.137962089502232459e+02 6.775746031085793097e-01
2.187761623949551790e+02 6.761160966213801693e-01
2.238721138568340052e+02 6.745814410991527454e-01
2.290867652767772427e+02 6.729704538360591348e-01
2.344228815319922603e+02 6.718813260085521044e-01
2.398832919019489793e+02 6.695147128550660298e-01
2.454708915685031059e+02 6.676781481004442353e-01
2.511886431509579722e+02 6.657728902540637206e-01
2.570395782768864592e+02 6.637575215692977926e-01
2.630267991895381670e+02 6.617872826979104284e-01
2.691534803926916766e+02 6.597230704875247653e-01
2.754228703338166042e+02 6.576271815234779883e-01
2.818382931264454783e+02 6.555116875522699615e-01
2.884031503126605571e+02 6.533842526332935829e-01
2.951209226666387053e+02 6.512366730210126242e-01
3.019951720402016235e+02 6.491556588691973495e-01
3.090295432513592004e+02 6.471254833659686456e-01
3.162277660168379612e+02 6.450571255765661371e-01
3.235936569296284233e+02 6.430832231965790680e-01
3.311311214825910838e+02 6.414877704975396888e-01
3.388441561392027666e+02 6.393547116741706837e-01
3.467368504525316553e+02 6.376129913284316331e-01
3.548133892335756627e+02 6.359678196077931389e-01
3.630780547701014029e+02 6.344294754456747398e-01
3.715352290971724187e+02 6.329863179576411536e-01
3.801893963205612863e+02 6.316596418343390917e-01
3.890451449942804629e+02 6.304265893537890353e-01
3.981071705534973262e+02 6.292978946164122789e-01
4.073802778041126089e+02 6.283251193842706028e-01
4.168693834703354923e+02 6.273167596379810584e-01
4.265795188015925419e+02 6.264558550939098858e-01
4.365158322401661053e+02 6.256644807145638199e-01
4.466835921509630225e+02 6.249447003217762919e-01
4.570881896148752048e+02 6.242721741092325249e-01
4.677351412871981324e+02 6.236615937659091280e-01
4.786300923226385180e+02 6.230721665389649111e-01
4.897788193684461362e+02 6.225170373275006330e-01
5.011872336272724624e+02 6.219861703186211344e-01
5.128613839913648462e+02 6.214701780756215488e-01
5.248074602497728165e+02 6.209693191899143816e-01
5.370317963702526640e+02 6.204491382977500580e-01
5.495408738576247742e+02 6.199154397616819523e-01
5.623413251903490391e+02 6.194074358969474670e-01
5.754399373371572892e+02 6.187745886039641707e-01
5.888436553555890214e+02 6.182212458205158523e-01
6.025595860743580943e+02 6.176647495909386443e-01
6.165950018614821602e+02 6.170525922489207282e-01
6.309573444801936830e+02 6.164121319255232434e-01
6.456542290346556001e+02 6.157721738381232157e-01
6.606934480075957481e+02 6.151310132246908813e-01
6.760829753919819041e+02 6.144805457159252526e-01
6.918309709189362593e+02 6.138465985638932310e-01
7.079457843841380509e+02 6.132265270003368629e-01
7.244359600749899073e+02 6.126056021780124095e-01
7.413102413009177099e+02 6.120592795778998507e-01
7.585775750291835493e+02 6.115525045243749291e-01
7.762471166286919697e+02 6.111352875259544737e-01
7.943282347242812875e+02 6.108121010096245751e-01
8.128305161640995493e+02 6.105660020951679812e-01
8.317637711026708303e+02 6.104162625043577650e-01
8.511380382023768334e+02 6.103813660469986635e-01
8.709635899560805683e+02 6.104577235911979871e-01
8.912509381337458763e+02 6.106089162058161435e-01
9.120108393559096385e+02 6.108997479209261616e-01
9.332543007969915152e+02 6.112881213944665326e-01
9.549925860214359545e+02 6.115777912077997591e-01
9.772372209558111535e+02 6.119431842489807538e-01
1.000000000000000000e+03 6.123332810895619760e-01
1.023292992280754675e+03 6.127106267670192619e-01
1.047128548050899553e+03 6.130368191791332189e-01
1.071519305237607114e+03 6.133296382286532733e-01
1.096478196143185187e+03 6.135783827811087665e-01
1.122018454301964084e+03 6.136919736539601100e-01
1.148153621496882806e+03 6.139875795470909337e-01
1.174897554939530210e+03 6.141560159029999522e-01
1.202264434617413144e+03 6.144105826449609564e-01
1.230268770812381035e+03 6.147162382685293913e-01
1.258925411794167530e+03 6.149648467773177751e-01
1.288249551693133526e+03 6.155722739766921192e-01
1.318256738556407527e+03 6.161516215918850792e-01
1.348962882591653170e+03 6.167591698139099909e-01
1.380384264602885196e+03 6.174433771597390708e-01
1.412537544622754012e+03 6.181431875611862470e-01
1.445439770745927945e+03 6.188334427563029205e-01
1.479108388168207284e+03 6.194870862908022913e-01
1.513561248436208643e+03 6.200982599189255318e-01
1.548816618912481090e+03 6.207286638918531052e-01
1.584893192461114040e+03 6.211788452157439577e-01
1.621810097358929852e+03 6.217041998971616357e-01
1.659586907437561422e+03 6.220838642419037612e-01
1.698243652461744205e+03 6.225604991551836331e-01
1.737800828749376251e+03 6.230933999070963347e-01
1.778279410038922833e+03 6.236183849110414901e-01
1.819700858609984380e+03 6.242277640833345798e-01
1.862087136662867579e+03 6.248149075577603684e-01
1.905460717963248271e+03 6.253790222741599791e-01
1.949844599758045433e+03 6.258923986135924711e-01
1.995262314968880901e+03 6.263312171808370632e-01
2.041737944669529497e+03 6.267421096415920490e-01
2.089296130854040712e+03 6.270605662862185348e-01
2.137962089502232629e+03 6.274796245409491879e-01
2.187761623949551904e+03 6.277020822097322261e-01
2.238721138568339939e+03 6.278967899016184573e-01
2.290867652767772597e+03 6.282708851354052992e-01
2.344228815319922887e+03 6.285105099761881808e-01
2.398832919019489964e+03 6.286979953260388720e-01
2.454708915685031116e+03 6.284883685491524652e-01
2.511886431509579779e+03 6.289001305878564319e-01
2.570395782768864592e+03 6.289544876154327113e-01
2.630267991895381329e+03 6.288837750346516486e-01
2.691534803926916538e+03 6.288137097355104288e-01
2.754228703338166270e+03 6.287080862467050446e-01
2.818382931264454783e+03 6.285841648253408520e-01
2.884031503126605912e+03 6.282748048880254510e-01
2.951209226666387167e+03 6.279082633832570037e-01
3.019951720402016235e+03 6.276645759953215498e-01
3.090295432513592004e+03 6.272899951631982773e-01
