1.000000000000000000e+00 9.671206136104248952e-01
1.023292992280754099e+00 9.675051200853151956e-01
1.047128548050899610e+00 9.678921499954791230e-01
1.071519305237606412e+00 9.682782500552927774e-01
1.096478196143185091e+00 9.686602939330307693e-01
1.122018454301963342e+00 9.690362240703261909e-01
1.148153621496882826e+00 9.694045358775197352e-01
1.174897554939529520e+00 9.698593728262705493e-01
1.202264434617412947e+00 9.701805489680469519e-01
1.230268770812381618e+00 9.704993714329990251e-01
1.258925411794167282e+00 9.708176169914384257e-01
1.288249551693134043e+00 9.711387101406121491e-01
1.318256738556407015e+00 9.714795115957071125e-01
1.348962882591653534e+00 9.717485462919543959e-01
1.380384264602884770e+00 9.730800577300112719e-01
1.412537544622754382e+00 9.715719449379977002e-01
1.445439770745927444e+00 9.720932343763828420e-01
1.479108388168207444e+00 9.724176931009326230e-01
1.513561248436208206e+00 9.726952990819534017e-01
1.548816618912481458e+00 9.729473048779454514e-01
1.584893192461113598e+00 9.733644648488626316e-01
1.621810097358930003e+00 9.735972163637190979e-01
1.659586907437560654e+00 9.738321481576425187e-01
1.698243652461744357e+00 9.741489081274692374e-01
1.737800828749375359e+00 9.744088610183253563e-01
1.778279410038922759e+00 9.753266380985030626e-01
1.819700858609983429e+00 9.756511663002324086e-01
1.862087136662867515e+00 9.759611082490978751e-01
1.905460717963247230e+00 9.676070629035108395e-01
1.949844599758045138e+00 9.754716751338122771e-01
1.995262314968879513e+00 9.756467993600804745e-01
2.041737944669529181e+00 9.758337351022203787e-01
2.089296130854039646e+00 9.760223040717893594e-01
2.137962089502232210e+00 9.755554944795158390e-01
2.187761623949552536e+00 9.755638122572818371e-01
2.238721138568339875e+00 9.757683931244066633e-01
2.290867652767773155e+00 9.760027898908508748e-01
2.344228815319921999e+00 9.762653615766492265e-01
2.398832919019490362e+00 9.765483899799157763e-01
2.454708915685030579e+00 9.768401665069340600e-01
2.511886431509580131e+00 9.771282888950983958e-01
2.570395782768863935e+00 9.774045346232624887e-01
2.630267991895381741e+00 9.778512626195836610e-01
2.691534803926915576e+00 9.776123127204763286e-01
2.754228703338166273e+00 9.776173631664283326e-01
2.818382931264453717e+00 9.774031403698526521e-01
2.884031503126605944e+00 9.740169051091552843e-01
2.951209226666386076e+00 9.790139357476618232e-01
3.019951720402016093e+00 9.781560751824522892e-01
3.090295432513590512e+00 9.782984988351650646e-01
3.162277660168379523e+00 9.786387128053924966e-01
3.235936569296282705e+00 9.790855668887697982e-01
3.311311214825911176e+00 9.796875421046526977e-01
3.388441561392025569e+00 9.795405789571604016e-01
3.467368504525316641e+00 9.796143262052450229e-01
3.548133892335755046e+00 9.791559075588784911e-01
3.630780547701013994e+00 9.792709708131185353e-01
3.715352290971726035e+00 9.793685296914999006e-01
3.801893963205611460e+00 9.794641474908281076e-01
3.890451449942805784e+00 9.797843193558234409e-01
3.981071705534972249e+00 9.798989820049754940e-01
4.073802778041127226e+00 9.799992239049670761e-01
4.168693834703353751e+00 9.806545762619972573e-01
4.265795188015927053e+00 9.801612522820927209e-01
4.365158322401660129e+00 9.801444016128506576e-01
4.466835921509631824e+00 9.803468512808612978e-01
4.570881896148750734e+00 9.802487989282749892e-01
4.677351412871982639e+00 9.802996017135614526e-01
4.786300923226384008e+00 9.803642538564494302e-01
4.897788193684462499e+00 9.799739622846083131e-01
5.011872336272723771e+00 9.792935464849524818e-01
5.128613839913648498e+00 9.794041025969082437e-01
5.248074602497725394e+00 9.795315859100875988e-01
5.370317963702526676e+00 9.798845015581385542e-01
5.495408738576245788e+00 9.796142360692563500e-01
5.623413251903491172e+00 9.801208866025048483e-01
5.754399373371569482e+00 9.801252735684152784e-01
5.888436553555889574e+00 9.800950641026310306e-01
6.025595860743577781e+00 9.800696440288612088e-01
6.165950018614822170e+00 9.800618694451816992e-01
6.309573444801933384e+00 9.800735065230627985e-01
6.456542290346556356e+00 9.801006925785467061e-01
6.606934480075961069e+00 9.803775147726770944e-01
6.760829753919819218e+00 9.803202339100415275e-01
6.918309709189363943e+00 9.801991724092899982e-01
7.079457843841378661e+00 9.795456771178850941e-01
7.244359600749900707e+00 9.795251581421572373e-01
7.413102413009174718e+00 9.802611665989838796e-01
7.585775750291837483e+00 9.802519549936604681e-01
7.762471166286917246e+00 9.802347893598055695e-01
7.943282347242815788e+00 9.801789093651801510e-01
8.128305161640993148e+00 9.801496648755333441e-01
8.317637711026710789e+00 9.795657805361239756e-01
8.511380382023766344e+00 9.798104849730322474e-01
8.709635899560806749e+00 9.798253496213469305e-01
8.912509381337455849e+00 9.816887257714527193e-01
9.120108393559096527e+00 9.808457715593570381e-01
9.332543007969910320e+00 9.808087672749628005e-01
9.549925860214358408e+00 9.793941389676370513e-01
9.772372209558106704e+00 9.793744799123960121e-01
1.000000000000000000e+01 9.792160154590074939e-01
1.023292992280754099e+01 9.793200524351844960e-01
1.047128548050899610e+01 9.781125706839483014e-01
1.071519305237606545e+01 9.781280809685528599e-01
1.096478196143185180e+01 9.781605376073757574e-01
1.122018454301963608e+01 9.788139239658169011e-01
1.148153621496882870e+01 9.787097767925242442e-01
1.174897554939529698e+01 9.786073741599938813e-01
1.202264434617413080e+01 9.785088030160231654e-01
1.230268770812381796e+01 9.784148649904531592e-01
1.258925411794167459e+01 9.779113248734097041e-01
1.288249551693134265e+01 9.776843722905377287e-01
1.318256738556407370e+01 9.772933657406184249e-01
1.348962882591654022e+01 9.750642811318726011e-01
1.380384264602885303e+01 9.786649274482662753e-01
1.412537544622754737e+01 9.781286771216842757e-01
1.445439770745927177e+01 9.778626788638234979e-01
1.479108388168207178e+01 9.775770290390711770e-01
1.513561248436207940e+01 9.773223614516737268e-01
1.548816618912481147e+01 9.770458449517833710e-01
1.584893192461113287e+01 9.767621509981221362e-01
1.621810097358929781e+01 9.763844035319569903e-01
1.659586907437560654e+01 9.772078808172608433e-01
1.698243652461744446e+01 9.761748395987903670e-01
1.737800828749375270e+01 9.760981662519917501e-01
1.778279410038922848e+01 9.790636359559574675e-01
1.819700858609983385e+01 9.788202473211868870e-01
1.862087136662867692e+01 9.764193023052762932e-01
1.905460717963247319e+01 9.739862729998554070e-01
1.949844599758045405e+01 9.749763446386435772e-01
1.995262314968879735e+01 9.746524904537330336e-01
2.041737944669529625e+01 9.745540127232736882e-01
2.089296130854039646e+01 9.745087655576486485e-01
2.137962089502232388e+01 9.726166458814350380e-01
2.187761623949553069e+01 9.725348026973911209e-01
2.238721138568340052e+01 9.737553370302932665e-01
2.290867652767773421e+01 9.732233585118720276e-01
2.344228815319922532e+01 9.729465748273206094e-01
2.398832919019491072e+01 9.726865939295445962e-01
2.454708915685031201e+01 9.724385554491254968e-01
2.511886431509580930e+01 9.723645547770591868e-01
2.570395782768863313e+01 9.723005090792372629e-01
2.630267991895381385e+01 9.719180011461135971e-01
2.691534803926915487e+01 9.714994266164759251e-01
2.754228703338166184e+01 9.711942543754691348e-01
2.818382931264453362e+01 9.708991821454229232e-01
2.884031503126605855e+01 9.706852940002631547e-01
2.951209226666385632e+01 9.701951203344010288e-01
3.019951720402016093e+01 9.694473068475809585e-01
3.090295432513590512e+01 9.688963693019434498e-01
3.162277660168379256e+01 9.691784139325346770e-01
3.235936569296282528e+01 9.688615252168265579e-01
3.311311214825911264e+01 9.684921898832072884e-01
3.388441561392025392e+01 9.681324508212236779e-01
3.467368504525316553e+01 9.676511829959727473e-01
3.548133892335754780e+01 9.681443931581578122e-01
3.630780547701014171e+01 9.678413127036725738e-01
3.715352290971726035e+01 9.665303464690564450e-01
3.801893963205612437e+01 9.660900420565649016e-01
3.890451449942806761e+01 9.655154189778465401e-01
3.981071705534973404e+01 9.654901225980943025e-01
4.073802778041127937e+01 9.650427032431480034e-01
4.168693834703355350e+01 9.642786969555029453e-01
4.265795188015927408e+01 9.638240510492249724e-01
4.365158322401661195e+01 9.634388186312553559e-01
4.466835921509632357e+01 9.629731862820627430e-01
4.570881896148751622e+01 9.625063562510619564e-01
4.677351412871981040e+01 9.611146964154905215e-01
4.786300923226382764e+01 9.612073059880533732e-01
4.897788193684461078e+01 9.613019984394957085e-01
5.011872336272722350e+01 9.614400183275257916e-01
5.128613839913648320e+01 9.613066920251097658e-01
5.248074602497725749e+01 9.614277304157080595e-01
5.370317963702527209e+01 9.613603804689337951e-01
5.495408738576245611e+01 9.582504379476619594e-01
5.623413251903490817e+01 9.575538092911496380e-01
5.754399373371569482e+01 9.558344198290625870e-01
5.888436553555889930e+01 9.565310696131025248e-01
6.025595860743577958e+01 9.560465596795633125e-01
6.165950018614822170e+01 9.555996739410843599e-01
6.309573444801932851e+01 9.545798290009948062e-01
6.456542290346556001e+01 9.539828511556421864e-01
6.606934480075960892e+01 9.533601302407513911e-01
6.760829753919819041e+01 9.525237782606983394e-01
6.918309709189365719e+01 9.534831891683366312e-01
7.079457843841380793e+01 9.512708729983332390e-01
7.244359600749902484e+01 9.505319915274107467e-01
7.413102413009177383e+01 9.501843139999376353e-01
7.585775750291840325e+01 9.485740637582408263e-01
7.762471166286920266e+01 9.480227029829194629e-01
7.943282347242816854e+01 9.472666085099689104e-01
8.128305161640994925e+01 9.466579831171861859e-01
8.317637711026708303e+01 9.457673407781306274e-01
8.511380382023763502e+01 9.449980685956881343e-01
8.709635899560805683e+01 9.442972757988873367e-01
8.912509381337454784e+01 9.428811913168769765e-01
9.120108393559097237e+01 9.426808258509556948e-01
9.332543007969910320e+01 9.420923235011922081e-01
9.549925860214358408e+01 9.407804416894687272e-01
9.772372209558106704e+01 9.401266017982373713e-01
1.000000000000000000e+02 9.392374238930657482e-01
1.023292992280754703e+02 9.384119341331618180e-01
1.047128548050899610e+02 9.374202987345396920e-01
1.071519305237606972e+02 9.364269576061683420e-01
1.096478196143185073e+02 9.355045247296656097e-01
1.122018454301963004e+02 9.345793932436252671e-01
1.148153621496882835e+02 9.341783222723553104e-01
1.174897554939529130e+02 9.328373894075048245e-01
1.202264434617413116e+02 9.319978982725017902e-01
1.230268770812381121e+02 9.311279162092593875e-01
1.258925411794167530e+02 9.303463272935089678e-01
1.288249551693133697e+02 9.323179823840378466e-01
1.318256738556407299e+02 9.287448559713640250e-01
1.348962882591653170e+02 9.285931475810863533e-01
1.380384264602885196e+02 9.267840105627037639e-01
1.412537544622753956e+02 9.261054838510908160e-01
1.445439770745927888e+02 9.245850385589197140e-01
1.479108388168207284e+02 9.242651003571432655e-01
1.513561248436208757e+02 9.233349725744377512e-01
1.548816618912481147e+02 9.224996766540439763e-01
1.584893192461114211e+02 9.217769617313773534e-01
1.621810097358929852e+02 9.203169946717211225e-01
1.659586907437561365e+02 9.205993780281069849e-01
1.698243652461744375e+02 9.200809663102613722e-01
1.737800828749376194e+02 9.201723467673490475e-01
1.778279410038922776e+02 9.191134811315657682e-01
1.819700858609984380e+02 9.186011091349318702e-01
1.862087136662867408e+02 9.183019774884527697e-01
1.905460717963248385e+02 9.130844990686879381e-01
1.949844599758045547e+02 9.143876121411212976e-01
1.995262314968880730e+02 9.161630171787550347e-01
2.041737944669529554e+02 9.157730578769650576e-01
2.089296130854038722e+02 9.153409141723912734e-01
2.137962089502232459e+02 9.142392453432764965e-01
2.187761623949551790e+02 9.139435144348473372e-01
2.238721138568340052e+02 9.153890757992249050e-01
2.290867652767772427e+02 9.148207316082345164e-01
2.344228815319922603e+02 9.137159078275174373e-01
2.398832919019489793e+02 9.136149892254079585e-01
2.454708915685031059e+02 9.133373916295279837e-01
2.511886431509579722e+02 9.128439480829608765e-01
2.570395782768864592e+02 9.107929504036921253e-01
2.630267991895381670e+02 9.114131745455468225e-01
2.691534803926916766e+02 9.108565661820040571e-01
2.754228703338166042e+02 9.082817769973459132e-01
2.818382931264454783e+02 9.088384842592657220e-01
2.884031503126605571e+02 9.079309282781472534e-01
2.951209226666387053e+02 9.083426942812689031e-01
3.019951720402016235e+02 9.081430701417103624e-01
3.090295432513592004e+02 9.061180332717556629e-01
3.162277660168379612e+02 9.055498901842612414e-01
3.235936569296284233e+02 9.055106297529570414e-01
3.311311214825910838e+02 9.038648153355272052e-01
3.388441561392027666e+02 9.026976453638044795e-01
3.467368504525316553e+02 9.012097235443066179e-01
3.548133892335756627e+02 8.994288391810585370e-01
3.630780547701014029e+02 8.992886435302792636e-01
3.715352290971724187e+02 8.979414955336639803e-01
3.801893963205612863e+02 8.929766478094546267e-01
3.890451449942804629e+02 8.920574009193462661e-01
3.981071705534973262e+02 8.900280513246099368e-01
4.073802778041126089e+02 8.889035562286144998e-01
4.168693834703354923e+02 8.877958948688082774e-01
4.265795188015925419e+02 8.864668817347692853e-01
4.365158322401661053e+02 8.850300993617600254e-01
4.466835921509630225e+02 8.804429608482797764e-01
4.570881896148752048e+02 8.788893908577243286e-01
4.677351412871981324e+02 8.806699880013669768e-01
4.786300923226385180e+02 8.790360236682815964e-01
4.897788193684461362e+02 8.769742122378344495e-01
5.011872336272724624e+02 8.764109173723740875e-01
5.128613839913648462e+02 8.756202258008731754e-01
5.248074602497728165e+02 8.752219955197140244e-01
5.370317963702526640e+02 8.752160465448671767e-01
5.495408738576247742e+02 8.754691247445673952e-01
5.623413251903490391e+02 8.757184604940903005e-01
5.754399373371572892e+02 8.757594659497383027e-01
5.888436553555890214e+02 8.744979128245706779e-01
6.025595860743580943e+02 8.726005590978799242e-01
6.165950018614821602e+02 8.743657764814086741e-01
6.309573444801936830e+02 8.735077429355151413e-01
6.456542290346556001e+02 8.723716656190018126e-01
6.606934480075957481e+02 8.710395518656829372e-01
6.760829753919819041e+02 8.693086879242079013e-01
6.918309709189362593e+02 8.697688838361493646e-01
7.079457843841380509e+02 8.681590973929768085e-01
7.244359600749899073e+02 8.648512332463473840e-01
7.413102413009177099e+02 8.626866247721240999e-01
7.585775750291835493e+02 8.602859374056301967e-01
7.762471166286919697e+02 8.578006035031371379e-01
7.943282347242812875e+02 8.548323101937000956e-01
8.128305161640995493e+02 8.514178564886545342e-01
8.317637711026708303e+02 8.499454524153701174e-01
8.511380382023768334e+02 8.486040795942647597e-01
8.709635899560805683e+02 8.475041769140353454e-01
8.912509381337458763e+02 8.465598555175088968e-01
9.120108393559096385e+02 8.455289426144433351e-01
9.332543007969915152e+02 8.447638506684382875e-01
9.549925860214359545e+02 8.441061654936963254e-01
9.772372209558111535e+02 8.428367836505549215e-01
1.000000000000000000e+03 8.412514070239874853e-01
1.023292992280754675e+03 8.392253344509249535e-01
1.047128548050899553e+03 8.374269451928250119e-01
1.071519305237607114e+03 8.357261894184043749e-01
1.096478196143185187e+03 8.338696406858814303e-01
1.122018454301964084e+03 8.314525807953695447e-01
1.148153621496882806e+03 8.284743662945185383e-01
1.174897554939530210e+03 8.257644240767035848e-01
1.202264434617413144e+03 8.228284568179700109e-01
1.230268770812381035e+03 8.201062166450284741e-01
1.258925411794167530e+03 8.178587973614201978e-01
1.288249551693133526e+03 8.158065826394479414e-01
1.318256738556407527e+03 8.137109504892227063e-01
1.348962882591653170e+03 8.115394540094614806e-01
1.380384264602885196e+03 8.092031827594414750e-01
1.412537544622754012e+03 8.067639283481057300e-01
1.445439770745927945e+03 8.041962857837200440e-01
1.479108388168207284e+03 8.014514348612653549e-01
1.513561248436208643e+03 7.985250623690535177e-01
1.548816618912481090e+03 7.954343305778073248e-01
