1.000000000000000000e+00 9.598012611260544613e-01
1.023292992280754099e+00 9.602581352264734083e-01
1.047128548050899610e+00 9.607172306009545970e-01
1.071519305237606412e+00 9.611750774874552317e-01
1.096478196143185091e+00 9.616285443974781355e-01
1.122018454301963342e+00 9.620755735306463219e-01
1.148153621496882826e+00 9.625146667888753171e-01
1.174897554939529520e+00 9.630393217670776274e-01
1.202264434617412947e+00 9.634309142015695659e-01
1.230268770812381618e+00 9.638197938116288555e-01
1.258925411794167282e+00 9.642502236279809624e-01
1.288249551693134043e+00 9.646511198177324387e-01
1.318256738556407015e+00 9.649259452242068269e-01
1.348962882591653534e+00 9.653978246445698019e-01
1.380384264602884770e+00 9.667964561447776051e-01
1.412537544622754382e+00 9.653713302044405475e-01
1.445439770745927444e+00 9.659585805758476029e-01
1.479108388168207444e+00 9.663463596159276303e-01
1.513561248436208206e+00 9.666852965921820529e-01
1.548816618912481458e+00 9.669321257220546695e-01
1.584893192461113598e+00 9.672302226604448938e-01
1.621810097358930003e+00 9.675166415971669931e-01
1.659586907437560654e+00 9.680255734828512315e-01
1.698243652461744357e+00 9.683295677247215627e-01
1.737800828749375359e+00 9.686368617837119999e-01
1.778279410038922759e+00 9.697269943162737382e-01
1.819700858609983429e+00 9.701154850184637857e-01
1.862087136662867515e+00 9.704889378889496321e-01
1.905460717963247230e+00 9.622116640521403141e-01
1.949844599758045138e+00 9.700939283806060409e-01
1.995262314968879513e+00 9.703290105298764123e-01
2.041737944669529181e+00 9.705570576576197928e-01
2.089296130854039646e+00 9.707796626939398932e-01
2.137962089502232210e+00 9.703503008054089607e-01
2.187761623949552536e+00 9.706168676741815382e-01
2.238721138568339875e+00 9.710055129511162564e-01
2.290867652767773155e+00 9.710315410168419703e-01
2.344228815319921999e+00 9.713493346614144874e-01
2.398832919019490362e+00 9.716870685725889079e-01
2.454708915685030579e+00 9.720330442177177455e-01
2.511886431509580131e+00 9.723748600094087591e-01
2.570395782768863935e+00 9.727042905402696338e-01
2.630267991895381741e+00 9.732028164556846273e-01
2.691534803926915576e+00 9.730183474290301504e-01
2.754228703338166273e+00 9.730761645264346393e-01
2.818382931264453717e+00 9.728742417558687849e-01
2.884031503126605944e+00 9.695551589754832778e-01
2.951209226666386076e+00 9.750753980768865903e-01
3.019951720402016093e+00 9.742437804609491714e-01
3.090295432513590512e+00 9.744069060743271171e-01
3.162277660168379523e+00 9.743366697027244783e-01
3.235936569296282705e+00 9.745130230232450508e-01
3.311311214825911176e+00 9.743222354187225376e-01
3.388441561392025569e+00 9.755187768784384650e-01
3.467368504525316641e+00 9.756333155232148613e-01
3.548133892335755046e+00 9.757033512401790398e-01
3.630780547701013994e+00 9.753133818261090493e-01
3.715352290971726035e+00 9.754804261098479756e-01
3.801893963205611460e+00 9.756108266339527102e-01
3.890451449942805784e+00 9.759617251523251547e-01
3.981071705534972249e+00 9.761085525910098148e-01
4.073802778041127226e+00 9.762762838742929938e-01
4.168693834703353751e+00 9.769721413084440087e-01
4.265795188015927053e+00 9.765074768086091650e-01
4.365158322401660129e+00 9.765964129291230256e-01
4.466835921509631824e+00 9.767755944445900562e-01
4.570881896148750734e+00 9.767202695095023035e-01
4.677351412871982639e+00 9.768126016656883959e-01
4.786300923226384008e+00 9.769180117833032861e-01
4.897788193684462499e+00 9.757873369915083250e-01
5.011872336272723771e+00 9.759170360165648761e-01
5.128613839913648498e+00 9.760639520535266955e-01
5.248074602497725394e+00 9.764427446237559094e-01
5.370317963702526676e+00 9.766239295188718916e-01
5.495408738576245788e+00 9.763901331791398075e-01
5.623413251903491172e+00 9.769468723991203696e-01
5.754399373371569482e+00 9.769663775626807878e-01
5.888436553555889574e+00 9.769497200987052876e-01
6.025595860743577781e+00 9.769420860272146623e-01
6.165950018614822170e+00 9.769596371899429421e-01
6.309573444801933384e+00 9.770043965896585414e-01
6.456542290346556356e+00 9.771652106523711634e-01
6.606934480075961069e+00 9.774051261454979045e-01
6.760829753919819218e+00 9.774563355083035754e-01
6.918309709189363943e+00 9.773191289209609556e-01
7.079457843841378661e+00 9.773603565117741088e-01
7.244359600749900707e+00 9.766706381012461025e-01
7.413102413009174718e+00 9.774426798505877478e-01
7.585775750291837483e+00 9.774613210300878707e-01
7.762471166286917246e+00 9.774712950773181142e-01
7.943282347242815788e+00 9.774748382562038485e-01
8.128305161640993148e+00 9.774433679573759637e-01
8.317637711026710789e+00 9.768718855198521567e-01
8.511380382023766344e+00 9.771393547305344818e-01
8.709635899560806749e+00 9.788964587023069042e-01
8.912509381337455849e+00 9.790680624383769626e-01
9.120108393559096527e+00 9.782498146870087785e-01
9.332543007969910320e+00 9.772103594873612353e-01
9.549925860214358408e+00 9.770216462272134361e-01
9.772372209558106704e+00 9.768721684047425580e-01
1.000000000000000000e+01 9.767364121654809050e-01
1.023292992280754099e+01 9.768606416941573167e-01
1.047128548050899610e+01 9.756747006936951072e-01
1.071519305237606545e+01 9.756612570925736749e-01
1.096478196143185180e+01 9.757089554323130631e-01
1.122018454301963608e+01 9.763752953158453263e-01
1.148153621496882870e+01 9.762851830500486328e-01
1.174897554939529698e+01 9.761959487955116366e-01
1.202264434617413080e+01 9.761096356950877961e-01
1.230268770812381796e+01 9.760270136283744069e-01
1.258925411794167459e+01 9.755348021113064982e-01
1.288249551693134265e+01 9.753432420002825509e-01
1.318256738556407370e+01 9.750433822623078006e-01
1.348962882591654022e+01 9.727190997971734143e-01
1.380384264602885303e+01 9.763170335759321361e-01
1.412537544622754737e+01 9.757868545944938798e-01
1.445439770745927177e+01 9.755875835444663968e-01
1.479108388168207178e+01 9.752303584778010404e-01
1.513561248436207940e+01 9.750170160789103369e-01
1.548816618912481147e+01 9.747125602342872064e-01
1.584893192461113287e+01 9.744289960829628505e-01
1.621810097358929781e+01 9.739252188683059641e-01
1.659586907437560654e+01 9.748679445813422939e-01
1.698243652461744446e+01 9.738339882745880027e-01
1.737800828749375270e+01 9.738027184468023290e-01
1.778279410038922848e+01 9.767016306788151025e-01
1.819700858609983385e+01 9.726604870934437708e-01
1.862087136662867692e+01 9.751637013913031504e-01
1.905460717963247319e+01 9.726294176101646372e-01
1.949844599758045405e+01 9.725844181669033306e-01
1.995262314968879735e+01 9.722473932029692678e-01
2.041737944669529625e+01 9.721862567825656498e-01
2.089296130854039646e+01 9.720726209218644165e-01
2.137962089502232388e+01 9.701668825630019866e-01
2.187761623949553069e+01 9.700651450483364080e-01
2.238721138568340052e+01 9.711200867315386009e-01
2.290867652767773421e+01 9.707048764635267668e-01
2.344228815319922532e+01 9.704033511899026188e-01
2.398832919019491072e+01 9.700886285489802585e-01
2.454708915685031201e+01 9.698686969485158516e-01
2.511886431509580930e+01 9.697517085148602556e-01
2.570395782768863313e+01 9.696419455413644028e-01
2.630267991895381385e+01 9.692251410359860042e-01
2.691534803926915487e+01 9.687937903823182761e-01
2.754228703338166184e+01 9.683941759016042594e-01
2.818382931264453362e+01 9.680922048861889673e-01
2.884031503126605855e+01 9.677494384035315589e-01
2.951209226666385632e+01 9.673004762358169417e-01
3.019951720402016093e+01 9.665042377071424440e-01
3.090295432513590512e+01 9.660338060528469439e-01
3.162277660168379256e+01 9.661378229016454044e-01
3.235936569296282528e+01 9.657692776920124844e-01
3.311311214825911264e+01 9.653633579017334432e-01
3.388441561392025392e+01 9.649468598202672887e-01
3.467368504525316553e+01 9.644021541253918750e-01
3.548133892335754780e+01 9.648199672193603638e-01
3.630780547701014171e+01 9.644385106130961560e-01
3.715352290971726035e+01 9.630619067857796312e-01
3.801893963205612437e+01 9.625500802610098550e-01
3.890451449942806761e+01 9.619015119560101468e-01
3.981071705534973404e+01 9.617994882337888018e-01
4.073802778041127937e+01 9.612717489303294061e-01
4.168693834703355350e+01 9.604217561200441011e-01
4.265795188015927408e+01 9.598807532941080467e-01
4.365158322401661195e+01 9.593976799286166868e-01
4.466835921509632357e+01 9.588347420125816756e-01
4.570881896148751622e+01 9.582862324616399086e-01
4.677351412871981040e+01 9.567999937815263589e-01
4.786300923226382764e+01 9.567882414961978998e-01
4.897788193684461078e+01 9.567752210774755905e-01
5.011872336272722350e+01 9.568025458258467841e-01
5.128613839913648320e+01 9.564479389641150631e-01
5.248074602497725749e+01 9.565730825313527586e-01
5.370317963702527209e+01 9.563697971582623136e-01
5.495408738576245611e+01 9.531511940933740101e-01
5.623413251903490817e+01 9.524098715752333799e-01
5.754399373371569482e+01 9.504650862328755112e-01
5.888436553555889930e+01 9.509471652263784547e-01
6.025595860743577958e+01 9.504270043278065794e-01
6.165950018614822170e+01 9.498413480742248227e-01
6.309573444801932851e+01 9.486830555578464885e-01
6.456542290346556001e+01 9.479418911402989201e-01
6.606934480075960892e+01 9.471719254767293483e-01
6.760829753919819041e+01 9.461865070764946539e-01
6.918309709189365719e+01 9.469314951791445445e-01
7.079457843841380793e+01 9.446247650298584819e-01
7.244359600749902484e+01 9.437267596326751606e-01
7.413102413009177383e+01 9.432242934966957870e-01
7.585775750291840325e+01 9.418339152632393407e-01
7.762471166286920266e+01 9.407185720638161497e-01
7.943282347242816854e+01 9.397923833877871447e-01
8.128305161640994925e+01 9.390635759786062353e-01
8.317637711026708303e+01 9.380090647390165737e-01
8.511380382023763502e+01 9.370582523186169466e-01
8.709635899560805683e+01 9.361154644368276934e-01
8.912509381337454784e+01 9.345188934962849192e-01
9.120108393559097237e+01 9.341242950441343007e-01
9.332543007969910320e+01 9.333010925425470061e-01
9.549925860214358408e+01 9.318331607780264703e-01
9.772372209558106704e+01 9.309339455463380153e-01
1.000000000000000000e+02 9.298629348933437067e-01
1.023292992280754703e+02 9.288874250869660898e-01
1.047128548050899610e+02 9.276988391405173173e-01
1.071519305237606972e+02 9.265086370520663195e-01
1.096478196143185073e+02 9.253887532147138106e-01
1.122018454301963004e+02 9.242655985141099428e-01
1.148153621496882835e+02 9.236277439192086547e-01
1.174897554939529130e+02 9.221369147484907991e-01
1.202264434617413116e+02 9.211114860600581045e-01
1.230268770812381121e+02 9.200657857992319277e-01
1.258925411794167530e+02 9.190933299877580565e-01
1.288249551693133697e+02 9.208228788492136552e-01
1.318256738556407299e+02 9.170578944138619848e-01
1.348962882591653170e+02 9.161544461235295866e-01
1.380384264602885196e+02 9.146918875977115837e-01
1.412537544622753956e+02 9.135984450584833105e-01
1.445439770745927888e+02 9.120723988834342766e-01
1.479108388168207284e+02 9.116072304757024680e-01
1.513561248436208757e+02 9.105613753947119360e-01
1.548816618912481147e+02 9.095731653213618984e-01
1.584893192461114211e+02 9.086541211357158643e-01
1.621810097358929852e+02 9.069724730931816303e-01
1.659586907437561365e+02 9.068998709095466015e-01
1.698243652461744375e+02 9.061700860255343937e-01
1.737800828749376194e+02 9.059675941440723523e-01
1.778279410038922776e+02 9.046562903675268164e-01
1.819700858609984380e+02 9.039235294027077039e-01
1.862087136662867408e+02 9.040104284930841061e-01
1.905460717963248385e+02 8.981882932261324726e-01
1.949844599758045547e+02 8.993261582217291217e-01
1.995262314968880730e+02 9.009509027173122631e-01
2.041737944669529554e+02 9.000239185961536048e-01
2.089296130854038722e+02 8.991339400993709763e-01
2.137962089502232459e+02 8.985590752563852313e-01
2.187761623949551790e+02 8.980828072336389800e-01
2.238721138568340052e+02 8.992164035619979456e-01
2.290867652767772427e+02 8.982759207890727016e-01
2.344228815319922603e+02 8.967321330616099262e-01
2.398832919019489793e+02 8.963540822338846858e-01
2.454708915685031059e+02 8.953161704469890791e-01
2.511886431509579722e+02 8.944720640603320838e-01
2.570395782768864592e+02 8.914679182167507543e-01
2.630267991895381670e+02 8.925284228843308743e-01
2.691534803926916766e+02 8.918108345305953977e-01
2.754228703338166042e+02 8.891764128375208021e-01
2.818382931264454783e+02 8.887543091113783156e-01
2.884031503126605571e+02 8.873110822525221986e-01
2.951209226666387053e+02 8.876877106208754808e-01
3.019951720402016235e+02 8.867068567529635681e-01
3.090295432513592004e+02 8.844497290065707062e-01
3.162277660168379612e+02 8.836196724702515271e-01
3.235936569296284233e+02 8.828982917802475905e-01
3.311311214825910838e+02 8.811084190259598214e-01
3.388441561392027666e+02 8.793151875417356544e-01
3.467368504525316553e+02 8.770452585757242403e-01
3.548133892335756627e+02 8.744000920975051327e-01
3.630780547701014029e+02 8.736082412341531489e-01
3.715352290971724187e+02 8.716316414499997167e-01
3.801893963205612863e+02 8.661555717083747608e-01
3.890451449942804629e+02 8.646159708042299163e-01
3.981071705534973262e+02 8.624655044978047913e-01
4.073802778041126089e+02 8.602766619666105674e-01
4.168693834703354923e+02 8.586145016138249098e-01
4.265795188015925419e+02 8.567266614514331691e-01
4.365158322401661053e+02 8.547422323747385642e-01
4.466835921509630225e+02 8.497252346559387437e-01
4.570881896148752048e+02 8.476500553402948057e-01
4.677351412871981324e+02 8.488041677374587035e-01
4.786300923226385180e+02 8.466836301259310638e-01
4.897788193684461362e+02 8.441003784264951015e-01
5.011872336272724624e+02 8.430876690407820284e-01
5.128613839913648462e+02 8.417724949070330975e-01
5.248074602497728165e+02 8.407962516125462304e-01
5.370317963702526640e+02 8.401460226672010645e-01
5.495408738576247742e+02 8.396818430496222341e-01
5.623413251903490391e+02 8.391386420964046522e-01
5.754399373371572892e+02 8.383145336434526529e-01
5.888436553555890214e+02 8.362666747444928994e-01
6.025595860743580943e+02 8.333568227805154827e-01
6.165950018614821602e+02 8.339876905528900153e-01
6.309573444801936830e+02 8.320595112999679133e-01
6.456542290346556001e+02 8.298124289998977110e-01
6.606934480075957481e+02 8.261793519850118006e-01
6.760829753919819041e+02 8.244227619304265176e-01
6.918309709189362593e+02 8.236719430186359991e-01
7.079457843841380509e+02 8.209399248369582125e-01
7.244359600749899073e+02 8.166285858187301017e-01
7.413102413009177099e+02 8.134476169770290532e-01
7.585775750291835493e+02 8.101074510946438823e-01
7.762471166286919697e+02 8.067434215800743935e-01
7.943282347242812875e+02 8.028808037169348211e-01
8.128305161640995493e+02 7.986540211136631262e-01
8.317637711026708303e+02 7.959575191114109938e-01
8.511380382023768334e+02 7.940135586043025606e-01
8.709635899560805683e+02 7.919193788087566244e-01
8.912509381337458763e+02 7.898572923362894294e-01
9.120108393559096385e+02 7.877518441311582853e-01
9.332543007969915152e+02 7.854896129142211469e-01
9.549925860214359545e+02 7.834121222590859634e-01
9.772372209558111535e+02 7.806963917719735857e-01
1.000000000000000000e+03 7.774186781009907454e-01
1.023292992280754675e+03 7.741851563866207764e-01
1.047128548050899553e+03 7.710151435656231733e-01
1.071519305237607114e+03 7.679913684309623845e-01
1.096478196143185187e+03 7.648526718235656441e-01
1.122018454301964084e+03 7.612139840282535763e-01
1.148153621496882806e+03 7.571608486801821858e-01
1.174897554939530210e+03 7.530096310224557721e-01
1.202264434617413144e+03 7.490500236990257354e-01
1.230268770812381035e+03 7.453359835342417972e-01
1.258925411794167530e+03 7.418363885138731240e-01
1.288249551693133526e+03 7.384215677455242544e-01
1.318256738556407527e+03 7.348913756693072896e-01
1.348962882591653170e+03 7.312650153977156009e-01
1.380384264602885196e+03 7.275028969494332642e-01
1.412537544622754012e+03 7.236967886029030961e-01
1.445439770745927945e+03 7.198368850528539253e-01
1.479108388168207284e+03 7.158714816638968026e-01
1.513561248436208643e+03 7.117790325027465448e-01
1.548816618912481090e+03 7.075444087660460735e-01
