# a
6.250000000000000000e-02
6.309751434034416295e-02
6.370656370656370415e-02
6.432748538011695549e-02
6.496062992125983815e-02
6.560636182902584990e-02
6.626506024096384673e-02
6.693711967545638852e-02
6.762295081967212296e-02
6.832298136645963138e-02
6.903765690376569009e-02
6.976744186046511531e-02
7.051282051282051211e-02
7.127429805615549674e-02
7.205240174672489228e-02
7.284768211920529535e-02
7.366071428571428770e-02
7.449209932279909907e-02
7.534246575342465335e-02
7.621247113163971687e-02
7.710280373831775169e-02
7.801418439716312214e-02
7.894736842105262720e-02
7.990314769975787046e-02
8.088235294117647467e-02
8.188585607940446209e-02
8.291457286432160623e-02
8.396946564885494901e-02
8.505154639175258047e-02
8.616187989556135796e-02
8.730158730158729674e-02
8.847184986595174605e-02
8.967391304347825665e-02
9.090909090909091161e-02
9.217877094972065644e-02
9.348441926345608943e-02
9.482758620689656082e-02
9.620991253644314845e-02
9.763313609467455523e-02
9.909909909909908610e-02
1.006097560975609817e-01
1.021671826625386859e-01
1.037735849056603682e-01
1.054313099041533641e-01
1.071428571428571369e-01
1.089108910891089105e-01
1.107382550335570398e-01
1.126279863481228632e-01
1.145833333333333426e-01
1.166077738515901019e-01
1.187050359712230052e-01
1.208791208791208660e-01
1.231343283582089637e-01
1.254752851711026518e-01
1.279069767441860517e-01
1.304347826086956486e-01
1.330645161290322509e-01
1.358024691358024616e-01
1.386554621848739566e-01
1.416309012875536510e-01
1.447368421052631637e-01
1.479820627802690414e-01
1.513761467889908063e-01
1.549295774647887203e-01
1.586538461538461731e-01
1.625615763546797987e-01
1.666666666666666574e-01
1.709844559585492196e-01
1.755319148936170248e-01
1.803278688524589946e-01
1.853932584269662731e-01
1.907514450867052180e-01
1.964285714285714246e-01
2.024539877300613466e-01
2.088607594936708889e-01
2.156862745098039047e-01
2.229729729729729992e-01
2.307692307692307265e-01
2.391304347826087029e-01
2.481203007518797132e-01
2.578125000000000000e-01
2.682926829268292290e-01
2.796610169491525744e-01
2.920353982300885054e-01
3.055555555555555247e-01
3.203883495145631310e-01
3.367346938775510057e-01
3.548387096774193172e-01
3.749999999999999445e-01
3.975903614457831359e-01
4.230769230769230727e-01
4.520547945205479756e-01
4.852941176470588203e-01
5.238095238095238360e-01
5.689655172413793371e-01
6.226415094339623479e-01
6.875000000000000000e-01
7.674418604651163101e-01
8.684210526315788714e-01
1.000000000000000000e+00
