# d_a
# unit = Mpc
0.000000000000000000e+00
2.954249001644922714e+02
5.429953741636984432e+02
7.512678184709133120e+02
9.269361552040613788e+02
1.075330957159860873e+03
1.200760224265602801e+03
1.306748029840364552e+03
1.396205817336670179e+03
1.471558308861777732e+03
1.534838143430618402e+03
1.587758477947838401e+03
1.631769697249451156e+03
1.668104403775320634e+03
1.697813576142636975e+03
1.721795942850900929e+03
1.740822053363503528e+03
1.755554144262524915e+03
1.766562630382231191e+03
1.774339860123372091e+03
1.779311635241365138e+03
1.781846892000172829e+03
1.782265862066775753e+03
1.780846970846505656e+03
1.777832683368868857e+03
1.773434470041695477e+03
1.767837034277958082e+03
1.761201919486993575e+03
1.753670592970805501e+03
1.745367087941986938e+03
1.736400271465741753e+03
1.726865793941195761e+03
1.716847774186755032e+03
1.706420244567179907e+03
1.695648409819490098e+03
1.684589733569459213e+03
1.673294882148044053e+03
1.661808545172222466e+03
1.650170150171880550e+03
1.638414485957260695e+03
1.626572247244577284e+03
1.614670511222344885e+03
1.602733155191289370e+03
1.590781223099614635e+03
1.578833247684345224e+03
1.566905533986095406e+03
1.555012409202352273e+03
1.543166443160849667e+03
1.531378643111322845e+03
1.519658626035254883e+03
1.508014771246277405e+03
1.496454355687619682e+03
1.484983674018384363e+03
1.473608145309671272e+03
1.462332407938214601e+03
1.451160404063762371e+03
1.440095454902271285e+03
1.429140327856197246e+03
1.418297296432361236e+03
1.407568193764356238e+03
1.396954460457631967e+03
1.386457187389423098e+03
1.376077154020616945e+03
1.365814862711169326e+03
1.355670569473361638e+03
1.345644311547010375e+03
1.335735932136762813e+03
1.325945102612978417e+03
1.316271341523640558e+03
1.306714036082622215e+03
1.297272453001761960e+03
1.287945756355883077e+03
1.278733019734041363e+03
1.269633237910268008e+03
1.260645337333223097e+03
1.251768185553986086e+03
1.243000599698630595e+03
1.234341354081004965e+03
1.225789187041215200e+03
1.217342807086430412e+03
1.209000898402782468e+03
1.200762125800076774e+03
1.192625139144786772e+03
1.184588577331189754e+03
1.176651071835527546e+03
1.168811249893577724e+03
1.161067737338031975e+03
1.153419161128488440e+03
1.145864151603667096e+03
1.138401344482514787e+03
1.131029382638371317e+03
1.123746917667934895e+03
1.116552611274748642e+03
1.109445136485027888e+03
1.102423178711914034e+03
1.095485436682762611e+03
1.088630623242676165e+03
1.081857466046229092e+03
1.075164708148247655e+03
1.068551108503459773e+03
1.062015442383925574e+03
1.055556501722350276e+03
1.049173095388587171e+03
1.042864049406006416e+03
1.036628207113761164e+03
1.030464429280428476e+03
1.024371594174021766e+03
1.018348597592869623e+03
1.012394352861488187e+03
1.006507790795157462e+03
1.000687859636599910e+03
9.949335249678226774e+02
9.892437695999221887e+02
9.836175934433821340e+02
9.780540133611659712e+02
9.725520630066833974e+02
9.671107926485426560e+02
9.617292689837806847e+02
9.564065749411545312e+02
9.511418094758806774e+02
9.459340873571279644e+02
9.407825389493897319e+02
9.356863099888120132e+02
9.306445613554045622e+02
9.256564688419966842e+02
9.207212229207100336e+02
9.158380285076428891e+02
9.110061047263885712e+02
9.062246846709550709e+02
9.014930151685940700e+02
8.968103565429787523e+02
8.921759823781544583e+02
8.875891792836065406e+02
8.830492466607794313e+02
8.785554964713196568e+02
8.741072530073171265e+02
8.697038526637370524e+02
8.653446437132662368e+02
8.610289860837311835e+02
8.567562511382275261e+02
8.525258214581170932e+02
8.483370906289629829e+02
8.441894630295311117e+02
8.400823536239072382e+02
8.360151877568126793e+02
8.319874009521541893e+02
8.279984387148581391e+02
8.240477563360088880e+02
8.201348180733375557e+02
8.162590994476915967e+02
8.124200833711491896e+02
8.086172623974863427e+02
8.048501379423660183e+02
8.011182201084740200e+02
7.974210275139466830e+02
7.937580871240764964e+02
7.901289340862518884e+02
7.865331115681228766e+02
7.829701705989384664e+02
7.794396699140298779e+02
7.759411758023949233e+02
7.724742619573528373e+02
7.690385093302164705e+02
7.656335059869344377e+02
7.622588469676845762e+02
7.589141341493319715e+02
7.555989761107421145e+02
7.523129880008785904e+02
7.490557914096485774e+02
7.458270142414428392e+02
7.426262905913198438e+02
7.394532606237976324e+02
7.363075704541855657e+02
7.331888720324279802e+02
7.300968230293933630e+02
7.270310867255752783e+02
7.239913319021476354e+02
7.209772327343366669e+02
7.179884686870485666e+02
7.150247244127249360e+02
7.120856896513610081e+02
7.091710591326599342e+02
7.062805324802613995e+02
7.034138141180166031e+02
7.005706131782520742e+02
6.977506434119875394e+02
6.949536231010695246e+02
6.921792749721643077e+02
6.894273261125888439e+02
6.866975078879266903e+02
6.839895558613942512e+02
6.813032097149127821e+02
6.786382131718668234e+02
6.759943139214838084e+02
6.733712635448242736e+02
6.707688174423341252e+02
6.681867347629228107e+02
6.656247783345436346e+02
6.630827145962311988e+02
6.605603135315685677e+02
