# d_l
# unit = Mpc
0.000000000000000000e+00
3.416398254572634414e+02
7.190530647336812535e+02
1.129453317857738284e+03
1.570157426005495836e+03
2.038623947368341987e+03
2.532478843738476371e+03
3.049529706970206007e+03
3.587770515340442671e+03
4.145379124350002712e+03
4.720709595919111052e+03
5.312281187196706014e+03
5.918765462554188161e+03
6.538972632622046149e+03
7.171837903858903701e+03
7.816408358929409587e+03
8.471830684736944022e+03
9.137339915628759627e+03
9.812249254854825267e+03
1.049594096798213650e+04
1.118785829869788904e+04
1.188749833284204033e+04
1.259440572477029673e+04
1.330816719689986166e+04
1.402840672538035687e+04
1.475478133005372547e+04
1.548697739372095202e+04
1.622470744323544750e+04
1.696770733247359385e+04
1.771573377442007040e+04
1.846856217624912824e+04
1.922598472476698225e+04
1.998780875884032139e+04
2.075385522871539069e+04
2.152395743280399620e+04
2.229795985413259041e+04
2.307571713677866137e+04
2.385709317610997459e+04
2.464196030847184011e+04
2.543019858792823288e+04
2.622169513934459246e+04
2.701634357854299014e+04
2.781404349149811242e+04
2.861469996560406798e+04
2.941822316695467453e+04
3.022452795836374571e+04
3.103353355352672952e+04
3.184516320330639428e+04
3.265934391062704890e+04
3.347600617089495063e+04
3.429508373523821501e+04
3.511651339418403222e+04
3.594023477967359941e+04
3.676619018356067681e+04
3.759432439095339214e+04
3.842458452694535663e+04
3.925691991544543271e+04
4.009128194895823981e+04
4.092762396829224599e+04
4.176590115128327307e+04
4.260607040971663082e+04
4.344809029371794895e+04
4.429192090295681555e+04
4.513752380407475721e+04
4.598486195380789286e+04
4.683389962732676941e+04
4.768460235136274423e+04
4.853693684173164365e+04
4.939087091037625942e+04
5.024637354433043220e+04
5.110341466011467855e+04
5.196196518135321094e+04
5.282199696307551494e+04
5.368348274926182057e+04
5.454639613290240959e+04
5.541071151838801597e+04
5.627640408606520941e+04
5.714344975880334823e+04
5.801182517043383996e+04
5.888150763593205193e+04
5.975247512322476541e+04
6.062470622651372832e+04
6.149818014101561857e+04
6.237287663902545319e+04
6.324877604721906391e+04
6.412585922511498211e+04
6.500410754462347541e+04
6.588350287061482959e+04
6.676402754244561947e+04
6.764566435638233088e+04
6.852839654887226061e+04
6.941220778060817975e+04
7.029708212134201312e+04
7.118300403540497064e+04
7.206995836789165332e+04
7.295793033147235110e+04
7.384690549379785080e+04
7.473686976546363439e+04
7.562780938850385428e+04
7.651971092538538505e+04
7.741256124847558385e+04
7.830634752995918097e+04
7.920105723217980994e+04
8.009667809838506219e+04
8.099319814385376230e+04
8.189060564738600806e+04
8.278888914313867281e+04
8.368803741278745292e+04
8.458803947800131573e+04
8.548888459321220580e+04
8.639056223866734945e+04
8.729306211374963459e+04
8.819637413055323123e+04
8.910048840770345123e+04
9.000539526440856571e+04
9.091108521473265137e+04
9.181754896208102582e+04
9.272477739388591726e+04
9.363276157648625667e+04
9.454149275019043125e+04
9.545096232451629476e+04
9.636116187359810283e+04
9.727208313175552757e+04
9.818371798921625305e+04
9.909605848798606894e+04
1.000090968178602488e+05
1.009228253125704068e+05
1.018372364460607350e+05
1.027523228288886603e+05
1.036680772047450737e+05
1.045844924470882252e+05
1.055015615558882128e+05
1.064192776544762455e+05
1.073376339864954789e+05
1.082566239129482710e+05
1.091762409093386086e+05
1.100964785629020917e+05
1.110173305699236953e+05
1.119387907331386668e+05
1.128608529592116538e+05
1.137835112562953582e+05
1.147067597316603642e+05
1.156305925893983804e+05
1.165550041281927843e+05
1.174799887391560478e+05
1.184055409037302597e+05
1.193316551916497701e+05
1.202583262589622173e+05
1.211855487533152191e+05
1.221133176780265057e+05
1.230416278489655815e+05
1.239704742487514886e+05
1.248998519372407463e+05
1.258297560498631792e+05
1.267601817960031913e+05
1.276911244574265729e+05
1.286225793867487664e+05
1.295545420059466560e+05
1.304870078049094445e+05
1.314199723400290823e+05
1.323534312328272499e+05
1.332873801686205843e+05
1.342218148952199845e+05
1.351567312216630089e+05
1.360921250169825798e+05
1.370279922090035107e+05
1.379643287831731432e+05
1.389011307814204192e+05
1.398383943010445801e+05
1.407761154936317180e+05
1.417142905639982491e+05
1.426529157691619475e+05
1.435919874173372227e+05
1.445315018669563287e+05
1.454714555257137399e+05
1.464118448496346246e+05
1.473526663421653211e+05
1.482939165532869229e+05
1.492355920786483912e+05
1.501776895587223407e+05
1.511202056779792474e+05
1.520631371640824946e+05
1.530064807871011435e+05
1.539502333587426692e+05
1.548943917316019943e+05
1.558389527984284214e+05
1.567839134914105816e+05
1.577292707814754394e+05
1.586750216776056332e+05
1.596211632261709310e+05
1.605676925102754903e+05
1.615146066491182719e+05
1.624619027973705379e+05
1.634095781445640314e+05
1.643576299144948134e+05
1.653060553646396729e+05
1.662548517855846148e+05
1.672040165004669689e+05
1.681535468644286739e+05
1.691034402640814951e+05
