# d_m
# unit = Mpc
0.000000000000000000e+00
3.298814125303293281e+02
6.473706041733481698e+02
9.522520903993993215e+02
1.244493246346753949e+03
1.524217946720533973e+03
1.791677637254653291e+03
2.047222679217424684e+03
2.291275901144386808e+03
2.524309460752101586e+03
2.746825462780534963e+03
2.959340319237028325e+03
3.162372556723466005e+03
3.356433631738219901e+03
3.542021267108277698e+03
3.719614835069199671e+03
3.889672357850413846e+03
4.052628756373913347e+03
4.208895040214238179e+03
4.358858190735032622e+03
4.502881541143100549e+03
4.641305501023847683e+03
4.774448508885795491e+03
4.902608125100471625e+03
5.026062200376740293e+03
5.145070072590192467e+03
5.259873758359371095e+03
5.370699116060488450e+03
5.477756964705498831e+03
5.581244148850302736e+03
5.681344543912219706e+03
5.778229995745468841e+03
5.872061214547208692e+03
5.962988575222108921e+03
6.051152888875393728e+03
6.136686103150489544e+03
6.219711951874950500e+03
6.300346554567459862e+03
6.378698969194730125e+03
6.454871701528232734e+03
6.528961174347554334e+03
6.601058159592323136e+03
6.671248176394784423e+03
6.739611857741952917e+03
6.806225288328118040e+03
6.871160315971879754e+03
6.934484838789954665e+03
6.996263070146151222e+03
7.056555783229379813e+03
7.115420536960245954e+03
7.172911884782134621e+03
7.229081567759721111e+03
7.283978693285031113e+03
7.337649900578633606e+03
7.390139514070017867e+03
7.441489685646855833e+03
7.491740526676411719e+03
7.540930230623739590e+03
7.589095187019593141e+03
7.636270087465586585e+03
7.682488024304879218e+03
7.727780582532473090e+03
7.772177925470138689e+03
7.815708874686193667e+03
7.858400984599777985e+03
7.900280612172162364e+03
7.941372982054041131e+03
7.981702247527089639e+03
8.021291542073749952e+03
8.060163054090408878e+03
8.098338045941445671e+03
8.135836921072733276e+03
8.172679263200849164e+03
8.208883877722339093e+03
8.244468830627694842e+03
8.279451485093151859e+03
8.313848535909695784e+03
8.347676041896784227e+03
8.380949456436577748e+03
8.413683656254641392e+03
8.445892968563182876e+03
8.477591196674546154e+03
8.508791644184613688e+03
8.539507137818367482e+03
8.569750049023305110e+03
8.599532314390158717e+03
8.628865454974618842e+03
8.657760594588566164e+03
8.686228477124695928e+03
8.714279482973473932e+03
8.741923644587825038e+03
8.769170661246820600e+03
8.796029913066160589e+03
8.822510474300164788e+03
8.848621125976853364e+03
8.874370367904926752e+03
8.899766430089057394e+03
8.924817283587201018e+03
8.949530650841927127e+03
8.973914015515083520e+03
8.997974631853905521e+03
9.021719533614303145e+03
9.045155542565837095e+03
9.068289276601175516e+03
9.091127157471508326e+03
9.113675418167909811e+03
9.135940109967679746e+03
9.157927109163274508e+03
9.179642123490537415e+03
9.201090698271947986e+03
9.222278222289503901e+03
9.243209933401270973e+03
9.263890923914514133e+03
9.284326145727851326e+03
9.304520415253873580e+03
9.324478418133337982e+03
9.344204713751079908e+03
9.363703739563537965e+03
9.382979815246881117e+03
9.402037146674669202e+03
9.420879829732994040e+03
9.439511853981013701e+03
9.457937106164139550e+03
9.476159373586833681e+03
9.494182347351556018e+03
9.512009625470092942e+03
9.529644715853110029e+03
9.547091039183564135e+03
9.564351931679197151e+03
9.581430647749126365e+03
9.598330362549319034e+03
9.615054174441427676e+03
9.631605107359242538e+03
9.647986113086861224e+03
9.664200073452424476e+03
9.680249802441050633e+03
9.696138048230483037e+03
9.711867495152775518e+03
9.727440765585064582e+03
9.742860421772609698e+03
9.758128967586730141e+03
9.773248850220556051e+03
9.788222461825051141e+03
9.803052141087744531e+03
9.817740174756709166e+03
9.832288799111756816e+03
9.846700201385179753e+03
9.860976521134030918e+03
9.875119851565768840e+03
9.889132233028782139e+03
9.903015685027363361e+03
9.916772161815426443e+03
9.930403583590783455e+03
9.943911830193905189e+03
9.957298742190374469e+03
9.970566121918143836e+03
9.983715734500905455e+03
9.996749308828964786e+03
1.000966853850857478e+04
1.002247508278125861e+04
1.003517056741397573e+04
1.004775658556132112e+04
1.006023469860085061e+04
1.007260643694229839e+04
1.008487330081192158e+04
1.009703676101266319e+04
1.010909825966107383e+04
1.012105921090189076e+04
1.013292100160093833e+04
1.014468499201724990e+04
1.015635251645501558e+04
1.016792488389620848e+04
1.017940337861445732e+04
1.019078926077086544e+04
1.020208376699234032e+04
1.021328811093309196e+04
1.022440348381996773e+04
1.023543105498189107e+04
1.024637197236421162e+04
1.025722736302845442e+04
1.026799833363772814e+04
1.027868597092854361e+04
1.028929134216934290e+04
1.029981549560622625e+04
1.031025946089619902e+04
1.032062424952858419e+04
1.033091085523469883e+04
1.034112025438633100e+04
1.035125340638343914e+04
1.036131125403119404e+04
1.037129472390693991e+04
1.038120472671731113e+04
1.039104215764566106e+04
1.040080789669047044e+04
1.041050280899452628e+04
1.042012774516567697e+04
1.042968354158902912e+04
1.043917102073098249e+04
1.044859099143545063e+04
1.045794424921240898e+04
