# h
# unit = 1.0/Mpc
2.243655836304267535e-04
2.328332683994981545e-04
2.422095830013311693e-04
2.524742407466165259e-04
2.636010021965479286e-04
2.755596144502364957e-04
2.883174722082834998e-04
3.018409634696101883e-04
3.160965041576031744e-04
3.310512921068507644e-04
3.466738238131307015e-04
3.629342207284561614e-04
3.798044092527250496e-04
3.972581928243847115e-04
4.152712476558070376e-04
4.338210669199531731e-04
4.528868722091648649e-04
4.724495061006790003e-04
4.924913156935666232e-04
5.129960339280702523e-04
5.339486632141370558e-04
5.553353642285438182e-04
5.771433515503565474e-04
5.993607969753854880e-04
6.219767407875197553e-04
6.449810108951560712e-04
6.683641495088444998e-04
6.921173469005217774e-04
7.162323817151064866e-04
7.407015672800246805e-04
7.655177033619725699e-04
7.906740328419993016e-04
8.161642028123155266e-04
8.419822296359707374e-04
8.681224675503034123e-04
8.945795804346264165e-04
9.213485164006119440e-04
9.484244848994876536e-04
9.758029360730307265e-04
1.003479542105322050e-03
1.031450180359281925e-03
1.059710918106300135e-03
1.088257998678954230e-03
1.117087828896101177e-03
1.146196967626729327e-03
1.175582115374090375e-03
1.205240104775041508e-03
1.235167891921314706e-03
1.265362548419883635e-03
1.295821254118790849e-03
1.326541290432929534e-03
1.357520034211430861e-03
1.388754952094641915e-03
1.420243595314274725e-03
1.451983594895238979e-03
1.483972657222056360e-03
1.516208559936612710e-03
1.548689148137449801e-03
1.581412330853829281e-03
1.614376077770520324e-03
1.647578416181653396e-03
1.681017428154118207e-03
1.714691247882918360e-03
1.748598059222553156e-03
1.782736093380051130e-03
1.817103626756615391e-03
1.851698978926067740e-03
1.886520510739365985e-03
1.921566622545431424e-03
1.956835752519424897e-03
1.992326375090380190e-03
2.028036999460820517e-03
2.063966168211624295e-03
2.100112455985978909e-03
2.136474468246800460e-03
2.173050840102434822e-03
2.209840235195930248e-03
2.246841344653506545e-03
2.284052886088249606e-03
2.321473602655330700e-03
2.359102262155385148e-03
2.396937656182900576e-03
2.434978599316764587e-03
2.473223928350280851e-03
2.511672501558207243e-03
2.550323197998530505e-03
2.589174916846872804e-03
2.628226576761566891e-03
2.667477115277575809e-03
2.706925488227597022e-03
2.746570669188737671e-03
2.786411648953350615e-03
2.826447435022628758e-03
2.866677051121717303e-03
2.907099536735144839e-03
2.947713946661491627e-03
2.988519350586225660e-03
3.029514832671790104e-03
3.070699491163995411e-03
3.112072438013904676e-03
3.153632798514401266e-03
3.195379710950693643e-03
3.237312326264083894e-03
3.279429807728313859e-03
3.321731330637898646e-03
3.364216082007856837e-03
3.406883260284293991e-03
3.449732075065330746e-03
3.492761746831888909e-03
3.535971506687883657e-03
3.579360596109381655e-03
3.622928266702339986e-03
3.666673779968524297e-03
3.710596407079239274e-03
3.754695428656563538e-03
3.798970134561714240e-03
3.843419823690287247e-03
3.888043803774028553e-03
3.932841391188911413e-03
3.977811910769229499e-03
4.022954695627452802e-03
4.068269086979641597e-03
4.113754433976159544e-03
4.159410093537497730e-03
4.205235430194996689e-03
4.251229815936282547e-03
4.297392630055218640e-03
4.343723259006219105e-03
4.390221096262749215e-03
4.436885542179843343e-03
4.483716003860508705e-03
4.530711895025870892e-03
4.577872635888899019e-03
4.625197653031603781e-03
4.672686379285590462e-03
4.720338253615807313e-03
4.768152721007433772e-03
4.816129232355729865e-03
4.864267244358820748e-03
4.912566219413236866e-03
4.961025625512188904e-03
5.009644936146417926e-03
5.058423630207581692e-03
5.107361191894085189e-03
5.156457110619242640e-03
5.205710880921738011e-03
5.255122002378272150e-03
5.304689979518362707e-03
5.354414321741188428e-03
5.404294543234442263e-03
5.454330162895116955e-03
5.504520704252171062e-03
5.554865695391000835e-03
5.605364668879683245e-03
5.656017161696922507e-03
5.706822715161648935e-03
5.757780874864231943e-03
5.808891190599236969e-03
5.860153216299704600e-03
5.911566509972896420e-03
5.963130633637458988e-03
6.014845153261966920e-03
6.066709638704825998e-03
6.118723663655459104e-03
6.170886805576783658e-03
6.223198645648889485e-03
6.275658768713941391e-03
6.328266763222232735e-03
6.381022221179383919e-03
6.433924738094605120e-03
6.486973912930080535e-03
6.540169348051357023e-03
6.593510649178768376e-03
6.646997425339817162e-03
6.700629288822554028e-03
6.754405855129870344e-03
6.808326742934699832e-03
6.862391574036114453e-03
6.916599973316285045e-03
6.970951568698275508e-03
7.025445991104675714e-03
7.080082874417005512e-03
7.134861855435918436e-03
7.189782573842163488e-03
7.244844672158280707e-03
7.300047795711034869e-03
7.355391592594517046e-03
7.410875713633983432e-03
7.466499812350336010e-03
7.522263544925245939e-03
7.578166570166953477e-03
7.634208549476656849e-03
7.690389146815527349e-03
7.746708028672313374e-03
7.803164864031533407e-03
7.859759324342213693e-03
7.916491083487218333e-03
7.973359817753067694e-03
8.030365205800344894e-03
8.087506928634564593e-03
