# mu
5.101088374965785022e+01
5.098627491172700843e+01
5.096140318188044205e+01
5.093626297300672690e+01
5.091084851928611954e+01
5.088515386851931055e+01
5.085917287404129183e+01
5.083289918619311720e+01
5.080632624332222491e+01
5.077944726227987360e+01
5.075225522838159975e+01
5.072474288479386928e+01
5.069690272130742414e+01
5.066872696245404484e+01
5.064020755492050796e+01
5.061133615420917664e+01
5.058210411049067545e+01
5.055250245358921291e+01
5.052252187703622610e+01
5.049215272112211750e+01
5.046138495486979991e+01
5.043020815684691627e+01
5.039861149472577750e+01
5.036658370349213243e+01
5.033411306219412040e+01
5.030118736911289545e+01
5.026779391677493436e+01
5.023391945721864715e+01
5.019955018134058378e+01
5.016467167966330720e+01
5.012926890909305655e+01
5.009332615539180722e+01
5.005682699283772763e+01
5.001975424081810928e+01
4.998208991707130622e+01
4.994381518726288505e+01
4.990491031054656190e+01
4.986535458072116711e+01
4.982512626254975885e+01
4.978420252275721225e+01
4.974255935516454485e+01
4.970017149935380019e+01
4.965701235218207188e+01
4.961305387137926459e+01
4.956826647036611888e+01
4.952261890331823224e+01
4.947607813937290189e+01
4.942860922472804219e+01
4.938017513121145896e+01
4.933073658970025832e+01
4.928025190654044252e+01
4.922867676084770494e+01
4.917596398025727922e+01
4.912206329232276403e+01
4.906692104833103230e+01
4.901047991579038410e+01
4.895267853524440227e+01
4.889345113634597340e+01
4.883272710726932786e+01
4.877043051051239786e+01
4.870647953690875909e+01
4.864078588817955051e+01
4.857325407655072524e+01
4.850378062776076860e+01
4.843225317109146744e+01
4.835854939673941999e+01
4.828253585799940595e+01
4.820406658160224822e+01
4.812298147102779211e+01
4.803910443173357692e+01
4.795224118634246224e+01
4.786217670427682691e+01
4.776867216406220962e+01
4.767146134321649242e+01
4.757024630217890149e+01
4.746469219115576976e+01
4.735442095865973045e+01
4.723900367301681058e+01
4.711795107612731215e+01
4.699070186185785047e+01
4.685660799399562393e+01
4.671491612692719997e+01
4.656474382918005972e+01
4.640504877711136089e+01
4.623458828932775333e+01
4.605186534263624765e+01
4.585505531874248675e+01
4.564190458458155319e+01
4.540958687998003995e+01
4.515449445864190636e+01
4.487192458340843615e+01
4.455559056741836343e+01
4.419682213870812149e+01
4.378317668221840364e+01
4.329583052322833936e+01
4.270413091877028933e+01
4.195237328521022135e+01
4.091933894757124790e+01
3.922857030433527825e+01
-inf
