# rho
# unit = KG/M^3
1.196753320261582953e-23
1.163075543889929623e-23
1.130035626529109141e-23
1.097627425469078922e-23
1.065844879902596992e-23
1.034681847119620473e-23
1.004132184410106779e-23
9.741899128696142559e-24
9.448488897881003191e-24
9.161028905527217699e-24
8.879460181618374206e-24
8.603720480026042199e-24
8.333749192677797543e-24
8.069485711501223451e-24
7.810867790367882063e-24
7.557836459261368848e-24
7.310328653025241287e-24
7.068284582615085782e-24
6.831643639958481138e-24
6.600343988440997701e-24
6.374324610476211211e-24
6.153524897991699739e-24
5.937884242915042089e-24
5.727340808631810077e-24
5.521834396583584103e-24
5.321303170155933778e-24
5.125686930790442440e-24
4.934924660900685096e-24
4.748954933386234421e-24
4.567717140174669955e-24
4.391149854165565107e-24
4.219192876800500279e-24
4.051784371465046551e-24
3.888863730086781993e-24
3.730370344593286878e-24
3.576242787884132415e-24
3.426420042372896546e-24
3.280841295230154708e-24
3.139445733626485276e-24
3.002171930461461292e-24
2.868959482419663094e-24
2.739746962400663357e-24
2.614473352818038190e-24
2.493078045599366396e-24
2.375500023158223717e-24
2.261677858394183930e-24
2.151551147991826270e-24
2.045058464850724882e-24
1.942139200898457470e-24
1.842731929034598178e-24
1.746776245943726241e-24
1.654210622146914671e-24
1.564974449571742090e-24
1.479006608253283838e-24
1.396246182983616239e-24
1.316632053797815002e-24
1.240103407866457031e-24
1.166599227603118434e-24
1.096058495421375320e-24
1.028420296113304010e-24
9.636236120924807967e-25
9.016074257724814196e-25
8.423107707561320942e-25
7.856727318355096942e-25
7.316322914241900518e-25
6.801285343142497653e-25
6.311003917300145593e-25
5.844869484635609402e-25
5.402271869284649239e-25
4.982601407275528174e-25
4.585248434636509278e-25
4.209603287395854702e-25
3.855056301581827978e-25
3.520997301330188343e-25
3.206816622669198870e-25
2.911904857573374085e-25
2.635651830178474146e-25
2.377447876512761205e-25
2.136683204631372145e-25
1.912748150562570956e-25
1.705032922361494062e-25
1.512927856056404303e-25
1.335822903756187336e-25
1.173108529462231731e-25
1.024174941229674714e-25
8.884122831270904207e-26
7.652108271961787125e-26
6.539607814920769320e-26
5.540524820430478052e-26
4.648760409243841491e-26
3.858217301777858258e-26
3.162797898516715524e-26
2.556404759911004750e-26
2.032939806545690191e-26
1.586305598871364170e-26
1.210404377405804976e-26
8.991384626499944786e-27
6.464102550881179823e-27
4.461220352295555664e-27
2.921761035794880256e-27
