# z
0.000000000000000000e+00
8.040201005025125747e-02
1.608040201005025149e-01
2.412060301507537585e-01
3.216080402010050299e-01
4.020100502512563012e-01
4.824120603015075170e-01
5.628140703517587884e-01
6.432160804020100597e-01
7.236180904522613311e-01
8.040201005025126024e-01
8.844221105527638738e-01
9.648241206030150341e-01
1.045226130653266416e+00
1.125628140703517577e+00
1.206030150753768959e+00
1.286432160804020119e+00
1.366834170854271280e+00
1.447236180904522662e+00
1.527638190954773822e+00
1.608040201005025205e+00
1.688442211055276365e+00
1.768844221105527748e+00
1.849246231155778908e+00
1.929648241206030068e+00
2.010050251256281229e+00
2.090452261306532833e+00
2.170854271356783993e+00
2.251256281407035154e+00
2.331658291457286314e+00
2.412060301507537918e+00
2.492462311557789079e+00
2.572864321608040239e+00
2.653266331658291399e+00
2.733668341708542560e+00
2.814070351758794164e+00
2.894472361809045324e+00
2.974874371859296485e+00
3.055276381909547645e+00
3.135678391959799249e+00
3.216080402010050410e+00
3.296482412060301570e+00
3.376884422110552730e+00
3.457286432160803891e+00
3.537688442211055495e+00
3.618090452261306655e+00
3.698492462311557816e+00
3.778894472361808976e+00
3.859296482412060136e+00
3.939698492462311741e+00
4.020100502512562457e+00
4.100502512562814061e+00
4.180904522613065666e+00
4.261306532663316382e+00
4.341708542713567986e+00
4.422110552763819591e+00
4.502512562814070307e+00
4.582914572864321912e+00
4.663316582914572628e+00
4.743718592964824232e+00
4.824120603015075837e+00
4.904522613065326553e+00
4.984924623115578157e+00
5.065326633165828873e+00
5.145728643216080478e+00
5.226130653266332082e+00
5.306532663316582799e+00
5.386934673366834403e+00
5.467336683417085119e+00
5.547738693467336724e+00
5.628140703517588328e+00
5.708542713567839044e+00
5.788944723618090649e+00
5.869346733668341365e+00
5.949748743718592969e+00
6.030150753768844574e+00
6.110552763819095290e+00
6.190954773869346894e+00
6.271356783919598499e+00
6.351758793969849215e+00
6.432160804020100819e+00
6.512562814070351536e+00
6.592964824120603140e+00
6.673366834170854744e+00
6.753768844221105461e+00
6.834170854271357065e+00
6.914572864321607781e+00
6.994974874371859386e+00
7.075376884422110990e+00
7.155778894472361706e+00
7.236180904522613311e+00
7.316582914572864027e+00
7.396984924623115631e+00
7.477386934673367236e+00
7.557788944723617952e+00
7.638190954773869557e+00
7.718592964824120273e+00
7.798994974874371877e+00
7.879396984924623482e+00
7.959798994974874198e+00
8.040201005025124914e+00
8.120603015075376518e+00
8.201005025125628123e+00
8.281407035175879727e+00
8.361809045226131332e+00
8.442211055276381160e+00
8.522613065326632764e+00
8.603015075376884369e+00
8.683417085427135973e+00
8.763819095477387577e+00
8.844221105527639182e+00
8.924623115577889010e+00
9.005025125628140614e+00
9.085427135678392219e+00
9.165829145728643823e+00
9.246231155778895427e+00
9.326633165829145256e+00
9.407035175879396860e+00
9.487437185929648464e+00
9.567839195979900069e+00
9.648241206030151673e+00
9.728643216080401501e+00
9.809045226130653106e+00
9.889447236180904710e+00
9.969849246231156314e+00
1.005025125628140792e+01
1.013065326633165775e+01
1.021105527638190935e+01
1.029145728643216096e+01
1.037185929648241256e+01
1.045226130653266416e+01
1.053266331658291399e+01
1.061306532663316560e+01
1.069346733668341720e+01
1.077386934673366881e+01
1.085427135678392041e+01
1.093467336683417024e+01
1.101507537688442184e+01
1.109547738693467345e+01
1.117587939698492505e+01
1.125628140703517666e+01
1.133668341708542648e+01
1.141708542713567809e+01
1.149748743718592969e+01
1.157788944723618130e+01
1.165829145728643290e+01
1.173869346733668273e+01
1.181909547738693433e+01
1.189949748743718594e+01
1.197989949748743754e+01
1.206030150753768915e+01
1.214070351758794075e+01
1.222110552763819058e+01
1.230150753768844218e+01
1.238190954773869379e+01
1.246231155778894539e+01
1.254271356783919700e+01
1.262311557788944683e+01
1.270351758793969843e+01
1.278391959798995003e+01
1.286432160804020164e+01
1.294472361809045324e+01
1.302512562814070307e+01
1.310552763819095468e+01
1.318592964824120628e+01
1.326633165829145788e+01
1.334673366834170949e+01
1.342713567839195932e+01
1.350753768844221092e+01
1.358793969849246253e+01
1.366834170854271413e+01
1.374874371859296573e+01
1.382914572864321556e+01
1.390954773869346717e+01
1.398994974874371877e+01
1.407035175879397038e+01
1.415075376884422198e+01
1.423115577889447181e+01
1.431155778894472341e+01
1.439195979899497502e+01
1.447236180904522662e+01
1.455276381909547823e+01
1.463316582914572805e+01
1.471356783919597966e+01
1.479396984924623126e+01
1.487437185929648287e+01
1.495477386934673447e+01
1.503517587939698430e+01
1.511557788944723590e+01
1.519597989949748751e+01
1.527638190954773911e+01
1.535678391959799072e+01
1.543718592964824055e+01
1.551758793969849215e+01
1.559798994974874375e+01
1.567839195979899536e+01
1.575879396984924696e+01
1.583919597989949857e+01
1.591959798994974840e+01
1.600000000000000000e+01
