# k_h
9.938092262018471956e-06
1.077321382275313002e-05
1.167851263711115705e-05
1.265988586684436806e-05
1.372372622625099582e-05
1.487696362463615838e-05
1.612711030808783546e-05
1.748230979462338157e-05
1.895138992147337337e-05
2.054392035005458647e-05
2.227027490322327466e-05
2.414169914087597890e-05
2.617038361408895565e-05
2.836954327497786320e-05
3.075350355955636626e-05
3.333779370434315125e-05
3.613924790458484794e-05
3.917611497304617857e-05
4.246817721368851460e-05
4.603687928458769039e-05
4.990546788950866281e-05
5.409914320809692276e-05
5.864522305110883143e-05
6.357332080999670068e-05
6.891553836002252311e-05
7.470667517347790321e-05
8.098445500518796887e-05
8.778977162693584553e-05
9.516695521153815290e-05
1.031640611018073874e-04
1.118331828454576719e-04
1.212307915350812026e-04
1.314181036636679625e-04
1.424614798919042946e-04
1.544328573248334954e-04
1.674102181137575220e-04
1.814780974358698104e-04
1.967281341606266635e-04
2.132596677899262065e-04
2.311803855605927224e-04
2.506070239244224149e-04
2.716661289752668787e-04
2.944948807766205453e-04
3.192419869594109011e-04
3.460686514109473128e-04
3.751496243651018521e-04
4.066743407340739206e-04
4.408481540968815543e-04
4.778936743828453705e-04
5.180522179638010535e-04
5.615853796010140042e-04
6.087767364865366874e-04
6.599336954792212225e-04
7.153894955683690873e-04
7.755053786091752705e-04
8.406729424702382358e-04
9.113166919216604978e-04
9.878968038803512177e-04
1.070912125025476553e-03
1.160903421310676255e-03
1.258456900540528894e-03
1.364208030957511295e-03
1.478845680713905498e-03
1.603116605193397265e-03
1.737830311412990984e-03
1.883864331192202203e-03
2.042169937439217327e-03
2.213778340790191219e-03
2.399807406966903648e-03
2.601468938609974042e-03
2.820076569021876846e-03
3.057054319239953938e-03
3.313945874180680533e-03
3.592424638280409307e-03
3.894304636135558634e-03
4.221552329149553910e-03
4.576299425160755378e-03
4.960856764493927831e-03
5.377729372889677832e-03
5.829632779367426021e-03
6.319510705317219965e-03
6.850554240048106411e-03
7.426222627703475687e-03
8.050265800950412790e-03
8.726748808228629306e-03
9.460078293679299866e-03
1.025503120224537622e-02
1.111678589692984172e-02
1.205095589091132423e-02
1.306362641424961904e-02
1.416139405337867724e-02
1.535140972160052054e-02
1.664142524049212410e-02
1.803984383565884059e-02
1.955577487576625265e-02
2.119909321142323180e-02
2.298050350045266477e-02
2.491160993856782191e-02
2.700499184968369049e-02
2.927428562826190489e-02
3.173427356746638672e-02
3.440098015176010909e-02
3.729177644119855556e-02
4.042549322738354239e-02
4.382254369818124745e-02
4.750505641024935916e-02
5.149701943556119627e-02
5.582443662090690040e-02
6.051549697825118340e-02
6.560075830936780428e-02
7.111334626088772204e-02
7.708917010641867795e-02
8.356715666134907627e-02
9.058950385406965011e-02
9.820195560539050905e-02
1.064540998067276673e-01
1.153996913381090672e-01
1.250970022301500229e-01
1.356092012509763356e-01
1.470047653907375351e-01
1.593579259241466317e-01
1.727491519567156408e-01
1.872656746045321396e-01
2.030020552221141472e-01
2.200608013798000251e-01
2.385530346031909665e-01
2.585992142243231373e-01
2.803299220597840202e-01
3.038867130271928341e-01
3.294230372410163477e-01
3.571052395942876934e-01
3.871136433375564900e-01
4.196437247135655912e-01
4.549073862992671358e-01
4.931343373498117688e-01
5.345735901361189368e-01
5.794950820232693811e-01
6.281914338559941857e-01
6.809798561054983823e-01
7.382042151943315478e-01
8.002372734594580539e-01
8.674831173447704602e-01
9.403797896403838230e-01
1.019402142915289078e+00
1.105064932730722260e+00
1.197926170783648603e+00
1.298590759822847662e+00
1.407714434015685079e+00
1.526008030433267493e+00
1.654242119478664952e+00
1.793252024421072566e+00
1.943943262733338617e+00
2.107297444678093434e+00
2.284378667566065779e+00
2.476340447339210105e+00
2.684433232631208810e+00
2.910012550252439212e+00
3.154547835159396740e+00
3.419632002427470674e+00
3.706991823579448120e+00
4.018499174861525525e+00
4.356183230738841949e+00
4.722243682039370505e+00
5.119065064850040869e+00
5.549232293503998825e+00
6.015547498841907981e+00
6.521048281432358706e+00
7.069027498653850827e+00
7.663054714532518297e+00
8.306999452060614075e+00
9.005056399462906924e+00
9.761772734605450808e+00
1.058207774553972946e+01
1.147131494013141406e+01
1.243527685393795856e+01
1.348024278307487123e+01
1.461301968786455596e+01
1.584098653371645682e+01
1.717214235807656308e+01
1.861515837655758787e+01
2.017943446767089100e+01
2.187516040410546481e+01
2.371338222941654905e+01
2.570607421250603508e+01
2.786621684860884329e+01
3.020788141488789336e+01
3.274632163143760977e+01
3.549807302477906745e+01
3.848106064110714897e+01
4.171471581093744163e+01
4.522010272576550705e+01
4.902005565126317777e+01
5.313932767082773267e+01
5.760475192840438297e+01
6.244541642092853806e+01
6.769285347899231908e+01
7.338124517002265179e+01
7.954764596197873061e+01
8.623222409800854393e+01
9.347852325439461652e+01
