    2    0.74850597E-07
    3    0.17098855E-07
    4    0.59594650E-08
    5    0.26105107E-08
    6    0.13224263E-08
    7    0.74127859E-09
    8    0.44775806E-09
    9    0.28648344E-09
   10    0.19186753E-09
   11    0.13337273E-09
   12    0.95619039E-10
   13    0.70363058E-10
   14    0.52944817E-10
   15    0.40614369E-10
   16    0.31684888E-10
   17    0.25088645E-10
   18    0.20129289E-10
   19    0.16341931E-10
   20    0.13408586E-10
   21    0.11107860E-10
   22    0.92824296E-11
   23    0.78189810E-11
   24    0.66344227E-11
   25    0.56672180E-11
   26    0.48710639E-11
   27    0.42108309E-11
   28    0.36595023E-11
   29    0.31961636E-11
   30    0.28044161E-11
   31    0.24713520E-11
   32    0.21866930E-11
   33    0.19422082E-11
   34    0.17312526E-11
   35    0.15484388E-11
   36    0.13893549E-11
   37    0.12503902E-11
   38    0.11285474E-11
   39    0.10213515E-11
   40    0.92672410E-12
   41    0.84293312E-12
   42    0.76851107E-12
   43    0.70222643E-12
   44    0.64302497E-12
   45    0.59001638E-12
   46    0.54243182E-12
   47    0.49961724E-12
   48    0.46100427E-12
   49    0.42610705E-12
   50    0.39449986E-12
   51    0.36581661E-12
   52    0.33973483E-12
   53    0.31597612E-12
   54    0.29429343E-12
   55    0.27447266E-12
   56    0.25632237E-12
   57    0.23967640E-12
   58    0.22438533E-12
   59    0.21031899E-12
   60    0.19735966E-12
   61    0.18540432E-12
   62    0.17435951E-12
   63    0.16414316E-12
   64    0.15468061E-12
   65    0.14590612E-12
   66    0.13775935E-12
   67    0.13018721E-12
   68    0.12314078E-12
   69    0.11657686E-12
   70    0.11045557E-12
   71    0.10474156E-12
   72    0.99402051E-13
   73    0.94408011E-13
   74    0.89732356E-13
   75    0.85351041E-13
   76    0.81241623E-13
   77    0.77384102E-13
   78    0.73759719E-13
   79    0.70351808E-13
   80    0.67144629E-13
   81    0.64124174E-13
   82    0.61277217E-13
   83    0.58591944E-13
   84    0.56057177E-13
   85    0.53662910E-13
   86    0.51399632E-13
   87    0.49258862E-13
   88    0.47232482E-13
   89    0.45313265E-13
   90    0.43494259E-13
   91    0.41769265E-13
   92    0.40132330E-13
   93    0.38578135E-13
   94    0.37101525E-13
   95    0.35697938E-13
   96    0.34362915E-13
   97    0.33092497E-13
   98    0.31882827E-13
   99    0.30730468E-13
  100    0.29632069E-13
  101    0.28584637E-13
  102    0.27585250E-13
  103    0.26631307E-13
  104    0.25720241E-13
  105    0.24849781E-13
  106    0.24017672E-13
  107    0.23221925E-13
  108    0.22460562E-13
  109    0.21731829E-13
  110    0.21033982E-13
  111    0.20365475E-13
  112    0.19724774E-13
  113    0.19110510E-13
  114    0.18521318E-13
  115    0.17955995E-13
  116    0.17413326E-13
  117    0.16892245E-13
  118    0.16391671E-13
  119    0.15910655E-13
  120    0.15448235E-13
  121    0.15003566E-13
  122    0.14575788E-13
  123    0.14164147E-13
  124    0.13767872E-13
  125    0.13386292E-13
  126    0.13018714E-13
  127    0.12664538E-13
  128    0.12323140E-13
  129    0.11993983E-13
  130    0.11676507E-13
  131    0.11370226E-13
  132    0.11074636E-13
  133    0.10789303E-13
  134    0.10513769E-13
  135    0.10247642E-13
  136    0.99905102E-14
  137    0.97420189E-14
  138    0.95017937E-14
  139    0.92695157E-14
  140    0.90448446E-14
  141    0.88274916E-14
  142    0.86171475E-14
  143    0.84135508E-14
  144    0.82164198E-14
  145    0.80255175E-14
  146    0.78405867E-14
  147    0.76614125E-14
  148    0.74877599E-14
  149    0.73194336E-14
  150    0.71562187E-14
  151    0.69979373E-14
  152    0.68443928E-14
  153    0.66954231E-14
  154    0.65508478E-14
  155    0.64105192E-14
  156    0.62742716E-14
  157    0.61419702E-14
  158    0.60134626E-14
  159    0.58886257E-14
  160    0.57673192E-14
  161    0.56494305E-14
  162    0.55348304E-14
  163    0.54234157E-14
  164    0.53150671E-14
  165    0.52096901E-14
  166    0.51071745E-14
  167    0.50074337E-14
  168    0.49103658E-14
  169    0.48158911E-14
  170    0.47239153E-14
  171    0.46343652E-14
  172    0.45471534E-14
  173    0.44622124E-14
  174    0.43794612E-14
  175    0.42988377E-14
  176    0.42202664E-14
  177    0.41436903E-14
  178    0.40690389E-14
  179    0.39962596E-14
  180    0.39252868E-14
  181    0.38560719E-14
  182    0.37885537E-14
  183    0.37226870E-14
  184    0.36584148E-14
  185    0.35956952E-14
  186    0.35344747E-14
  187    0.34747146E-14
  188    0.34163647E-14
  189    0.33593889E-14
  190    0.33037402E-14
  191    0.32493851E-14
  192    0.31962792E-14
  193    0.31443914E-14
  194    0.30936800E-14
  195    0.30441159E-14
  196    0.29956598E-14
  197    0.29482847E-14
  198    0.29019534E-14
  199    0.28566407E-14
  200    0.28123118E-14
  201    0.27689428E-14
  202    0.27265011E-14
  203    0.26849644E-14
  204    0.26443019E-14
  205    0.26044929E-14
  206    0.25655081E-14
  207    0.25273286E-14
  208    0.24899268E-14
  209    0.24532848E-14
  210    0.24173769E-14
  211    0.23821866E-14
  212    0.23476894E-14
  213    0.23138702E-14
  214    0.22807061E-14
  215    0.22481831E-14
  216    0.22162796E-14
  217    0.21849828E-14
  218    0.21542723E-14
  219    0.21241365E-14
  220    0.20945563E-14
  221    0.20655208E-14
  222    0.20370122E-14
  223    0.20090206E-14
  224    0.19815292E-14
  225    0.19545290E-14
  226    0.19280042E-14
  227    0.19019465E-14
  228    0.18763412E-14
  229    0.18511806E-14
  230    0.18264509E-14
  231    0.18021452E-14
  232    0.17782503E-14
  233    0.17547600E-14
  234    0.17316619E-14
  235    0.17089502E-14
  236    0.16866133E-14
  237    0.16646460E-14
  238    0.16430371E-14
  239    0.16217819E-14
  240    0.16008700E-14
  241    0.15802969E-14
  242    0.15600528E-14
  243    0.15401337E-14
  244    0.15205300E-14
  245    0.15012383E-14
  246    0.14822495E-14
  247    0.14635601E-14
  248    0.14451618E-14
  249    0.14270515E-14
  250    0.14092209E-14
  251    0.13916672E-14
  252    0.13743827E-14
  253    0.13573647E-14
  254    0.13406058E-14
  255    0.13241036E-14
  256    0.13078510E-14
  257    0.12918456E-14
  258    0.12760808E-14
  259    0.12605545E-14
  260    0.12452600E-14
  261    0.12301956E-14
  262    0.12153548E-14
  263    0.12007360E-14
  264    0.11863330E-14
  265    0.11721444E-14
  266    0.11581641E-14
  267    0.11443908E-14
  268    0.11308187E-14
  269    0.11174465E-14
  270    0.11042688E-14
  271    0.10912843E-14
  272    0.10784876E-14
  273    0.10658778E-14
  274    0.10534496E-14
  275    0.10412020E-14
  276    0.10291301E-14
  277    0.10172328E-14
  278    0.10055054E-14
  279    0.99394691E-15
  280    0.98255291E-15
  281    0.97132231E-15
  282    0.96025079E-15
  283    0.94933748E-15
  284    0.93857810E-15
  285    0.92797189E-15
  286    0.91751465E-15
  287    0.90720564E-15
  288    0.89704094E-15
  289    0.88701975E-15
  290    0.87713826E-15
  291    0.86739575E-15
  292    0.85778852E-15
  293    0.84831592E-15
  294    0.83897427E-15
  295    0.82976297E-15
  296    0.82067848E-15
  297    0.81172036E-15
  298    0.80288507E-15
  299    0.79417215E-15
  300    0.78557814E-15
  301    0.77710269E-15
  302    0.76874241E-15
  303    0.76049693E-15
  304    0.75236295E-15
  305    0.74434018E-15
  306    0.73642548E-15
  307    0.72861847E-15
  308    0.72091602E-15
  309    0.71331789E-15
  310    0.70582094E-15
  311    0.69842497E-15
  312    0.69112704E-15
  313    0.68392685E-15
  314    0.67682156E-15
  315    0.66981082E-15
  316    0.66289190E-15
  317    0.65606445E-15
  318    0.64932582E-15
  319    0.64267572E-15
  320    0.63611151E-15
  321    0.62963294E-15
  322    0.62323739E-15
  323    0.61692458E-15
  324    0.61069210E-15
  325    0.60453965E-15
  326    0.59846479E-15
  327    0.59246729E-15
  328    0.58654469E-15
  329    0.58069692E-15
  330    0.57492149E-15
  331    0.56921834E-15
  332    0.56358506E-15
  333    0.55802164E-15
  334    0.55252577E-15
  335    0.54709729E-15
  336    0.54173409E-15
  337    0.53643604E-15
  338    0.53120099E-15
  339    0.52602892E-15
  340    0.52091777E-15
  341    0.51586748E-15
  342    0.51087609E-15
  343    0.50594352E-15
  344    0.50106790E-15
  345    0.49624923E-15
  346    0.49148562E-15
  347    0.48677712E-15
  348    0.48212198E-15
  349    0.47752019E-15
  350    0.47297009E-15
  351    0.46847166E-15
  352    0.46402331E-15
  353    0.45962512E-15
  354    0.45527550E-15
  355    0.45097461E-15
  356    0.44672084E-15
  357    0.44251436E-15
  358    0.43835372E-15
  359    0.43423907E-15
  360    0.43016899E-15
  361    0.42614365E-15
  362    0.42216171E-15
  363    0.41822330E-15
  364    0.41432716E-15
  365    0.41047345E-15
  366    0.40666093E-15
  367    0.40288977E-15
  368    0.39915879E-15
  369    0.39546817E-15
  370    0.39181676E-15
  371    0.38820475E-15
  372    0.38463104E-15
  373    0.38109582E-15
  374    0.37759801E-15
  375    0.37413782E-15
  376    0.37071419E-15
  377    0.36732735E-15
  378    0.36397622E-15
  379    0.36066108E-15
  380    0.35738087E-15
  381    0.35413585E-15
  382    0.35092498E-15
  383    0.34774855E-15
  384    0.34460553E-15
  385    0.34149621E-15
  386    0.33841958E-15
  387    0.33537591E-15
  388    0.33236425E-15
  389    0.32938484E-15
  390    0.32643674E-15
  391    0.32352022E-15
  392    0.32063435E-15
  393    0.31777935E-15
  394    0.31495436E-15
  395    0.31215959E-15
  396    0.30939417E-15
  397    0.30665833E-15
  398    0.30395120E-15
  399    0.30127303E-15
  400    0.29862294E-15
  401    0.29600118E-15
  402    0.29340692E-15
  403    0.29084036E-15
  404    0.28830072E-15
  405    0.28578818E-15
  406    0.28330198E-15
  407    0.28084230E-15
  408    0.27840839E-15
  409    0.27600044E-15
  410    0.27361771E-15
  411    0.27126037E-15
  412    0.26892773E-15
  413    0.26661995E-15
  414    0.26433631E-15
  415    0.26207701E-15
  416    0.25984133E-15
  417    0.25762948E-15
  418    0.25544077E-15
  419    0.25327537E-15
  420    0.25113262E-15
  421    0.24901272E-15
  422    0.24691502E-15
  423    0.24483968E-15
  424    0.24278609E-15
  425    0.24075440E-15
  426    0.23874403E-15
  427    0.23675513E-15
  428    0.23478711E-15
  429    0.23284015E-15
  430    0.23091366E-15
  431    0.22900783E-15
  432    0.22712209E-15
  433    0.22525661E-15
  434    0.22341083E-15
  435    0.22158495E-15
  436    0.21977840E-15
  437    0.21799140E-15
  438    0.21622339E-15
  439    0.21447457E-15
  440    0.21274441E-15
  441    0.21103310E-15
  442    0.20934016E-15
  443    0.20766575E-15
  444    0.20600939E-15
  445    0.20437126E-15
  446    0.20275090E-15
  447    0.20114847E-15
  448    0.19956353E-15
  449    0.19799624E-15
  450    0.19644619E-15
  451    0.19491353E-15
  452    0.19339784E-15
  453    0.19189929E-15
  454    0.19041747E-15
  455    0.18895256E-15
  456    0.18750413E-15
  457    0.18607236E-15
  458    0.18465686E-15
  459    0.18325781E-15
  460    0.18187479E-15
  461    0.18050800E-15
  462    0.17915705E-15
  463    0.17782211E-15
  464    0.17650280E-15
  465    0.17519930E-15
  466    0.17391123E-15
  467    0.17263876E-15
  468    0.17138151E-15
  469    0.17013968E-15
  470    0.16891287E-15
  471    0.16770127E-15
  472    0.16650450E-15
  473    0.16532273E-15
  474    0.16415561E-15
  475    0.16300327E-15
  476    0.16186536E-15
  477    0.16074202E-15
  478    0.15963290E-15
  479    0.15853813E-15
  480    0.15745737E-15
  481    0.15639072E-15
  482    0.15533783E-15
  483    0.15429883E-15
  484    0.15327334E-15
  485    0.15226148E-15
  486    0.15126287E-15
  487    0.15027762E-15
  488    0.14930535E-15
  489    0.14834615E-15
  490    0.14739964E-15
  491    0.14646590E-15
  492    0.14554453E-15
  493    0.14463562E-15
  494    0.14373876E-15
  495    0.14285402E-15
  496    0.14198099E-15
  497    0.14111973E-15
  498    0.14026981E-15
  499    0.13943129E-15
  500    0.13860377E-15
  501    0.13778724E-15
  502    0.13698132E-15
  503    0.13618602E-15
  504    0.13540093E-15
  505    0.13462607E-15
  506    0.13386102E-15
  507    0.13310579E-15
  508    0.13235998E-15
  509    0.13162360E-15
  510    0.13089623E-15
  511    0.13017788E-15
  512    0.12946815E-15
  513    0.12876705E-15
  514    0.12807418E-15
  515    0.12738955E-15
  516    0.12671279E-15
  517    0.12604389E-15
  518    0.12538248E-15
  519    0.12472857E-15
  520    0.12408181E-15
  521    0.12344221E-15
  522    0.12280942E-15
  523    0.12218346E-15
  524    0.12156399E-15
  525    0.12095106E-15
  526    0.12034432E-15
  527    0.11974382E-15
  528    0.11914925E-15
  529    0.11856065E-15
  530    0.11797773E-15
  531    0.11740056E-15
  532    0.11682882E-15
  533    0.11626260E-15
  534    0.11570160E-15
  535    0.11514592E-15
  536    0.11459529E-15
  537    0.11404979E-15
  538    0.11350917E-15
  539    0.11297351E-15
  540    0.11244258E-15
  541    0.11191648E-15
  542    0.11139498E-15
  543    0.11087819E-15
  544    0.11036587E-15
  545    0.10985816E-15
  546    0.10935483E-15
  547    0.10885602E-15
  548    0.10836150E-15
  549    0.10787143E-15
  550    0.10738558E-15
  551    0.10690411E-15
  552    0.10642682E-15
  553    0.10595384E-15
  554    0.10548500E-15
  555    0.10502044E-15
  556    0.10455998E-15
  557    0.10410378E-15
  558    0.10365166E-15
  559    0.10320377E-15
  560    0.10275995E-15
  561    0.10232035E-15
  562    0.10188481E-15
  563    0.10145349E-15
  564    0.10102623E-15
  565    0.10060320E-15
  566    0.10018424E-15
  567    0.99769509E-16
  568    0.99358860E-16
  569    0.98952464E-16
  570    0.98550167E-16
  571    0.98152144E-16
  572    0.97758249E-16
  573    0.97368651E-16
  574    0.96983207E-16
  575    0.96602093E-16
  576    0.96225165E-16
  577    0.95852598E-16
  578    0.95484262E-16
  579    0.95120334E-16
  580    0.94760680E-16
  581    0.94405471E-16
  582    0.94054581E-16
  583    0.93708185E-16
  584    0.93366161E-16
  585    0.93028680E-16
  586    0.92695619E-16
  587    0.92367161E-16
  588    0.92043180E-16
  589    0.91723857E-16
  590    0.91409067E-16
  591    0.91098992E-16
  592    0.90793520E-16
  593    0.90492829E-16
  594    0.90196805E-16
  595    0.89905626E-16
  596    0.89619181E-16
  597    0.89337651E-16
  598    0.89060926E-16
  599    0.88789194E-16
  600    0.88522343E-16
  601    0.88260551E-16
  602    0.88003715E-16
  603    0.87752024E-16
  604    0.87505366E-16
  605    0.87263927E-16
  606    0.87027604E-16
  607    0.86796583E-16
  608    0.86570754E-16
  609    0.86350312E-16
  610    0.86135151E-16
  611    0.85925460E-16
  612    0.85721131E-16
  613    0.85522357E-16
  614    0.85329028E-16
  615    0.85141339E-16
  616    0.84959176E-16
  617    0.84782735E-16
  618    0.84611912E-16
  619    0.84446894E-16
  620    0.84287576E-16
  621    0.84134141E-16
  622    0.83986489E-16
  623    0.83844804E-16
  624    0.83708975E-16
  625    0.83579191E-16
  626    0.83455338E-16
  627    0.83337605E-16
  628    0.83225876E-16
  629    0.83120335E-16
  630    0.83020863E-16
  631    0.82927643E-16
  632    0.82840551E-16
  633    0.82759769E-16
  634    0.82685166E-16
  635    0.82616924E-16
  636    0.82554906E-16
  637    0.82499291E-16
  638    0.82449942E-16
  639    0.82407027E-16
  640    0.82370407E-16
  641    0.82340257E-16
  642    0.82316426E-16
  643    0.82299084E-16
  644    0.82288082E-16
  645    0.82283583E-16
  646    0.82285426E-16
  647    0.82293785E-16
  648    0.82308491E-16
  649    0.82329708E-16
  650    0.82357262E-16
  651    0.82391327E-16
  652    0.82431722E-16
  653    0.82478617E-16
  654    0.82531836E-16
  655    0.82591531E-16
  656    0.82657527E-16
  657    0.82729994E-16
  658    0.82808747E-16
  659    0.82893955E-16
  660    0.82985436E-16
  661    0.83083358E-16
  662    0.83187548E-16
  663    0.83298177E-16
  664    0.83415055E-16
  665    0.83538365E-16
  666    0.83667924E-16
  667    0.83803925E-16
  668    0.83946176E-16
  669    0.84094886E-16
  670    0.84249867E-16
  671    0.84411331E-16
  672    0.84579106E-16
  673    0.84753410E-16
  674    0.84934060E-16
  675    0.85121282E-16
  676    0.85314916E-16
  677    0.85515214E-16
  678    0.85722001E-16
  679    0.85935548E-16
  680    0.86155699E-16
  681    0.86382727E-16
  682    0.86616470E-16
  683    0.86857223E-16
  684    0.87104851E-16
  685    0.87359657E-16
  686    0.87621493E-16
  687    0.87890720E-16
  688    0.88167205E-16
  689    0.88451298E-16
  690    0.88742887E-16
  691    0.89042345E-16
  692    0.89349570E-16
  693    0.89664964E-16
  694    0.89988456E-16
  695    0.90320456E-16
  696    0.90660897E-16
  697    0.91010240E-16
  698    0.91368436E-16
  699    0.91735946E-16
  700    0.92112765E-16
  701    0.92499403E-16
  702    0.92895861E-16
  703    0.93302702E-16
  704    0.93719932E-16
  705    0.94148156E-16
  706    0.94587415E-16
  707    0.95038365E-16
  708    0.95501085E-16
  709    0.95976260E-16
  710    0.96463996E-16
  711    0.96965062E-16
  712    0.97479609E-16
  713    0.98008451E-16
  714    0.98551789E-16
  715    0.99110488E-16
  716    0.99684824E-16
  717    0.10027577E-15
  718    0.10088360E-15
  719    0.10150940E-15
  720    0.10215355E-15
  721    0.10281719E-15
  722    0.10350080E-15
  723    0.10420568E-15
  724    0.10493238E-15
  725    0.10568232E-15
  726    0.10645615E-15
  727    0.10725542E-15
  728    0.10808097E-15
  729    0.10893453E-15
  730    0.10981708E-15
  731    0.11073054E-15
  732    0.11167609E-15
  733    0.11265590E-15
  734    0.11367132E-15
  735    0.11472483E-15
  736    0.11581807E-15
  737    0.11695381E-15
  738    0.11813403E-15
  739    0.11936188E-15
  740    0.12063971E-15
  741    0.12197116E-15
  742    0.12335903E-15
  743    0.12480754E-15
  744    0.12632011E-15
  745    0.12790165E-15
  746    0.12955617E-15
  747    0.13128943E-15
  748    0.13310643E-15
  749    0.13501401E-15
  750    0.13701824E-15
  751    0.13883187E-15
  752    0.14048210E-15
  753    0.14204308E-15
  754    0.14353754E-15
  755    0.14497878E-15
  756    0.14637381E-15
  757    0.14772880E-15
  758    0.14904672E-15
  759    0.15033141E-15
  760    0.15158422E-15
  761    0.15280782E-15
  762    0.15400273E-15
  763    0.15517109E-15
  764    0.15631284E-15
  765    0.15742977E-15
  766    0.15852153E-15
  767    0.15958974E-15
  768    0.16063376E-15
  769    0.16165507E-15
  770    0.16265292E-15
  771    0.16362873E-15
  772    0.16458159E-15
  773    0.16551289E-15
  774    0.16642163E-15
  775    0.16730914E-15
  776    0.16817434E-15
  777    0.16901859E-15
  778    0.16984079E-15
  779    0.17064229E-15
  780    0.17142188E-15
  781    0.17218098E-15
  782    0.17291832E-15
  783    0.17363537E-15
  784    0.17433087E-15
  785    0.17500621E-15
  786    0.17566008E-15
  787    0.17629397E-15
  788    0.17690655E-15
  789    0.17749936E-15
  790    0.17807101E-15
  791    0.17862304E-15
  792    0.17915409E-15
  793    0.17966575E-15
  794    0.18015661E-15
  795    0.18062829E-15
  796    0.18107937E-15
  797    0.18151155E-15
  798    0.18192337E-15
  799    0.18231657E-15
  800    0.18268969E-15
  801    0.18304449E-15
  802    0.18337950E-15
  803    0.18369653E-15
  804    0.18399412E-15
  805    0.18427408E-15
  806    0.18453493E-15
  807    0.18477855E-15
  808    0.18500344E-15
  809    0.18521148E-15
  810    0.18540117E-15
  811    0.18557444E-15
  812    0.18572980E-15
  813    0.18586921E-15
  814    0.18599113E-15
  815    0.18609759E-15
  816    0.18618704E-15
  817    0.18626153E-15
  818    0.18631951E-15
  819    0.18636306E-15
  820    0.18639061E-15
  821    0.18640422E-15
  822    0.18640233E-15
  823    0.18638706E-15
  824    0.18635683E-15
  825    0.18631376E-15
  826    0.18625625E-15
  827    0.18618648E-15
  828    0.18610284E-15
  829    0.18600748E-15
  830    0.18589884E-15
  831    0.18577906E-15
  832    0.18564655E-15
  833    0.18550349E-15
  834    0.18534826E-15
  835    0.18518307E-15
  836    0.18500627E-15
  837    0.18482006E-15
  838    0.18462282E-15
  839    0.18441674E-15
  840    0.18420018E-15
  841    0.18397535E-15
  842    0.18374061E-15
  843    0.18349816E-15
  844    0.18324636E-15
  845    0.18298739E-15
  846    0.18271961E-15
  847    0.18244523E-15
  848    0.18216258E-15
  849    0.18187385E-15
  850    0.18157738E-15
  851    0.18127534E-15
  852    0.18096607E-15
  853    0.18065175E-15
  854    0.18033070E-15
  855    0.18000510E-15
  856    0.17967324E-15
  857    0.17933733E-15
  858    0.17899563E-15
  859    0.17865035E-15
  860    0.17829975E-15
  861    0.17794602E-15
  862    0.17758743E-15
  863    0.17722614E-15
  864    0.17686041E-15
  865    0.17649241E-15
  866    0.17612040E-15
  867    0.17574653E-15
  868    0.17536904E-15
  869    0.17499007E-15
  870    0.17460788E-15
  871    0.17422458E-15
  872    0.17383842E-15
  873    0.17345151E-15
  874    0.17306210E-15
  875    0.17267228E-15
  876    0.17228029E-15
  877    0.17188821E-15
  878    0.17149429E-15
  879    0.17110061E-15
  880    0.17070538E-15
  881    0.17031067E-15
  882    0.16991472E-15
  883    0.16951957E-15
  884    0.16912345E-15
  885    0.16872840E-15
  886    0.16833263E-15
  887    0.16793819E-15
  888    0.16754328E-15
  889    0.16714993E-15
  890    0.16675635E-15
  891    0.16636454E-15
  892    0.16597273E-15
  893    0.16558290E-15
  894    0.16519326E-15
  895    0.16480582E-15
  896    0.16441876E-15
  897    0.16403407E-15
  898    0.16364995E-15
  899    0.16326837E-15
  900    0.16288753E-15
  901    0.16250940E-15
  902    0.16213217E-15
  903    0.16175780E-15
  904    0.16138448E-15
  905    0.16101415E-15
  906    0.16064500E-15
  907    0.16027899E-15
  908    0.15991429E-15
  909    0.15955283E-15
  910    0.15919281E-15
  911    0.15883615E-15
  912    0.15848104E-15
  913    0.15812938E-15
  914    0.15777937E-15
  915    0.15743291E-15
  916    0.15708820E-15
  917    0.15674712E-15
  918    0.15640787E-15
  919    0.15607234E-15
  920    0.15573871E-15
  921    0.15540887E-15
  922    0.15508101E-15
  923    0.15475701E-15
  924    0.15443505E-15
  925    0.15411700E-15
  926    0.15380105E-15
  927    0.15348907E-15
  928    0.15317923E-15
  929    0.15287342E-15
  930    0.15256979E-15
  931    0.15227023E-15
  932    0.15197290E-15
  933    0.15167967E-15
  934    0.15138871E-15
  935    0.15110187E-15
  936    0.15081734E-15
  937    0.15053695E-15
  938    0.15025890E-15
  939    0.14998502E-15
  940    0.14971349E-15
  941    0.14944616E-15
  942    0.14918119E-15
  943    0.14892043E-15
  944    0.14866205E-15
  945    0.14840788E-15
  946    0.14815610E-15
  947    0.14790855E-15
  948    0.14766340E-15
  949    0.14742247E-15
  950    0.14718394E-15
  951    0.14694963E-15
  952    0.14671772E-15
  953    0.14649003E-15
  954    0.14626473E-15
  955    0.14604364E-15
  956    0.14582494E-15
  957    0.14561044E-15
  958    0.14539832E-15
  959    0.14519039E-15
  960    0.14498481E-15
  961    0.14478341E-15
  962    0.14458435E-15
  963    0.14438945E-15
  964    0.14419686E-15
  965    0.14400842E-15
  966    0.14382227E-15
  967    0.14364024E-15
  968    0.14346046E-15
  969    0.14328480E-15
  970    0.14311136E-15
  971    0.14294199E-15
  972    0.14277483E-15
  973    0.14261172E-15
  974    0.14245078E-15
  975    0.14229384E-15
  976    0.14213904E-15
  977    0.14198822E-15
  978    0.14183949E-15
  979    0.14169473E-15
  980    0.14155201E-15
  981    0.14141321E-15
  982    0.14127642E-15
  983    0.14114352E-15
  984    0.14101258E-15
  985    0.14088548E-15
  986    0.14076031E-15
  987    0.14063895E-15
  988    0.14051948E-15
  989    0.14040376E-15
  990    0.14028988E-15
  991    0.14017973E-15
  992    0.14007137E-15
  993    0.13996669E-15
  994    0.13986376E-15
  995    0.13976447E-15
  996    0.13966687E-15
  997    0.13957288E-15
  998    0.13948053E-15
  999    0.13939174E-15
 1000    0.13930456E-15
 1001    0.13922088E-15
 1002    0.13913876E-15
 1003    0.13906013E-15
 1004    0.13898299E-15
 1005    0.13890929E-15
 1006    0.13883705E-15
 1007    0.13876820E-15
 1008    0.13870077E-15
 1009    0.13863672E-15
 1010    0.13857402E-15
 1011    0.13851467E-15
 1012    0.13845664E-15
 1013    0.13840191E-15
 1014    0.13834845E-15
 1015    0.13829826E-15
 1016    0.13824931E-15
 1017    0.13820361E-15
 1018    0.13815909E-15
 1019    0.13811778E-15
 1020    0.13807763E-15
 1021    0.13804066E-15
 1022    0.13800481E-15
 1023    0.13797212E-15
 1024    0.13794052E-15
 1025    0.13791206E-15
 1026    0.13788465E-15
 1027    0.13786036E-15
 1028    0.13783711E-15
 1029    0.13781696E-15
 1030    0.13779781E-15
 1031    0.13778175E-15
 1032    0.13776667E-15
 1033    0.13775467E-15
 1034    0.13774363E-15
 1035    0.13773566E-15
 1036    0.13772861E-15
 1037    0.13772463E-15
 1038    0.13772157E-15
 1039    0.13772157E-15
 1040    0.13772248E-15
 1041    0.13772646E-15
 1042    0.13773132E-15
 1043    0.13773924E-15
 1044    0.13774804E-15
 1045    0.13775992E-15
 1046    0.13777267E-15
 1047    0.13778849E-15
 1048    0.13780518E-15
 1049    0.13782497E-15
 1050    0.13784562E-15
 1051    0.13786938E-15
 1052    0.13789400E-15
 1053    0.13792174E-15
 1054    0.13795035E-15
 1055    0.13798209E-15
 1056    0.13801471E-15
 1057    0.13805048E-15
 1058    0.13808713E-15
 1059    0.13812696E-15
 1060    0.13816767E-15
 1061    0.13821160E-15
 1062    0.13825642E-15
 1063    0.13830448E-15
 1064    0.13835343E-15
 1065    0.13840565E-15
 1066    0.13845880E-15
 1067    0.13851523E-15
 1068    0.13857260E-15
 1069    0.13863330E-15
 1070    0.13869494E-15
 1071    0.13875996E-15
 1072    0.13882594E-15
 1073    0.13889533E-15
 1074    0.13896570E-15
 1075    0.13903951E-15
 1076    0.13911432E-15
 1077    0.13919262E-15
 1078    0.13927194E-15
 1079    0.13935479E-15
 1080    0.13943869E-15
 1081    0.13952616E-15
 1082    0.13961471E-15
 1083    0.13970687E-15
 1084    0.13980012E-15
 1085    0.13989704E-15
 1086    0.13999508E-15
 1087    0.14009683E-15
 1088    0.14019972E-15
 1089    0.14030638E-15
 1090    0.14041421E-15
 1091    0.14052586E-15
 1092    0.14063870E-15
 1093    0.14075542E-15
 1094    0.14087336E-15
 1095    0.14099523E-15
 1096    0.14111835E-15
 1097    0.14124545E-15
 1098    0.14137383E-15
 1099    0.14150625E-15
 1100    0.14163997E-15
 1101    0.14177779E-15
 1102    0.14191696E-15
 1103    0.14206027E-15
 1104    0.14220496E-15
 1105    0.14235385E-15
 1106    0.14250416E-15
 1107    0.14265872E-15
 1108    0.14281473E-15
 1109    0.14297507E-15
 1110    0.14313688E-15
 1111    0.14330308E-15
 1112    0.14347079E-15
 1113    0.14364295E-15
 1114    0.14381665E-15
 1115    0.14399487E-15
 1116    0.14417466E-15
 1117    0.14435904E-15
 1118    0.14454501E-15
 1119    0.14473565E-15
 1120    0.14492792E-15
 1121    0.14512491E-15
 1122    0.14532357E-15
 1123    0.14552703E-15
 1124    0.14573219E-15
 1125    0.14594221E-15
 1126    0.14615398E-15
 1127    0.14637068E-15
 1128    0.14658916E-15
 1129    0.14681265E-15
 1130    0.14703795E-15
 1131    0.14726833E-15
 1132    0.14750057E-15
 1133    0.14773796E-15
 1134    0.14797725E-15
 1135    0.14822177E-15
 1136    0.14846821E-15
 1137    0.14871997E-15
 1138    0.14897370E-15
 1139    0.14923282E-15
 1140    0.14949394E-15
 1141    0.14976055E-15
 1142    0.15002920E-15
 1143    0.15030341E-15
 1144    0.15057971E-15
 1145    0.15086166E-15
 1146    0.15114573E-15
 1147    0.15143554E-15
 1148    0.15172752E-15
 1149    0.15202533E-15
 1150    0.15232535E-15
 1151    0.15263129E-15
 1152    0.15293948E-15
 1153    0.15325370E-15
 1154    0.15357020E-15
 1155    0.15389283E-15
 1156    0.15421780E-15
 1157    0.15454898E-15
 1158    0.15488255E-15
 1159    0.15522245E-15
 1160    0.15556477E-15
 1161    0.15591353E-15
 1162    0.15626477E-15
 1163    0.15662254E-15
 1164    0.15698285E-15
 1165    0.15734981E-15
 1166    0.15771935E-15
 1167    0.15809565E-15
 1168    0.15847460E-15
 1169    0.15886042E-15
 1170    0.15924894E-15
 1171    0.15964446E-15
 1172    0.16004273E-15
 1173    0.16044814E-15
 1174    0.16085634E-15
 1175    0.16127181E-15
 1176    0.16169015E-15
 1177    0.16211588E-15
 1178    0.16254454E-15
 1179    0.16298074E-15
 1180    0.16341993E-15
 1181    0.16386679E-15
 1182    0.16431672E-15
 1183    0.16477446E-15
 1184    0.16523534E-15
 1185    0.16570420E-15
 1186    0.16617625E-15
 1187    0.16665644E-15
 1188    0.16713991E-15
 1189    0.16763167E-15
 1190    0.16812679E-15
 1191    0.16863037E-15
 1192    0.16913739E-15
 1193    0.16965305E-15
 1194    0.17017223E-15
 1195    0.17070022E-15
 1196    0.17123182E-15
 1197    0.17177243E-15
 1198    0.17231674E-15
 1199    0.17287024E-15
 1200    0.17342755E-15
 1201    0.17399425E-15
 1202    0.17456485E-15
 1203    0.17514504E-15
 1204    0.17572924E-15
 1205    0.17632325E-15
 1206    0.17692139E-15
 1207    0.17752955E-15
 1208    0.17814194E-15
 1209    0.17876459E-15
 1210    0.17939159E-15
 1211    0.18002909E-15
 1212    0.18067106E-15
 1213    0.18132378E-15
 1214    0.18198110E-15
 1215    0.18264942E-15
 1216    0.18332247E-15
 1217    0.18400680E-15
 1218    0.18469599E-15
 1219    0.18539674E-15
 1220    0.18610250E-15
 1221    0.18682009E-15
 1222    0.18754286E-15
 1223    0.18827775E-15
 1224    0.18901798E-15
 1225    0.18977064E-15
 1226    0.19052879E-15
 1227    0.19129971E-15
 1228    0.19207628E-15
 1229    0.19286595E-15
 1230    0.19366146E-15
 1231    0.19447041E-15
 1232    0.19528539E-15
 1233    0.19611416E-15
 1234    0.19694915E-15
 1235    0.19779831E-15
 1236    0.19865390E-15
 1237    0.19952403E-15
 1238    0.20040080E-15
 1239    0.20129252E-15
 1240    0.20219109E-15
 1241    0.20310503E-15
 1242    0.20402605E-15
 1243    0.20496288E-15
 1244    0.20590702E-15
 1245    0.20686740E-15
 1246    0.20783535E-15
 1247    0.20882002E-15
 1248    0.20981250E-15
 1249    0.21082218E-15
 1250    0.21183994E-15
 1251    0.21287539E-15
 1252    0.21391921E-15
 1253    0.21498125E-15
 1254    0.21605194E-15
 1255    0.21714139E-15
 1256    0.21823979E-15
 1257    0.21935751E-15
 1258    0.22048449E-15
 1259    0.22163138E-15
 1260    0.22278785E-15
 1261    0.22396484E-15
 1262    0.22515174E-15
 1263    0.22635980E-15
 1264    0.22757811E-15
 1265    0.22881822E-15
 1266    0.23006896E-15
 1267    0.23134219E-15
 1268    0.23262643E-15
 1269    0.23393386E-15
 1270    0.23525268E-15
 1271    0.23659543E-15
 1272    0.23794999E-15
 1273    0.23932925E-15
 1274    0.24072074E-15
 1275    0.24213772E-15
 1276    0.24356738E-15
 1277    0.24502336E-15
 1278    0.24649247E-15
 1279    0.24798879E-15
 1280    0.24949871E-15
 1281    0.25103673E-15
 1282    0.25258886E-15
 1283    0.25417004E-15
 1284    0.25576584E-15
 1285    0.25739166E-15
 1286    0.25903266E-15
 1287    0.26070470E-15
 1288    0.26239248E-15
 1289    0.26411239E-15
 1290    0.26584861E-15
 1291    0.26761809E-15
 1292    0.26940450E-15
 1293    0.27122532E-15
 1294    0.27306373E-15
 1295    0.27493777E-15
 1296    0.27683008E-15
 1297    0.27875929E-15
 1298    0.28070748E-15
 1299    0.28269391E-15
 1300    0.28470006E-15
 1301    0.28674586E-15
 1302    0.28881215E-15
 1303    0.29091956E-15
 1304    0.29304828E-15
 1305    0.29521966E-15
 1306    0.29741320E-15
 1307    0.29965104E-15
 1308    0.30191193E-15
 1309    0.30421880E-15
 1310    0.30654969E-15
 1311    0.30892835E-15
 1312    0.31133201E-15
 1313    0.31378533E-15
 1314    0.31626470E-15
 1315    0.31879571E-15
 1316    0.32135388E-15
 1317    0.32396577E-15
 1318    0.32660598E-15
 1319    0.32930212E-15
 1320    0.33202782E-15
 1321    0.33481176E-15
 1322    0.33762656E-15
 1323    0.34050204E-15
 1324    0.34340977E-15
 1325    0.34638076E-15
 1326    0.34938546E-15
 1327    0.35245615E-15
 1328    0.35556210E-15
 1329    0.35873692E-15
 1330    0.36194863E-15
 1331    0.36523228E-15
 1332    0.36855456E-15
 1333    0.37195201E-15
 1334    0.37538994E-15
 1335    0.37890646E-15
 1336    0.38246543E-15
 1337    0.38610664E-15
 1338    0.38979237E-15
 1339    0.39356420E-15
 1340    0.39738278E-15
 1341    0.40129156E-15
 1342    0.40524945E-15
 1343    0.40930190E-15
 1344    0.41340599E-15
 1345    0.41760927E-15
 1346    0.42186689E-15
 1347    0.42622863E-15
 1348    0.43064757E-15
 1349    0.43517591E-15
 1350    0.43976452E-15
 1351    0.44446813E-15
 1352    0.44923529E-15
 1353    0.45412344E-15
 1354    0.45907866E-15
 1355    0.46416126E-15
 1356    0.46931470E-15
 1357    0.47460236E-15
 1358    0.47996488E-15
 1359    0.48546895E-15
 1360    0.49105221E-15
 1361    0.49678486E-15
 1362    0.50260134E-15
 1363    0.50857562E-15
 1364    0.51463874E-15
 1365    0.52086868E-15
 1366    0.52719283E-15
 1367    0.53369351E-15
 1368    0.54029417E-15
 1369    0.54708181E-15
 1370    0.55397568E-15
 1371    0.56106775E-15
 1372    0.56827280E-15
 1373    0.57568816E-15
 1374    0.58322378E-15
 1375    0.59098278E-15
 1376    0.59886993E-15
 1377    0.60699459E-15
 1378    0.61525592E-15
 1379    0.62377005E-15
 1380    0.63243012E-15
 1381    0.64135953E-15
 1382    0.65044496E-15
 1383    0.65981771E-15
 1384    0.66935739E-15
 1385    0.67920391E-15
 1386    0.68922928E-15
 1387    0.69958271E-15
 1388    0.71012799E-15
 1389    0.72102443E-15
 1390    0.73212693E-15
 1391    0.74360586E-15
 1392    0.75530633E-15
 1393    0.76741080E-15
 1394    0.77975384E-15
 1395    0.79253108E-15
 1396    0.80556556E-15
 1397    0.81906734E-15
 1398    0.83284688E-15
 1399    0.84713011E-15
 1400    0.86171372E-15
 1401    0.87684103E-15
 1402    0.89229365E-15
 1403    0.90833413E-15
 1404    0.92472750E-15
 1405    0.94175753E-15
 1406    0.95917099E-15
 1407    0.97727515E-15
 1408    0.99579667E-15
 1409    0.10150688E-14
 1410    0.10347961E-14
 1411    0.10553407E-14
 1412    0.10763825E-14
 1413    0.10983160E-14
 1414    0.11207938E-14
 1415    0.11442463E-14
 1416    0.11682960E-14
 1417    0.11934135E-14
 1418    0.12191874E-14
 1419    0.12461339E-14
 1420    0.12738036E-14
 1421    0.13027638E-14
 1422    0.13325227E-14
 1423    0.13637055E-14
 1424    0.13957727E-14
 1425    0.14294150E-14
 1426    0.14640391E-14
 1427    0.15004103E-14
 1428    0.15378745E-14
 1429    0.15772823E-14
 1430    0.16179105E-14
 1431    0.16607073E-14
 1432    0.17048711E-14
 1433    0.17514625E-14
 1434    0.17995899E-14
 1435    0.18504442E-14
 1436    0.19030306E-14
 1437    0.19586911E-14
 1438    0.20163121E-14
 1439    0.20774119E-14
 1440    0.21407397E-14
 1441    0.22080205E-14
 1442    0.22778437E-14
 1443    0.23521785E-14
 1444    0.24294276E-14
 1445    0.25118502E-14
 1446    0.25976296E-14
 1447    0.26893712E-14
 1448    0.27849993E-14
 1449    0.28875356E-14
 1450    0.29945971E-14
 1451    0.31097099E-14
 1452    0.32301230E-14
 1453    0.33599787E-14
 1454    0.34960834E-14
 1455    0.36433381E-14
 1456    0.37980128E-14
 1457    0.39659516E-14
 1458    0.41427688E-14
 1459    0.43354938E-14
 1460    0.45389327E-14
 1461    0.47616201E-14
 1462    0.49973570E-14
 1463    0.52566135E-14
 1464    0.55319279E-14
 1465    0.58362940E-14
 1466    0.61606466E-14
 1467    0.65213197E-14
 1468    0.69071866E-14
 1469    0.73390784E-14
 1470    0.78031849E-14
 1471    0.83265082E-14
 1472    0.88916949E-14
 1473    0.95344011E-14
 1474    0.10232520E-13
 1475    0.11034149E-13
 1476    0.11910699E-13
 1477    0.12928673E-13
 1478    0.14050477E-13
 1479    0.15370772E-13
 1480    0.16839207E-13
 1481    0.18595264E-13
 1482    0.20570166E-13
 1483    0.22978221E-13
 1484    0.25723558E-13
 1485    0.29152913E-13
 1486    0.33130201E-13
 1487    0.38254328E-13
 1488    0.44330578E-13
 1489    0.52485598E-13
 1490    0.62449138E-13
 1491    0.76601455E-13
 1492    0.94639939E-13
 1493    0.12250686E-12
 1494    0.16039490E-12
 1495    0.22756218E-12
 1496    0.32952015E-12
 1497    0.56613407E-12
 1498    0.10165358E-11
 1499    0.33804764E-11
 1500    0.10116674E-10
