    2    0.27248078E-07
    3    0.62210350E-08
    4    0.21646007E-08
    5    0.94628853E-09
    6    0.47835854E-09
    7    0.26756123E-09
    8    0.16126496E-09
    9    0.10295441E-09
   10    0.68801647E-10
   11    0.47721685E-10
   12    0.34138893E-10
   13    0.25067290E-10
   14    0.18821255E-10
   15    0.14406904E-10
   16    0.11215381E-10
   17    0.88616158E-11
   18    0.70948528E-11
   19    0.57477883E-11
   20    0.47061761E-11
   21    0.38905120E-11
   22    0.32444004E-11
   23    0.27272358E-11
   24    0.23093041E-11
   25    0.19685995E-11
   26    0.16885947E-11
   27    0.14567578E-11
   28    0.12634666E-11
   29    0.11012771E-11
   30    0.96436426E-12
   31    0.84814269E-12
   32    0.74896508E-12
   33    0.66391661E-12
   34    0.59064499E-12
   35    0.52724527E-12
   36    0.47216048E-12
   37    0.42411488E-12
   38    0.38205377E-12
   39    0.34510396E-12
   40    0.31253602E-12
   41    0.28374053E-12
   42    0.25820362E-12
   43    0.23549232E-12
   44    0.21523850E-12
   45    0.19712962E-12
   46    0.18089786E-12
   47    0.16631431E-12
   48    0.15318144E-12
   49    0.14132930E-12
   50    0.13061031E-12
   51    0.12089680E-12
   52    0.11207719E-12
   53    0.10405447E-12
   54    0.96743373E-13
   55    0.90069392E-13
   56    0.83966715E-13
   57    0.78377585E-13
   58    0.73250722E-13
   59    0.68540940E-13
   60    0.64207941E-13
   61    0.60216083E-13
   62    0.56533431E-13
   63    0.53131652E-13
   64    0.49985249E-13
   65    0.47071532E-13
   66    0.44370004E-13
   67    0.41862365E-13
   68    0.39532021E-13
   69    0.37364123E-13
   70    0.35345157E-13
   71    0.33462992E-13
   72    0.31706559E-13
   73    0.30065899E-13
   74    0.28531886E-13
   75    0.27096299E-13
   76    0.25751578E-13
   77    0.24490899E-13
   78    0.23307973E-13
   79    0.22197104E-13
   80    0.21153032E-13
   81    0.20170987E-13
   82    0.19246547E-13
   83    0.18375698E-13
   84    0.17554710E-13
   85    0.16780188E-13
   86    0.16048973E-13
   87    0.15358186E-13
   88    0.14705138E-13
   89    0.14087376E-13
   90    0.13502606E-13
   91    0.12948731E-13
   92    0.12423784E-13
   93    0.11925967E-13
   94    0.11453590E-13
   95    0.11005104E-13
   96    0.10579050E-13
   97    0.10174095E-13
   98    0.97889730E-14
   99    0.94225295E-14
  100    0.90736672E-14
  101    0.87413823E-14
  102    0.84247203E-14
  103    0.81228071E-14
  104    0.78348090E-14
  105    0.75599622E-14
  106    0.72975379E-14
  107    0.70468672E-14
  108    0.68073104E-14
  109    0.65782802E-14
  110    0.63592144E-14
  111    0.61495959E-14
  112    0.59489290E-14
  113    0.57567578E-14
  114    0.55726436E-14
  115    0.53961843E-14
  116    0.52269910E-14
  117    0.50647072E-14
  118    0.49089878E-14
  119    0.47595165E-14
  120    0.46159862E-14
  121    0.44781155E-14
  122    0.43456309E-14
  123    0.42182815E-14
  124    0.40958233E-14
  125    0.39780321E-14
  126    0.38646894E-14
  127    0.37555949E-14
  128    0.36505527E-14
  129    0.35493833E-14
  130    0.34519106E-14
  131    0.33579737E-14
  132    0.32674144E-14
  133    0.31800876E-14
  134    0.30958510E-14
  135    0.30145739E-14
  136    0.29361279E-14
  137    0.28603951E-14
  138    0.27872592E-14
  139    0.27166143E-14
  140    0.26483547E-14
  141    0.25823845E-14
  142    0.25186083E-14
  143    0.24569388E-14
  144    0.23972896E-14
  145    0.23395814E-14
  146    0.22837357E-14
  147    0.22296806E-14
  148    0.21773444E-14
  149    0.21266618E-14
  150    0.20775674E-14
  151    0.20300018E-14
  152    0.19839053E-14
  153    0.19392238E-14
  154    0.18959025E-14
  155    0.18538923E-14
  156    0.18131430E-14
  157    0.17736094E-14
  158    0.17352458E-14
  159    0.16980110E-14
  160    0.16618628E-14
  161    0.16267635E-14
  162    0.15926744E-14
  163    0.15595610E-14
  164    0.15273876E-14
  165    0.14961225E-14
  166    0.14657330E-14
  167    0.14361898E-14
  168    0.14074628E-14
  169    0.13795252E-14
  170    0.13523490E-14
  171    0.13259098E-14
  172    0.13001816E-14
  173    0.12751418E-14
  174    0.12507665E-14
  175    0.12270349E-14
  176    0.12039248E-14
  177    0.11814170E-14
  178    0.11594910E-14
  179    0.11381288E-14
  180    0.11173117E-14
  181    0.10970230E-14
  182    0.10772452E-14
  183    0.10579628E-14
  184    0.10391597E-14
  185    0.10208216E-14
  186    0.10029333E-14
  187    0.98548156E-15
  188    0.96845230E-15
  189    0.95183323E-15
  190    0.93561118E-15
  191    0.91977480E-15
  192    0.90431172E-15
  193    0.88921140E-15
  194    0.87446231E-15
  195    0.86005464E-15
  196    0.84597758E-15
  197    0.83222197E-15
  198    0.81877779E-15
  199    0.80563646E-15
  200    0.79278856E-15
  201    0.78022611E-15
  202    0.76794029E-15
  203    0.75592368E-15
  204    0.74416798E-15
  205    0.73266626E-15
  206    0.72141075E-15
  207    0.71039498E-15
  208    0.69961169E-15
  209    0.68905483E-15
  210    0.67871758E-15
  211    0.66859427E-15
  212    0.65867855E-15
  213    0.64896511E-15
  214    0.63944797E-15
  215    0.63012221E-15
  216    0.62098218E-15
  217    0.61202331E-15
  218    0.60324028E-15
  219    0.59462884E-15
  220    0.58618402E-15
  221    0.57790181E-15
  222    0.56977752E-15
  223    0.56180746E-15
  224    0.55398719E-15
  225    0.54631327E-15
  226    0.53878154E-15
  227    0.53138877E-15
  228    0.52413105E-15
  229    0.51700537E-15
  230    0.51000803E-15
  231    0.50313622E-15
  232    0.49638647E-15
  233    0.48975614E-15
  234    0.48324198E-15
  235    0.47684149E-15
  236    0.47055161E-15
  237    0.46437002E-15
  238    0.45829382E-15
  239    0.45232082E-15
  240    0.44644829E-15
  241    0.44067420E-15
  242    0.43499595E-15
  243    0.42941163E-15
  244    0.42391880E-15
  245    0.41851565E-15
  246    0.41319988E-15
  247    0.40796981E-15
  248    0.40282324E-15
  249    0.39775859E-15
  250    0.39277379E-15
  251    0.38786736E-15
  252    0.38303730E-15
  253    0.37828225E-15
  254    0.37360034E-15
  255    0.36899024E-15
  256    0.36445022E-15
  257    0.35997901E-15
  258    0.35557495E-15
  259    0.35123687E-15
  260    0.34696318E-15
  261    0.34275279E-15
  262    0.33860419E-15
  263    0.33451634E-15
  264    0.33048782E-15
  265    0.32651765E-15
  266    0.32260447E-15
  267    0.31874737E-15
  268    0.31494505E-15
  269    0.31119666E-15
  270    0.30750096E-15
  271    0.30385713E-15
  272    0.30026399E-15
  273    0.29672080E-15
  274    0.29322643E-15
  275    0.28978016E-15
  276    0.28638091E-15
  277    0.28302803E-15
  278    0.27972049E-15
  279    0.27645766E-15
  280    0.27323856E-15
  281    0.27006259E-15
  282    0.26692883E-15
  283    0.26383670E-15
  284    0.26078533E-15
  285    0.25777419E-15
  286    0.25480241E-15
  287    0.25186951E-15
  288    0.24897468E-15
  289    0.24611744E-15
  290    0.24329701E-15
  291    0.24051296E-15
  292    0.23776453E-15
  293    0.23505131E-15
  294    0.23237259E-15
  295    0.22972797E-15
  296    0.22711677E-15
  297    0.22453861E-15
  298    0.22199285E-15
  299    0.21947911E-15
  300    0.21699678E-15
  301    0.21454553E-15
  302    0.21212473E-15
  303    0.20973409E-15
  304    0.20737301E-15
  305    0.20504121E-15
  306    0.20273812E-15
  307    0.20046345E-15
  308    0.19821666E-15
  309    0.19599749E-15
  310    0.19380542E-15
  311    0.19164020E-15
  312    0.18950131E-15
  313    0.18738852E-15
  314    0.18530134E-15
  315    0.18323955E-15
  316    0.18120267E-15
  317    0.17919048E-15
  318    0.17720254E-15
  319    0.17523863E-15
  320    0.17329831E-15
  321    0.17138138E-15
  322    0.16948743E-15
  323    0.16761625E-15
  324    0.16576744E-15
  325    0.16394082E-15
  326    0.16213598E-15
  327    0.16035276E-15
  328    0.15859076E-15
  329    0.15684982E-15
  330    0.15512957E-15
  331    0.15342984E-15
  332    0.15175028E-15
  333    0.15009073E-15
  334    0.14845083E-15
  335    0.14683045E-15
  336    0.14522923E-15
  337    0.14364705E-15
  338    0.14208357E-15
  339    0.14053865E-15
  340    0.13901197E-15
  341    0.13750341E-15
  342    0.13601266E-15
  343    0.13453958E-15
  344    0.13308389E-15
  345    0.13164545E-15
  346    0.13022399E-15
  347    0.12881938E-15
  348    0.12743134E-15
  349    0.12605977E-15
  350    0.12470438E-15
  351    0.12336508E-15
  352    0.12204160E-15
  353    0.12073383E-15
  354    0.11944153E-15
  355    0.11816458E-15
  356    0.11690275E-15
  357    0.11565592E-15
  358    0.11442388E-15
  359    0.11320651E-15
  360    0.11200360E-15
  361    0.11081503E-15
  362    0.10964060E-15
  363    0.10848020E-15
  364    0.10733363E-15
  365    0.10620078E-15
  366    0.10508146E-15
  367    0.10397556E-15
  368    0.10288289E-15
  369    0.10180335E-15
  370    0.10073676E-15
  371    0.99683011E-16
  372    0.98641920E-16
  373    0.97613401E-16
  374    0.96597263E-16
  375    0.95593424E-16
  376    0.94601694E-16
  377    0.93621996E-16
  378    0.92654144E-16
  379    0.91698060E-16
  380    0.90753564E-16
  381    0.89820577E-16
  382    0.88898923E-16
  383    0.87988525E-16
  384    0.87089210E-16
  385    0.86200901E-16
  386    0.85323430E-16
  387    0.84456722E-16
  388    0.83600609E-16
  389    0.82755018E-16
  390    0.81919785E-16
  391    0.81094837E-16
  392    0.80280014E-16
  393    0.79475243E-16
  394    0.78680368E-16
  395    0.77895318E-16
  396    0.77119936E-16
  397    0.76354153E-16
  398    0.75597818E-16
  399    0.74850860E-16
  400    0.74113131E-16
  401    0.73384562E-16
  402    0.72665007E-16
  403    0.71954400E-16
  404    0.71252596E-16
  405    0.70559529E-16
  406    0.69875058E-16
  407    0.69199119E-16
  408    0.68531573E-16
  409    0.67872356E-16
  410    0.67221333E-16
  411    0.66578439E-16
  412    0.65943544E-16
  413    0.65316585E-16
  414    0.64697431E-16
  415    0.64086022E-16
  416    0.63482231E-16
  417    0.62885997E-16
  418    0.62297197E-16
  419    0.61715771E-16
  420    0.61141598E-16
  421    0.60574619E-16
  422    0.60014717E-16
  423    0.59461833E-16
  424    0.58915853E-16
  425    0.58376719E-16
  426    0.57844320E-16
  427    0.57318600E-16
  428    0.56799447E-16
  429    0.56286810E-16
  430    0.55780580E-16
  431    0.55280703E-16
  432    0.54787076E-16
  433    0.54299645E-16
  434    0.53818308E-16
  435    0.53343016E-16
  436    0.52873666E-16
  437    0.52410211E-16
  438    0.51952552E-16
  439    0.51500642E-16
  440    0.51054383E-16
  441    0.50613731E-16
  442    0.50178591E-16
  443    0.49748918E-16
  444    0.49324621E-16
  445    0.48905655E-16
  446    0.48491932E-16
  447    0.48083408E-16
  448    0.47679997E-16
  449    0.47281656E-16
  450    0.46888301E-16
  451    0.46499891E-16
  452    0.46116344E-16
  453    0.45737619E-16
  454    0.45363636E-16
  455    0.44994357E-16
  456    0.44629702E-16
  457    0.44269635E-16
  458    0.43914078E-16
  459    0.43562995E-16
  460    0.43216310E-16
  461    0.42873989E-16
  462    0.42535957E-16
  463    0.42202181E-16
  464    0.41872587E-16
  465    0.41547144E-16
  466    0.41225779E-16
  467    0.40908462E-16
  468    0.40595123E-16
  469    0.40285731E-16
  470    0.39980217E-16
  471    0.39678551E-16
  472    0.39380667E-16
  473    0.39086535E-16
  474    0.38796088E-16
  475    0.38509300E-16
  476    0.38226103E-16
  477    0.37946471E-16
  478    0.37670340E-16
  479    0.37397683E-16
  480    0.37128435E-16
  481    0.36862572E-16
  482    0.36600029E-16
  483    0.36340781E-16
  484    0.36084767E-16
  485    0.35831960E-16
  486    0.35582299E-16
  487    0.35335759E-16
  488    0.35092280E-16
  489    0.34851835E-16
  490    0.34614366E-16
  491    0.34379847E-16
  492    0.34148220E-16
  493    0.33919458E-16
  494    0.33693504E-16
  495    0.33470332E-16
  496    0.33249886E-16
  497    0.33032138E-16
  498    0.32817034E-16
  499    0.32604548E-16
  500    0.32394623E-16
  501    0.32187235E-16
  502    0.31982327E-16
  503    0.31779876E-16
  504    0.31579827E-16
  505    0.31382155E-16
  506    0.31186807E-16
  507    0.30993759E-16
  508    0.30802958E-16
  509    0.30614380E-16
  510    0.30427973E-16
  511    0.30243715E-16
  512    0.30061554E-16
  513    0.29881469E-16
  514    0.29703409E-16
  515    0.29527353E-16
  516    0.29353253E-16
  517    0.29181087E-16
  518    0.29010808E-16
  519    0.28842397E-16
  520    0.28675806E-16
  521    0.28511018E-16
  522    0.28347986E-16
  523    0.28186694E-16
  524    0.28027096E-16
  525    0.27869176E-16
  526    0.27712892E-16
  527    0.27558227E-16
  528    0.27405141E-16
  529    0.27253617E-16
  530    0.27103618E-16
  531    0.26955125E-16
  532    0.26808105E-16
  533    0.26662540E-16
  534    0.26518395E-16
  535    0.26375656E-16
  536    0.26234287E-16
  537    0.26094277E-16
  538    0.25955591E-16
  539    0.25818217E-16
  540    0.25682123E-16
  541    0.25547297E-16
  542    0.25413707E-16
  543    0.25281344E-16
  544    0.25150175E-16
  545    0.25020193E-16
  546    0.24891367E-16
  547    0.24763689E-16
  548    0.24637127E-16
  549    0.24511678E-16
  550    0.24387309E-16
  551    0.24264016E-16
  552    0.24141768E-16
  553    0.24020561E-16
  554    0.23900367E-16
  555    0.23781183E-16
  556    0.23662978E-16
  557    0.23545751E-16
  558    0.23429473E-16
  559    0.23314143E-16
  560    0.23199734E-16
  561    0.23086243E-16
  562    0.22973643E-16
  563    0.22861933E-16
  564    0.22751088E-16
  565    0.22641107E-16
  566    0.22531965E-16
  567    0.22423660E-16
  568    0.22316169E-16
  569    0.22209491E-16
  570    0.22103602E-16
  571    0.21998503E-16
  572    0.21894170E-16
  573    0.21790603E-16
  574    0.21687781E-16
  575    0.21585703E-16
  576    0.21484348E-16
  577    0.21383717E-16
  578    0.21283788E-16
  579    0.21184564E-16
  580    0.21086022E-16
  581    0.20988164E-16
  582    0.20890971E-16
  583    0.20794443E-16
  584    0.20698562E-16
  585    0.20603329E-16
  586    0.20508726E-16
  587    0.20414754E-16
  588    0.20321394E-16
  589    0.20228650E-16
  590    0.20136503E-16
  591    0.20044955E-16
  592    0.19953989E-16
  593    0.19863608E-16
  594    0.19773794E-16
  595    0.19684551E-16
  596    0.19595862E-16
  597    0.19507729E-16
  598    0.19420138E-16
  599    0.19333090E-16
  600    0.19246570E-16
  601    0.19160582E-16
  602    0.19075109E-16
  603    0.18990156E-16
  604    0.18905708E-16
  605    0.18821768E-16
  606    0.18738321E-16
  607    0.18655371E-16
  608    0.18572905E-16
  609    0.18490925E-16
  610    0.18409418E-16
  611    0.18328387E-16
  612    0.18247820E-16
  613    0.18167719E-16
  614    0.18088072E-16
  615    0.18008882E-16
  616    0.17930136E-16
  617    0.17851839E-16
  618    0.17773976E-16
  619    0.17696553E-16
  620    0.17619556E-16
  621    0.17542990E-16
  622    0.17466841E-16
  623    0.17391113E-16
  624    0.17315795E-16
  625    0.17240889E-16
  626    0.17166384E-16
  627    0.17092282E-16
  628    0.17018573E-16
  629    0.16945258E-16
  630    0.16872327E-16
  631    0.16799783E-16
  632    0.16727613E-16
  633    0.16655821E-16
  634    0.16584395E-16
  635    0.16513337E-16
  636    0.16442637E-16
  637    0.16372296E-16
  638    0.16302303E-16
  639    0.16232661E-16
  640    0.16163357E-16
  641    0.16094396E-16
  642    0.16025763E-16
  643    0.15957463E-16
  644    0.15889484E-16
  645    0.15821828E-16
  646    0.15754483E-16
  647    0.15687452E-16
  648    0.15620722E-16
  649    0.15554298E-16
  650    0.15488167E-16
  651    0.15422332E-16
  652    0.15356780E-16
  653    0.15291516E-16
  654    0.15226528E-16
  655    0.15161818E-16
  656    0.15097375E-16
  657    0.15033203E-16
  658    0.14969289E-16
  659    0.14905639E-16
  660    0.14842240E-16
  661    0.14779096E-16
  662    0.14716198E-16
  663    0.14653548E-16
  664    0.14591136E-16
  665    0.14528967E-16
  666    0.14467030E-16
  667    0.14405330E-16
  668    0.14343858E-16
  669    0.14282617E-16
  670    0.14221600E-16
  671    0.14160810E-16
  672    0.14100240E-16
  673    0.14039894E-16
  674    0.13979764E-16
  675    0.13919856E-16
  676    0.13860161E-16
  677    0.13800686E-16
  678    0.13741423E-16
  679    0.13682379E-16
  680    0.13623546E-16
  681    0.13564930E-16
  682    0.13506525E-16
  683    0.13448338E-16
  684    0.13390362E-16
  685    0.13332605E-16
  686    0.13275059E-16
  687    0.13217733E-16
  688    0.13160621E-16
  689    0.13103730E-16
  690    0.13047055E-16
  691    0.12990604E-16
  692    0.12934370E-16
  693    0.12878364E-16
  694    0.12822579E-16
  695    0.12767023E-16
  696    0.12711693E-16
  697    0.12656596E-16
  698    0.12601728E-16
  699    0.12547097E-16
  700    0.12492700E-16
  701    0.12438544E-16
  702    0.12384627E-16
  703    0.12330956E-16
  704    0.12277527E-16
  705    0.12224351E-16
  706    0.12171422E-16
  707    0.12118750E-16
  708    0.12066332E-16
  709    0.12014176E-16
  710    0.11962278E-16
  711    0.11910649E-16
  712    0.11859284E-16
  713    0.11808193E-16
  714    0.11757373E-16
  715    0.11706832E-16
  716    0.11656568E-16
  717    0.11606589E-16
  718    0.11556893E-16
  719    0.11507489E-16
  720    0.11458374E-16
  721    0.11409557E-16
  722    0.11361035E-16
  723    0.11312817E-16
  724    0.11264902E-16
  725    0.11217297E-16
  726    0.11170001E-16
  727    0.11123021E-16
  728    0.11076357E-16
  729    0.11030016E-16
  730    0.10983998E-16
  731    0.10938309E-16
  732    0.10892950E-16
  733    0.10847927E-16
  734    0.10803239E-16
  735    0.10758896E-16
  736    0.10714895E-16
  737    0.10671244E-16
  738    0.10627943E-16
  739    0.10584998E-16
  740    0.10542410E-16
  741    0.10500186E-16
  742    0.10458325E-16
  743    0.10416835E-16
  744    0.10375715E-16
  745    0.10334974E-16
  746    0.10294610E-16
  747    0.10254630E-16
  748    0.10215035E-16
  749    0.10175833E-16
  750    0.10137022E-16
  751    0.10098611E-16
  752    0.10060598E-16
  753    0.10022992E-16
  754    0.99857916E-17
  755    0.99490058E-17
  756    0.99126332E-17
  757    0.98766823E-17
  758    0.98411518E-17
  759    0.98060509E-17
  760    0.97713781E-17
  761    0.97371420E-17
  762    0.97033417E-17
  763    0.96699862E-17
  764    0.96370736E-17
  765    0.96046133E-17
  766    0.95726033E-17
  767    0.95410531E-17
  768    0.95099609E-17
  769    0.94793352E-17
  770    0.94491749E-17
  771    0.94194889E-17
  772    0.93902753E-17
  773    0.93615432E-17
  774    0.93332912E-17
  775    0.93055272E-17
  776    0.92782498E-17
  777    0.92514668E-17
  778    0.92251774E-17
  779    0.91993893E-17
  780    0.91741010E-17
  781    0.91493200E-17
  782    0.91250445E-17
  783    0.91012827E-17
  784    0.90780325E-17
  785    0.90553008E-17
  786    0.90330849E-17
  787    0.90113923E-17
  788    0.89902203E-17
  789    0.89695758E-17
  790    0.89494556E-17
  791    0.89298655E-17
  792    0.89108027E-17
  793    0.88922731E-17
  794    0.88742724E-17
  795    0.88568058E-17
  796    0.88398690E-17
  797    0.88234677E-17
  798    0.88075967E-17
  799    0.87922607E-17
  800    0.87774540E-17
  801    0.87631813E-17
  802    0.87494356E-17
  803    0.87362213E-17
  804    0.87235316E-17
  805    0.87113698E-17
  806    0.86997287E-17
  807    0.86886112E-17
  808    0.86780086E-17
  809    0.86679235E-17
  810    0.86583467E-17
  811    0.86492804E-17
  812    0.86407159E-17
  813    0.86326544E-17
  814    0.86250864E-17
  815    0.86180126E-17
  816    0.86114235E-17
  817    0.86053193E-17
  818    0.85996903E-17
  819    0.85945370E-17
  820    0.85898484E-17
  821    0.85856239E-17
  822    0.85818523E-17
  823    0.85785335E-17
  824    0.85756567E-17
  825    0.85732206E-17
  826    0.85712138E-17
  827    0.85696361E-17
  828    0.85684757E-17
  829    0.85677326E-17
  830    0.85673945E-17
  831    0.85674616E-17
  832    0.85679212E-17
  833    0.85687744E-17
  834    0.85700086E-17
  835    0.85716234E-17
  836    0.85736073E-17
  837    0.85759600E-17
  838    0.85786693E-17
  839    0.85817358E-17
  840    0.85851476E-17
  841    0.85889055E-17
  842    0.85929988E-17
  843    0.85974275E-17
  844    0.86021807E-17
  845    0.86072594E-17
  846    0.86126528E-17
  847    0.86183635E-17
  848    0.86243809E-17
  849    0.86307061E-17
  850    0.86373300E-17
  851    0.86442528E-17
  852    0.86514658E-17
  853    0.86589723E-17
  854    0.86667624E-17
  855    0.86748395E-17
  856    0.86831936E-17
  857    0.86918290E-17
  858    0.87007371E-17
  859    0.87099224E-17
  860    0.87193761E-17
  861    0.87291037E-17
  862    0.87390976E-17
  863    0.87493623E-17
  864    0.87598906E-17
  865    0.87706878E-17
  866    0.87817479E-17
  867    0.87930768E-17
  868    0.88046673E-17
  869    0.88165271E-17
  870    0.88286504E-17
  871    0.88410431E-17
  872    0.88537001E-17
  873    0.88666293E-17
  874    0.88798253E-17
  875    0.88932961E-17
  876    0.89070376E-17
  877    0.89210585E-17
  878    0.89353544E-17
  879    0.89499362E-17
  880    0.89647993E-17
  881    0.89799546E-17
  882    0.89953975E-17
  883    0.90111408E-17
  884    0.90271809E-17
  885    0.90435294E-17
  886    0.90601833E-17
  887    0.90771568E-17
  888    0.90944470E-17
  889    0.91120659E-17
  890    0.91300124E-17
  891    0.91483021E-17
  892    0.91669327E-17
  893    0.91859180E-17
  894    0.92052584E-17
  895    0.92249691E-17
  896    0.92450487E-17
  897    0.92655145E-17
  898    0.92863673E-17
  899    0.93076241E-17
  900    0.93292847E-17
  901    0.93513696E-17
  902    0.93738791E-17
  903    0.93968307E-17
  904    0.94202278E-17
  905    0.94440913E-17
  906    0.94684234E-17
  907    0.94932446E-17
  908    0.95185586E-17
  909    0.95443875E-17
  910    0.95707350E-17
  911    0.95976234E-17
  912    0.96250592E-17
  913    0.96530656E-17
  914    0.96816487E-17
  915    0.97108329E-17
  916    0.97406239E-17
  917    0.97710498E-17
  918    0.98021165E-17
  919    0.98338503E-17
  920    0.98662599E-17
  921    0.98993754E-17
  922    0.99332044E-17
  923    0.99677751E-17
  924    0.10003099E-16
  925    0.10039205E-16
  926    0.10076106E-16
  927    0.10113833E-16
  928    0.10152397E-16
  929    0.10191834E-16
  930    0.10232154E-16
  931    0.10273394E-16
  932    0.10315567E-16
  933    0.10358708E-16
  934    0.10402834E-16
  935    0.10447981E-16
  936    0.10494168E-16
  937    0.10541433E-16
  938    0.10589791E-16
  939    0.10639286E-16
  940    0.10689937E-16
  941    0.10741786E-16
  942    0.10794852E-16
  943    0.10849181E-16
  944    0.10904796E-16
  945    0.10961745E-16
  946    0.11020050E-16
  947    0.11079758E-16
  948    0.11140894E-16
  949    0.11203513E-16
  950    0.11267643E-16
  951    0.11333338E-16
  952    0.11400627E-16
  953    0.11469566E-16
  954    0.11540190E-16
  955    0.11612558E-16
  956    0.11686702E-16
  957    0.11762690E-16
  958    0.11840556E-16
  959    0.11920371E-16
  960    0.12002176E-16
  961    0.12086045E-16
  962    0.12172020E-16
  963    0.12260183E-16
  964    0.12350584E-16
  965    0.12443304E-16
  966    0.12538396E-16
  967    0.12635956E-16
  968    0.12736040E-16
  969    0.12838748E-16
  970    0.12944145E-16
  971    0.13052340E-16
  972    0.13163401E-16
  973    0.13277446E-16
  974    0.13394562E-16
  975    0.13514879E-16
  976    0.13638484E-16
  977    0.13765518E-16
  978    0.13896081E-16
  979    0.14030329E-16
  980    0.14168383E-16
  981    0.14310411E-16
  982    0.14456540E-16
  983    0.14606966E-16
  984    0.14761839E-16
  985    0.14921371E-16
  986    0.15085731E-16
  987    0.15255148E-16
  988    0.15429824E-16
  989    0.15610027E-16
  990    0.15795974E-16
  991    0.15987968E-16
  992    0.16186266E-16
  993    0.16391202E-16
  994    0.16603074E-16
  995    0.16822280E-16
  996    0.17049154E-16
  997    0.17284136E-16
  998    0.17527632E-16
  999    0.17780150E-16
 1000    0.18042150E-16
 1001    0.18284473E-16
 1002    0.18510193E-16
 1003    0.18726970E-16
 1004    0.18937258E-16
 1005    0.19142442E-16
 1006    0.19343323E-16
 1007    0.19540547E-16
 1008    0.19734500E-16
 1009    0.19925563E-16
 1010    0.20113957E-16
 1011    0.20299944E-16
 1012    0.20483647E-16
 1013    0.20665272E-16
 1014    0.20844894E-16
 1015    0.21022675E-16
 1016    0.21198640E-16
 1017    0.21372933E-16
 1018    0.21545570E-16
 1019    0.21716673E-16
 1020    0.21886231E-16
 1021    0.22054356E-16
 1022    0.22221024E-16
 1023    0.22386340E-16
 1024    0.22550269E-16
 1025    0.22712909E-16
 1026    0.22874219E-16
 1027    0.23034293E-16
 1028    0.23193074E-16
 1029    0.23350656E-16
 1030    0.23506981E-16
 1031    0.23662136E-16
 1032    0.23816065E-16
 1033    0.23968853E-16
 1034    0.24120425E-16
 1035    0.24270881E-16
 1036    0.24420148E-16
 1037    0.24568305E-16
 1038    0.24715270E-16
 1039    0.24861143E-16
 1040    0.25005830E-16
 1041    0.25149419E-16
 1042    0.25291832E-16
 1043    0.25433159E-16
 1044    0.25573300E-16
 1045    0.25712346E-16
 1046    0.25850211E-16
 1047    0.25986990E-16
 1048    0.26122568E-16
 1049    0.26257041E-16
 1050    0.26390311E-16
 1051    0.26522476E-16
 1052    0.26653422E-16
 1053    0.26783248E-16
 1054    0.26911846E-16
 1055    0.27039316E-16
 1056    0.27165540E-16
 1057    0.27290624E-16
 1058    0.27414449E-16
 1059    0.27537119E-16
 1060    0.27658508E-16
 1061    0.27778721E-16
 1062    0.27897642E-16
 1063    0.28015379E-16
 1064    0.28131800E-16
 1065    0.28247017E-16
 1066    0.28360896E-16
 1067    0.28473558E-16
 1068    0.28584865E-16
 1069    0.28694936E-16
 1070    0.28803632E-16
 1071    0.28911066E-16
 1072    0.29017100E-16
 1073    0.29121860E-16
 1074    0.29225206E-16
 1075    0.29327263E-16
 1076    0.29427880E-16
 1077    0.29527188E-16
 1078    0.29625039E-16
 1079    0.29721560E-16
 1080    0.29816602E-16
 1081    0.29910298E-16
 1082    0.30002488E-16
 1083    0.30093320E-16
 1084    0.30182640E-16
 1085    0.30270579E-16
 1086    0.30356984E-16
 1087    0.30442000E-16
 1088    0.30525466E-16
 1089    0.30607527E-16
 1090    0.30688013E-16
 1091    0.30767078E-16
 1092    0.30844561E-16
 1093    0.30920611E-16
 1094    0.30995059E-16
 1095    0.31068066E-16
 1096    0.31139464E-16
 1097    0.31209412E-16
 1098    0.31277739E-16
 1099    0.31344608E-16
 1100    0.31409849E-16
 1101    0.31473621E-16
 1102    0.31535758E-16
 1103    0.31596428E-16
 1104    0.31655453E-16
 1105    0.31713006E-16
 1106    0.31768913E-16
 1107    0.31823348E-16
 1108    0.31876132E-16
 1109    0.31927443E-16
 1110    0.31977105E-16
 1111    0.32025297E-16
 1112    0.32071839E-16
 1113    0.32116918E-16
 1114    0.32160350E-16
 1115    0.32202325E-16
 1116    0.32242662E-16
 1117    0.32281548E-16
 1118    0.32318805E-16
 1119    0.32354620E-16
 1120    0.32388815E-16
 1121    0.32421585E-16
 1122    0.32452744E-16
 1123    0.32482490E-16
 1124    0.32510639E-16
 1125    0.32537393E-16
 1126    0.32562562E-16
 1127    0.32586352E-16
 1128    0.32608577E-16
 1129    0.32629442E-16
 1130    0.32648759E-16
 1131    0.32666738E-16
 1132    0.32683193E-16
 1133    0.32698333E-16
 1134    0.32711968E-16
 1135    0.32724314E-16
 1136    0.32735182E-16
 1137    0.32744787E-16
 1138    0.32752938E-16
 1139    0.32759853E-16
 1140    0.32765342E-16
 1141    0.32769621E-16
 1142    0.32772501E-16
 1143    0.32774203E-16
 1144    0.32774534E-16
 1145    0.32773718E-16
 1146    0.32771566E-16
 1147    0.32768300E-16
 1148    0.32763726E-16
 1149    0.32758071E-16
 1150    0.32751141E-16
 1151    0.32743166E-16
 1152    0.32733953E-16
 1153    0.32723728E-16
 1154    0.32712295E-16
 1155    0.32699884E-16
 1156    0.32686304E-16
 1157    0.32671783E-16
 1158    0.32656126E-16
 1159    0.32639568E-16
 1160    0.32621912E-16
 1161    0.32603389E-16
 1162    0.32583804E-16
 1163    0.32563389E-16
 1164    0.32541951E-16
 1165    0.32519724E-16
 1166    0.32496508E-16
 1167    0.32472541E-16
 1168    0.32447625E-16
 1169    0.32421992E-16
 1170    0.32395447E-16
 1171    0.32368227E-16
 1172    0.32340132E-16
 1173    0.32311398E-16
 1174    0.32281826E-16
 1175    0.32251654E-16
 1176    0.32220681E-16
 1177    0.32189145E-16
 1178    0.32156843E-16
 1179    0.32124015E-16
 1180    0.32090460E-16
 1181    0.32056416E-16
 1182    0.32021680E-16
 1183    0.31986490E-16
 1184    0.31950644E-16
 1185    0.31914381E-16
 1186    0.31877497E-16
 1187    0.31840230E-16
 1188    0.31802376E-16
 1189    0.31764174E-16
 1190    0.31725419E-16
 1191    0.31686347E-16
 1192    0.31646757E-16
 1193    0.31606885E-16
 1194    0.31566527E-16
 1195    0.31525920E-16
 1196    0.31484857E-16
 1197    0.31443574E-16
 1198    0.31401867E-16
 1199    0.31359973E-16
 1200    0.31317686E-16
 1201    0.31275240E-16
 1202    0.31232430E-16
 1203    0.31189490E-16
 1204    0.31146215E-16
 1205    0.31102838E-16
 1206    0.31059152E-16
 1207    0.31015392E-16
 1208    0.30971352E-16
 1209    0.30927264E-16
 1210    0.30882920E-16
 1211    0.30838553E-16
 1212    0.30793957E-16
 1213    0.30749362E-16
 1214    0.30704561E-16
 1215    0.30659785E-16
 1216    0.30614826E-16
 1217    0.30569915E-16
 1218    0.30524843E-16
 1219    0.30479840E-16
 1220    0.30434699E-16
 1221    0.30389648E-16
 1222    0.30344477E-16
 1223    0.30299417E-16
 1224    0.30254258E-16
 1225    0.30209228E-16
 1226    0.30164117E-16
 1227    0.30119154E-16
 1228    0.30074127E-16
 1229    0.30029265E-16
 1230    0.29984358E-16
 1231    0.29939631E-16
 1232    0.29894874E-16
 1233    0.29850314E-16
 1234    0.29805739E-16
 1235    0.29761376E-16
 1236    0.29717011E-16
 1237    0.29672872E-16
 1238    0.29628746E-16
 1239    0.29584858E-16
 1240    0.29540997E-16
 1241    0.29497385E-16
 1242    0.29453811E-16
 1243    0.29410499E-16
 1244    0.29367236E-16
 1245    0.29324246E-16
 1246    0.29281315E-16
 1247    0.29238667E-16
 1248    0.29196088E-16
 1249    0.29153800E-16
 1250    0.29111591E-16
 1251    0.29069682E-16
 1252    0.29027860E-16
 1253    0.28986346E-16
 1254    0.28944926E-16
 1255    0.28903822E-16
 1256    0.28862819E-16
 1257    0.28822138E-16
 1258    0.28781565E-16
 1259    0.28741320E-16
 1260    0.28701189E-16
 1261    0.28661391E-16
 1262    0.28621712E-16
 1263    0.28582371E-16
 1264    0.28543153E-16
 1265    0.28504278E-16
 1266    0.28465531E-16
 1267    0.28427130E-16
 1268    0.28388860E-16
 1269    0.28350940E-16
 1270    0.28313155E-16
 1271    0.28275722E-16
 1272    0.28238426E-16
 1273    0.28201485E-16
 1274    0.28164683E-16
 1275    0.28128238E-16
 1276    0.28091935E-16
 1277    0.28055990E-16
 1278    0.28020187E-16
 1279    0.27984745E-16
 1280    0.27949446E-16
 1281    0.27914508E-16
 1282    0.27879715E-16
 1283    0.27845283E-16
 1284    0.27810995E-16
 1285    0.27777070E-16
 1286    0.27743290E-16
 1287    0.27709871E-16
 1288    0.27676598E-16
 1289    0.27643686E-16
 1290    0.27610919E-16
 1291    0.27578513E-16
 1292    0.27546252E-16
 1293    0.27514351E-16
 1294    0.27482594E-16
 1295    0.27451196E-16
 1296    0.27419942E-16
 1297    0.27389046E-16
 1298    0.27358293E-16
 1299    0.27327897E-16
 1300    0.27297643E-16
 1301    0.27267745E-16
 1302    0.27237987E-16
 1303    0.27208585E-16
 1304    0.27179321E-16
 1305    0.27150412E-16
 1306    0.27121640E-16
 1307    0.27093222E-16
 1308    0.27064940E-16
 1309    0.27037010E-16
 1310    0.27009214E-16
 1311    0.26981770E-16
 1312    0.26954458E-16
 1313    0.26927497E-16
 1314    0.26900668E-16
 1315    0.26874188E-16
 1316    0.26847838E-16
 1317    0.26821836E-16
 1318    0.26795964E-16
 1319    0.26770439E-16
 1320    0.26745042E-16
 1321    0.26719992E-16
 1322    0.26695068E-16
 1323    0.26670490E-16
 1324    0.26646039E-16
 1325    0.26621932E-16
 1326    0.26597951E-16
 1327    0.26574314E-16
 1328    0.26550801E-16
 1329    0.26527633E-16
 1330    0.26504588E-16
 1331    0.26481887E-16
 1332    0.26459309E-16
 1333    0.26437075E-16
 1334    0.26414964E-16
 1335    0.26393196E-16
 1336    0.26371551E-16
 1337    0.26350250E-16
 1338    0.26329071E-16
 1339    0.26308236E-16
 1340    0.26287523E-16
 1341    0.26267155E-16
 1342    0.26246909E-16
 1343    0.26227009E-16
 1344    0.26207230E-16
 1345    0.26187798E-16
 1346    0.26168488E-16
 1347    0.26149525E-16
 1348    0.26130686E-16
 1349    0.26112194E-16
 1350    0.26093825E-16
 1351    0.26075806E-16
 1352    0.26057911E-16
 1353    0.26040366E-16
 1354    0.26022946E-16
 1355    0.26005877E-16
 1356    0.25988935E-16
 1357    0.25972345E-16
 1358    0.25955883E-16
 1359    0.25939774E-16
 1360    0.25923794E-16
 1361    0.25908170E-16
 1362    0.25892676E-16
 1363    0.25877539E-16
 1364    0.25862532E-16
 1365    0.25847886E-16
 1366    0.25833371E-16
 1367    0.25819218E-16
 1368    0.25805198E-16
 1369    0.25791541E-16
 1370    0.25778020E-16
 1371    0.25764864E-16
 1372    0.25751844E-16
 1373    0.25739192E-16
 1374    0.25726678E-16
 1375    0.25714535E-16
 1376    0.25702530E-16
 1377    0.25690898E-16
 1378    0.25679407E-16
 1379    0.25668291E-16
 1380    0.25657317E-16
 1381    0.25646721E-16
 1382    0.25636269E-16
 1383    0.25626196E-16
 1384    0.25616270E-16
 1385    0.25606726E-16
 1386    0.25597330E-16
 1387    0.25588318E-16
 1388    0.25579456E-16
 1389    0.25570981E-16
 1390    0.25562658E-16
 1391    0.25554724E-16
 1392    0.25546943E-16
 1393    0.25539555E-16
 1394    0.25532321E-16
 1395    0.25525482E-16
 1396    0.25518800E-16
 1397    0.25512515E-16
 1398    0.25506388E-16
 1399    0.25500662E-16
 1400    0.25495095E-16
 1401    0.25489931E-16
 1402    0.25484929E-16
 1403    0.25480331E-16
 1404    0.25475897E-16
 1405    0.25471871E-16
 1406    0.25468010E-16
 1407    0.25464558E-16
 1408    0.25461274E-16
 1409    0.25458402E-16
 1410    0.25455698E-16
 1411    0.25453410E-16
 1412    0.25451290E-16
 1413    0.25449589E-16
 1414    0.25448059E-16
 1415    0.25446949E-16
 1416    0.25446011E-16
 1417    0.25445497E-16
 1418    0.25445155E-16
 1419    0.25445240E-16
 1420    0.25445499E-16
 1421    0.25446186E-16
 1422    0.25447049E-16
 1423    0.25448342E-16
 1424    0.25449813E-16
 1425    0.25451716E-16
 1426    0.25453798E-16
 1427    0.25456315E-16
 1428    0.25459011E-16
 1429    0.25462145E-16
 1430    0.25465459E-16
 1431    0.25469213E-16
 1432    0.25473149E-16
 1433    0.25477527E-16
 1434    0.25482087E-16
 1435    0.25487092E-16
 1436    0.25492280E-16
 1437    0.25497915E-16
 1438    0.25503733E-16
 1439    0.25510001E-16
 1440    0.25516454E-16
 1441    0.25523359E-16
 1442    0.25530449E-16
 1443    0.25537992E-16
 1444    0.25545721E-16
 1445    0.25553907E-16
 1446    0.25562279E-16
 1447    0.25571109E-16
 1448    0.25580127E-16
 1449    0.25589604E-16
 1450    0.25599270E-16
 1451    0.25609399E-16
 1452    0.25619715E-16
 1453    0.25630497E-16
 1454    0.25641467E-16
 1455    0.25652904E-16
 1456    0.25664530E-16
 1457    0.25676625E-16
 1458    0.25688910E-16
 1459    0.25701666E-16
 1460    0.25714611E-16
 1461    0.25728031E-16
 1462    0.25741641E-16
 1463    0.25755726E-16
 1464    0.25770002E-16
 1465    0.25784755E-16
 1466    0.25799700E-16
 1467    0.25815125E-16
 1468    0.25830741E-16
 1469    0.25846839E-16
 1470    0.25863129E-16
 1471    0.25879903E-16
 1472    0.25896870E-16
 1473    0.25914323E-16
 1474    0.25931969E-16
 1475    0.25950103E-16
 1476    0.25968430E-16
 1477    0.25987248E-16
 1478    0.26006259E-16
 1479    0.26025765E-16
 1480    0.26045463E-16
 1481    0.26065658E-16
 1482    0.26086046E-16
 1483    0.26106933E-16
 1484    0.26128014E-16
 1485    0.26149597E-16
 1486    0.26171374E-16
 1487    0.26193655E-16
 1488    0.26216131E-16
 1489    0.26239114E-16
 1490    0.26262292E-16
 1491    0.26285980E-16
 1492    0.26309863E-16
 1493    0.26334259E-16
 1494    0.26358851E-16
 1495    0.26383960E-16
 1496    0.26409265E-16
 1497    0.26435089E-16
 1498    0.26461110E-16
 1499    0.26487654E-16
 1500    0.26514395E-16
 1501    0.26541662E-16
 1502    0.26569128E-16
 1503    0.26597123E-16
 1504    0.26625317E-16
 1505    0.26654045E-16
 1506    0.26682973E-16
 1507    0.26712438E-16
 1508    0.26742103E-16
 1509    0.26772310E-16
 1510    0.26802718E-16
 1511    0.26833672E-16
 1512    0.26864828E-16
 1513    0.26896535E-16
 1514    0.26928445E-16
 1515    0.26960909E-16
 1516    0.26993579E-16
 1517    0.27026807E-16
 1518    0.27060242E-16
 1519    0.27094241E-16
 1520    0.27128448E-16
 1521    0.27163224E-16
 1522    0.27198209E-16
 1523    0.27233768E-16
 1524    0.27269539E-16
 1525    0.27305889E-16
 1526    0.27342453E-16
 1527    0.27379601E-16
 1528    0.27416965E-16
 1529    0.27454919E-16
 1530    0.27493092E-16
 1531    0.27531860E-16
 1532    0.27570849E-16
 1533    0.27610441E-16
 1534    0.27650255E-16
 1535    0.27690678E-16
 1536    0.27731326E-16
 1537    0.27772590E-16
 1538    0.27814082E-16
 1539    0.27856197E-16
 1540    0.27898542E-16
 1541    0.27941518E-16
 1542    0.27984727E-16
 1543    0.28028573E-16
 1544    0.28072656E-16
 1545    0.28117384E-16
 1546    0.28162351E-16
 1547    0.28207972E-16
 1548    0.28253836E-16
 1549    0.28300361E-16
 1550    0.28347134E-16
 1551    0.28394575E-16
 1552    0.28442267E-16
 1553    0.28490637E-16
 1554    0.28539262E-16
 1555    0.28588574E-16
 1556    0.28638144E-16
 1557    0.28688410E-16
 1558    0.28738939E-16
 1559    0.28790173E-16
 1560    0.28841675E-16
 1561    0.28893891E-16
 1562    0.28946380E-16
 1563    0.28999592E-16
 1564    0.29053081E-16
 1565    0.29107305E-16
 1566    0.29161810E-16
 1567    0.29217059E-16
 1568    0.29272596E-16
 1569    0.29328887E-16
 1570    0.29385470E-16
 1571    0.29442818E-16
 1572    0.29500464E-16
 1573    0.29558887E-16
 1574    0.29617612E-16
 1575    0.29677124E-16
 1576    0.29736945E-16
 1577    0.29797565E-16
 1578    0.29858499E-16
 1579    0.29920244E-16
 1580    0.29982308E-16
 1581    0.30045196E-16
 1582    0.30108408E-16
 1583    0.30172456E-16
 1584    0.30236835E-16
 1585    0.30302063E-16
 1586    0.30367627E-16
 1587    0.30434052E-16
 1588    0.30500820E-16
 1589    0.30568462E-16
 1590    0.30636454E-16
 1591    0.30705333E-16
 1592    0.30774568E-16
 1593    0.30844704E-16
 1594    0.30915202E-16
 1595    0.30986614E-16
 1596    0.31058396E-16
 1597    0.31131106E-16
 1598    0.31204192E-16
 1599    0.31278221E-16
 1600    0.31352633E-16
 1601    0.31428002E-16
 1602    0.31503761E-16
 1603    0.31580492E-16
 1604    0.31657620E-16
 1605    0.31735736E-16
 1606    0.31814256E-16
 1607    0.31893780E-16
 1608    0.31973714E-16
 1609    0.32054668E-16
 1610    0.32136041E-16
 1611    0.32218450E-16
 1612    0.32301285E-16
 1613    0.32385172E-16
 1614    0.32469494E-16
 1615    0.32554885E-16
 1616    0.32640718E-16
 1617    0.32727638E-16
 1618    0.32815008E-16
 1619    0.32903484E-16
 1620    0.32992417E-16
 1621    0.33082474E-16
 1622    0.33172999E-16
 1623    0.33264664E-16
 1624    0.33356807E-16
 1625    0.33450110E-16
 1626    0.33543898E-16
 1627    0.33638868E-16
 1628    0.33734332E-16
 1629    0.33830996E-16
 1630    0.33928166E-16
 1631    0.34026557E-16
 1632    0.34125462E-16
 1633    0.34225611E-16
 1634    0.34326284E-16
 1635    0.34428222E-16
 1636    0.34530696E-16
 1637    0.34634457E-16
 1638    0.34738765E-16
 1639    0.34844384E-16
 1640    0.34950561E-16
 1641    0.35058073E-16
 1642    0.35166154E-16
 1643    0.35275595E-16
 1644    0.35385618E-16
 1645    0.35497027E-16
 1646    0.35609030E-16
 1647    0.35722444E-16
 1648    0.35836466E-16
 1649    0.35951928E-16
 1650    0.36068010E-16
 1651    0.36185559E-16
 1652    0.36303744E-16
 1653    0.36423424E-16
 1654    0.36543755E-16
 1655    0.36665612E-16
 1656    0.36788133E-16
 1657    0.36912212E-16
 1658    0.37036971E-16
 1659    0.37163319E-16
 1660    0.37290365E-16
 1661    0.37419031E-16
 1662    0.37548413E-16
 1663    0.37679450E-16
 1664    0.37811219E-16
 1665    0.37944678E-16
 1666    0.38078888E-16
 1667    0.38214825E-16
 1668    0.38351532E-16
 1669    0.38490003E-16
 1670    0.38629263E-16
 1671    0.38770326E-16
 1672    0.38912200E-16
 1673    0.39055915E-16
 1674    0.39200463E-16
 1675    0.39346894E-16
 1676    0.39494180E-16
 1677    0.39643391E-16
 1678    0.39793479E-16
 1679    0.39945538E-16
 1680    0.40098497E-16
 1681    0.40253472E-16
 1682    0.40409373E-16
 1683    0.40567336E-16
 1684    0.40726250E-16
 1685    0.40887274E-16
 1686    0.41049277E-16
 1687    0.41213440E-16
 1688    0.41378609E-16
 1689    0.41545990E-16
 1690    0.41714405E-16
 1691    0.41885085E-16
 1692    0.42056829E-16
 1693    0.42230894E-16
 1694    0.42406052E-16
 1695    0.42583588E-16
 1696    0.42762249E-16
 1697    0.42943347E-16
 1698    0.43125603E-16
 1699    0.43310355E-16
 1700    0.43496300E-16
 1701    0.43684804E-16
 1702    0.43874536E-16
 1703    0.44066891E-16
 1704    0.44260510E-16
 1705    0.44456820E-16
 1706    0.44654430E-16
 1707    0.44854801E-16
 1708    0.45056511E-16
 1709    0.45261052E-16
 1710    0.45466973E-16
 1711    0.45675799E-16
 1712    0.45886046E-16
 1713    0.46099275E-16
 1714    0.46313967E-16
 1715    0.46531719E-16
 1716    0.46750979E-16
 1717    0.46973381E-16
 1718    0.47197337E-16
 1719    0.47424519E-16
 1720    0.47653303E-16
 1721    0.47885399E-16
 1722    0.48119146E-16
 1723    0.48356295E-16
 1724    0.48595146E-16
 1725    0.48837493E-16
 1726    0.49081594E-16
 1727    0.49329287E-16
 1728    0.49578789E-16
 1729    0.49831983E-16
 1730    0.50087042E-16
 1731    0.50345896E-16
 1732    0.50606674E-16
 1733    0.50871353E-16
 1734    0.51138017E-16
 1735    0.51408693E-16
 1736    0.51681416E-16
 1737    0.51958266E-16
 1738    0.52237228E-16
 1739    0.52520435E-16
 1740    0.52805822E-16
 1741    0.53095578E-16
 1742    0.53387584E-16
 1743    0.53684085E-16
 1744    0.53982909E-16
 1745    0.54286361E-16
 1746    0.54592209E-16
 1747    0.54902823E-16
 1748    0.55215913E-16
 1749    0.55533910E-16
 1750    0.55854463E-16
 1751    0.56180072E-16
 1752    0.56508321E-16
 1753    0.56841780E-16
 1754    0.57177966E-16
 1755    0.57519520E-16
 1756    0.57863892E-16
 1757    0.58213798E-16
 1758    0.58566616E-16
 1759    0.58925141E-16
 1760    0.59286677E-16
 1761    0.59654097E-16
 1762    0.60024629E-16
 1763    0.60401233E-16
 1764    0.60781056E-16
 1765    0.61167144E-16
 1766    0.61556561E-16
 1767    0.61952444E-16
 1768    0.62351772E-16
 1769    0.62757776E-16
 1770    0.63167345E-16
 1771    0.63583809E-16
 1772    0.64003963E-16
 1773    0.64431241E-16
 1774    0.64862339E-16
 1775    0.65300798E-16
 1776    0.65743214E-16
 1777    0.66193239E-16
 1778    0.66647364E-16
 1779    0.67109357E-16
 1780    0.67575598E-16
 1781    0.68049978E-16
 1782    0.68528761E-16
 1783    0.69015963E-16
 1784    0.69507733E-16
 1785    0.70008218E-16
 1786    0.70513439E-16
 1787    0.71027684E-16
 1788    0.71546843E-16
 1789    0.72075349E-16
 1790    0.72608954E-16
 1791    0.73152245E-16
 1792    0.73700830E-16
 1793    0.74259454E-16
 1794    0.74823577E-16
 1795    0.75398108E-16
 1796    0.75978354E-16
 1797    0.76569396E-16
 1798    0.77166379E-16
 1799    0.77774563E-16
 1800    0.78388924E-16
 1801    0.79014914E-16
 1802    0.79647329E-16
 1803    0.80291822E-16
 1804    0.80942999E-16
 1805    0.81606723E-16
 1806    0.82277409E-16
 1807    0.82961138E-16
 1808    0.83652114E-16
 1809    0.84356653E-16
 1810    0.85068745E-16
 1811    0.85794946E-16
 1812    0.86529019E-16
 1813    0.87277778E-16
 1814    0.88034748E-16
 1815    0.88807009E-16
 1816    0.89587837E-16
 1817    0.90384594E-16
 1818    0.91190293E-16
 1819    0.92012596E-16
 1820    0.92844238E-16
 1821    0.93693194E-16
 1822    0.94551910E-16
 1823    0.95428690E-16
 1824    0.96315672E-16
 1825    0.97221509E-16
 1826    0.98138019E-16
 1827    0.99074224E-16
 1828    0.10002160E-15
 1829    0.10098955E-15
 1830    0.10196920E-15
 1831    0.10297037E-15
 1832    0.10398379E-15
 1833    0.10501973E-15
 1834    0.10606851E-15
 1835    0.10714086E-15
 1836    0.10822668E-15
 1837    0.10933719E-15
 1838    0.11046184E-15
 1839    0.11161236E-15
 1840    0.11277773E-15
 1841    0.11397024E-15
 1842    0.11517835E-15
 1843    0.11641493E-15
 1844    0.11766793E-15
 1845    0.11895083E-15
 1846    0.12025100E-15
 1847    0.12158258E-15
 1848    0.12293235E-15
 1849    0.12431516E-15
 1850    0.12571713E-15
 1851    0.12715385E-15
 1852    0.12861080E-15
 1853    0.13010433E-15
 1854    0.13161920E-15
 1855    0.13317264E-15
 1856    0.13474860E-15
 1857    0.13636523E-15
 1858    0.13800567E-15
 1859    0.13968903E-15
 1860    0.14139757E-15
 1861    0.14315144E-15
 1862    0.14493198E-15
 1863    0.14676044E-15
 1864    0.14861714E-15
 1865    0.15052455E-15
 1866    0.15246191E-15
 1867    0.15445295E-15
 1868    0.15647578E-15
 1869    0.15855551E-15
 1870    0.16066902E-15
 1871    0.16284288E-15
 1872    0.16505264E-15
 1873    0.16732651E-15
 1874    0.16963858E-15
 1875    0.17201878E-15
 1876    0.17443969E-15
 1877    0.17693307E-15
 1878    0.17946988E-15
 1879    0.18208387E-15
 1880    0.18474421E-15
 1881    0.18748685E-15
 1882    0.19027903E-15
 1883    0.19315905E-15
 1884    0.19609206E-15
 1885    0.19911895E-15
 1886    0.20220260E-15
 1887    0.20538668E-15
 1888    0.20863162E-15
 1889    0.21198415E-15
 1890    0.21540203E-15
 1891    0.21893529E-15
 1892    0.22253881E-15
 1893    0.22626625E-15
 1894    0.23006933E-15
 1895    0.23400566E-15
 1896    0.23802353E-15
 1897    0.24218491E-15
 1898    0.24643431E-15
 1899    0.25083849E-15
 1900    0.25533783E-15
 1901    0.26000435E-15
 1902    0.26477391E-15
 1903    0.26972434E-15
 1904    0.27478653E-15
 1905    0.28004470E-15
 1906    0.28542429E-15
 1907    0.29101663E-15
 1908    0.29674109E-15
 1909    0.30269691E-15
 1910    0.30879678E-15
 1911    0.31514871E-15
 1912    0.32165799E-15
 1913    0.32844243E-15
 1914    0.33539907E-15
 1915    0.34265670E-15
 1916    0.35010321E-15
 1917    0.35787965E-15
 1918    0.36586370E-15
 1919    0.37421024E-15
 1920    0.38278548E-15
 1921    0.39175992E-15
 1922    0.40098692E-15
 1923    0.41065462E-15
 1924    0.42060193E-15
 1925    0.43103702E-15
 1926    0.44178250E-15
 1927    0.45306936E-15
 1928    0.46470171E-15
 1929    0.47693666E-15
 1930    0.48955735E-15
 1931    0.50285083E-15
 1932    0.51657629E-15
 1933    0.53105534E-15
 1934    0.54601979E-15
 1935    0.56183120E-15
 1936    0.57818994E-15
 1937    0.59550405E-15
 1938    0.61343761E-15
 1939    0.63245299E-15
 1940    0.65217224E-15
 1941    0.67312150E-15
 1942    0.69487395E-15
 1943    0.71803107E-15
 1944    0.74210883E-15
 1945    0.76779824E-15
 1946    0.79454805E-15
 1947    0.82315630E-15
 1948    0.85299227E-15
 1949    0.88498286E-15
 1950    0.91840287E-15
 1951    0.95433546E-15
 1952    0.99194237E-15
 1953    0.10324977E-14
 1954    0.10750271E-14
 1955    0.11210401E-14
 1956    0.11693971E-14
 1957    0.12219007E-14
 1958    0.12772091E-14
 1959    0.13374934E-14
 1960    0.14011625E-14
 1961    0.14708559E-14
 1962    0.15446721E-14
 1963    0.16258537E-14
 1964    0.17121088E-14
 1965    0.18074672E-14
 1966    0.19091405E-14
 1967    0.20222012E-14
 1968    0.21432228E-14
 1969    0.22786827E-14
 1970    0.24243228E-14
 1971    0.25885503E-14
 1972    0.27660079E-14
 1973    0.29678120E-14
 1974    0.31871300E-14
 1975    0.34389758E-14
 1976    0.37145037E-14
 1977    0.40344993E-14
 1978    0.43873180E-14
 1979    0.48025836E-14
 1980    0.52646850E-14
 1981    0.58173261E-14
 1982    0.64391651E-14
 1983    0.71974323E-14
 1984    0.80623597E-14
 1985    0.91428519E-14
 1986    0.10396641E-13
 1987    0.12012056E-13
 1988    0.13928643E-13
 1989    0.16501089E-13
 1990    0.19645676E-13
 1991    0.24112588E-13
 1992    0.29809102E-13
 1993    0.38610046E-13
 1994    0.50582206E-13
 1995    0.71807828E-13
 1996    0.10404490E-12
 1997    0.17886322E-12
 1998    0.32135980E-12
 1999    0.10693077E-11
 2000    0.32020454E-11
