    0    0.0
    1    0.0
    2    0.73491574E-08
    3    0.16825178E-08
    4    0.58609504E-09
    5    0.25638677E-09
    6    0.12966506E-09
    7    0.72550796E-10
    8    0.43740438E-10
    9    0.27931331E-10
   10    0.18669636E-10
   11    0.12951806E-10
   12    0.92668632E-11
   13    0.68053387E-11
   14    0.51102579E-11
   15    0.39120812E-11
   16    0.30457054E-11
   17    0.24066639E-11
   18    0.19269401E-11
   19    0.15611347E-11
   20    0.12782530E-11
   21    0.10567133E-11
   22    0.88121273E-12
   23    0.74072659E-12
   24    0.62719041E-12
   25    0.53462822E-12
   26    0.45855388E-12
   27    0.39556335E-12
   28    0.34304433E-12
   29    0.29897446E-12
   30    0.26177233E-12
   31    0.23019190E-12
   32    0.20324290E-12
   33    0.18013304E-12
   34    0.16022360E-12
   35    0.14299681E-12
   36    0.12802979E-12
   37    0.11497572E-12
   38    0.10354819E-12
   39    0.93509742E-13
   40    0.84662288E-13
   41    0.76840077E-13
   42    0.69903562E-13
   43    0.63734990E-13
   44    0.58234367E-13
   45    0.53316688E-13
   46    0.48909207E-13
   47    0.44949651E-13
   48    0.41384375E-13
   49    0.38167148E-13
   50    0.35257882E-13
   51    0.32621842E-13
   52    0.30228728E-13
   53    0.28052138E-13
   54    0.26068925E-13
   55    0.24258807E-13
   56    0.22603922E-13
   57    0.21088544E-13
   58    0.19698755E-13
   59    0.18422256E-13
   60    0.17248107E-13
   61    0.16166605E-13
   62    0.15169084E-13
   63    0.14247829E-13
   64    0.13395923E-13
   65    0.12607187E-13
   66    0.11876061E-13
   67    0.11197564E-13
   68    0.10567194E-13
   69    0.99809067E-14
   70    0.94350393E-14
   71    0.89262870E-14
   72    0.84516495E-14
   73    0.80084131E-14
   74    0.75941067E-14
   75    0.72064900E-14
   76    0.68435161E-14
   77    0.65033244E-14
   78    0.61842120E-14
   79    0.58846285E-14
   80    0.56031487E-14
   81    0.53384732E-14
   82    0.50894054E-14
   83    0.48548515E-14
   84    0.46338029E-14
   85    0.44253346E-14
   86    0.42285922E-14
   87    0.40427909E-14
   88    0.38672043E-14
   89    0.37011641E-14
   90    0.35440501E-14
   91    0.33952910E-14
   92    0.32543559E-14
   93    0.31207546E-14
   94    0.29940308E-14
   95    0.28737625E-14
   96    0.27595565E-14
   97    0.26510486E-14
   98    0.25478984E-14
   99    0.24497906E-14
  100    0.23564297E-14
  101    0.22675422E-14
  102    0.21828710E-14
  103    0.21021777E-14
  104    0.20252381E-14
  105    0.19518440E-14
  106    0.18817993E-14
  107    0.18149217E-14
  108    0.17510392E-14
  109    0.16899919E-14
  110    0.16316284E-14
  111    0.15758081E-14
  112    0.15223977E-14
  113    0.14712731E-14
  114    0.14223164E-14
  115    0.13754182E-14
  116    0.13304740E-14
  117    0.12873869E-14
  118    0.12460642E-14
  119    0.12064199E-14
  120    0.11683716E-14
  121    0.11318427E-14
  122    0.10967600E-14
  123    0.10630552E-14
  124    0.10306629E-14
  125    0.99952204E-15
  126    0.96957429E-15
  127    0.94076506E-15
  128    0.91304204E-15
  129    0.88635627E-15
  130    0.86066085E-15
  131    0.83591189E-15
  132    0.81206715E-15
  133    0.78908721E-15
  134    0.76693407E-15
  135    0.74557221E-15
  136    0.72496735E-15
  137    0.70508745E-15
  138    0.68590157E-15
  139    0.66738076E-15
  140    0.64949702E-15
  141    0.63222417E-15
  142    0.61553689E-15
  143    0.59941143E-15
  144    0.58382482E-15
  145    0.56875550E-15
  146    0.55418262E-15
  147    0.54008663E-15
  148    0.52644854E-15
  149    0.51325054E-15
  150    0.50047536E-15
  151    0.48810679E-15
  152    0.47612906E-15
  153    0.46452738E-15
  154    0.45328737E-15
  155    0.44239554E-15
  156    0.43183874E-15
  157    0.42160462E-15
  158    0.41168115E-15
  159    0.40205704E-15
  160    0.39272125E-15
  161    0.38366344E-15
  162    0.37487351E-15
  163    0.36634196E-15
  164    0.35805950E-15
  165    0.35001743E-15
  166    0.34220720E-15
  167    0.33462081E-15
  168    0.32725040E-15
  169    0.32008860E-15
  170    0.31312817E-15
  171    0.30636234E-15
  172    0.29978443E-15
  173    0.29338818E-15
  174    0.28716743E-15
  175    0.28111642E-15
  176    0.27522945E-15
  177    0.26950119E-15
  178    0.26392638E-15
  179    0.25850010E-15
  180    0.25321747E-15
  181    0.24807394E-15
  182    0.24306499E-15
  183    0.23818640E-15
  184    0.23343398E-15
  185    0.22880382E-15
  186    0.22429204E-15
  187    0.21989501E-15
  188    0.21560911E-15
  189    0.21143098E-15
  190    0.20735727E-15
  191    0.20338483E-15
  192    0.19951056E-15
  193    0.19573153E-15
  194    0.19204484E-15
  195    0.18844778E-15
  196    0.18493764E-15
  197    0.18151189E-15
  198    0.17816802E-15
  199    0.17490365E-15
  200    0.17171645E-15
  201    0.16860422E-15
  202    0.16556474E-15
  203    0.16259598E-15
  204    0.15969588E-15
  205    0.15686253E-15
  206    0.15409399E-15
  207    0.15138850E-15
  208    0.14874423E-15
  209    0.14615953E-15
  210    0.14363271E-15
  211    0.14116221E-15
  212    0.13874645E-15
  213    0.13638396E-15
  214    0.13407327E-15
  215    0.13181301E-15
  216    0.12960179E-15
  217    0.12743833E-15
  218    0.12532132E-15
  219    0.12324956E-15
  220    0.12122185E-15
  221    0.11923703E-15
  222    0.11729397E-15
  223    0.11539160E-15
  224    0.11352886E-15
  225    0.11170474E-15
  226    0.10991824E-15
  227    0.10816840E-15
  228    0.10645430E-15
  229    0.10477503E-15
  230    0.10312972E-15
  231    0.10151752E-15
  232    0.99937600E-16
  233    0.98389176E-16
  234    0.96871454E-16
  235    0.95383701E-16
  236    0.93925165E-16
  237    0.92495155E-16
  238    0.91092963E-16
  239    0.89717939E-16
  240    0.88369413E-16
  241    0.87046773E-16
  242    0.85749385E-16
  243    0.84476672E-16
  244    0.83228036E-16
  245    0.82002929E-16
  246    0.80800789E-16
  247    0.79621097E-16
  248    0.78463321E-16
  249    0.77326970E-16
  250    0.76211543E-16
  251    0.75116574E-16
  252    0.74041587E-16
  253    0.72986142E-16
  254    0.71949791E-16
  255    0.70932115E-16
  256    0.69932687E-16
  257    0.68951115E-16
  258    0.67986992E-16
  259    0.67039944E-16
  260    0.66109588E-16
  261    0.65195570E-16
  262    0.64297523E-16
  263    0.63415114E-16
  264    0.62547995E-16
  265    0.61695848E-16
  266    0.60858343E-16
  267    0.60035180E-16
  268    0.59226044E-16
  269    0.58430648E-16
  270    0.57648695E-16
  271    0.56879914E-16
  272    0.56124020E-16
  273    0.55380755E-16
  274    0.54649849E-16
  275    0.53931056E-16
  276    0.53224120E-16
  277    0.52528808E-16
  278    0.51844873E-16
  279    0.51172095E-16
  280    0.50510241E-16
  281    0.49859098E-16
  282    0.49218445E-16
  283    0.48588081E-16
  284    0.47967793E-16
  285    0.47357392E-16
  286    0.46756673E-16
  287    0.46165455E-16
  288    0.45583545E-16
  289    0.45010770E-16
  290    0.44446944E-16
  291    0.43891904E-16
  292    0.43345472E-16
  293    0.42807492E-16
  294    0.42277795E-16
  295    0.41756232E-16
  296    0.41242641E-16
  297    0.40736879E-16
  298    0.40238792E-16
  299    0.39748244E-16
  300    0.39265088E-16
  301    0.38789195E-16
  302    0.38320422E-16
  303    0.37858646E-16
  304    0.37403733E-16
  305    0.36955563E-16
  306    0.36514008E-16
  307    0.36078954E-16
  308    0.35650279E-16
  309    0.35227873E-16
  310    0.34811618E-16
  311    0.34401411E-16
  312    0.33997140E-16
  313    0.33598702E-16
  314    0.33205993E-16
  315    0.32818914E-16
  316    0.32437364E-16
  317    0.32061250E-16
  318    0.31690475E-16
  319    0.31324949E-16
  320    0.30964578E-16
  321    0.30609278E-16
  322    0.30258957E-16
  323    0.29913536E-16
  324    0.29572926E-16
  325    0.29237051E-16
  326    0.28905826E-16
  327    0.28579178E-16
  328    0.28257025E-16
  329    0.27939297E-16
  330    0.27625916E-16
  331    0.27316813E-16
  332    0.27011916E-16
  333    0.26711157E-16
  334    0.26414466E-16
  335    0.26121780E-16
  336    0.25833029E-16
  337    0.25548155E-16
  338    0.25267090E-16
  339    0.24989776E-16
  340    0.24716151E-16
  341    0.24446158E-16
  342    0.24179737E-16
  343    0.23916833E-16
  344    0.23657389E-16
  345    0.23401352E-16
  346    0.23148666E-16
  347    0.22899282E-16
  348    0.22653146E-16
  349    0.22410209E-16
  350    0.22170420E-16
  351    0.21933733E-16
  352    0.21700097E-16
  353    0.21469470E-16
  354    0.21241800E-16
  355    0.21017049E-16
  356    0.20795166E-16
  357    0.20576114E-16
  358    0.20359846E-16
  359    0.20146324E-16
  360    0.19935503E-16
  361    0.19727347E-16
  362    0.19521813E-16
  363    0.19318866E-16
  364    0.19118464E-16
  365    0.18920574E-16
  366    0.18725155E-16
  367    0.18532176E-16
  368    0.18341597E-16
  369    0.18153386E-16
  370    0.17967508E-16
  371    0.17783931E-16
  372    0.17602619E-16
  373    0.17423543E-16
  374    0.17246669E-16
  375    0.17071967E-16
  376    0.16899406E-16
  377    0.16728956E-16
  378    0.16560587E-16
  379    0.16394271E-16
  380    0.16229977E-16
  381    0.16067679E-16
  382    0.15907348E-16
  383    0.15748958E-16
  384    0.15592481E-16
  385    0.15437891E-16
  386    0.15285162E-16
  387    0.15134269E-16
  388    0.14985186E-16
  389    0.14837889E-16
  390    0.14692353E-16
  391    0.14548556E-16
  392    0.14406471E-16
  393    0.14266078E-16
  394    0.14127351E-16
  395    0.13990272E-16
  396    0.13854814E-16
  397    0.13720959E-16
  398    0.13588683E-16
  399    0.13457967E-16
  400    0.13328787E-16
  401    0.13201127E-16
  402    0.13074963E-16
  403    0.12950277E-16
  404    0.12827049E-16
  405    0.12705260E-16
  406    0.12584890E-16
  407    0.12465922E-16
  408    0.12348335E-16
  409    0.12232114E-16
  410    0.12117239E-16
  411    0.12003693E-16
  412    0.11891458E-16
  413    0.11780519E-16
  414    0.11670856E-16
  415    0.11562455E-16
  416    0.11455299E-16
  417    0.11349371E-16
  418    0.11244656E-16
  419    0.11141139E-16
  420    0.11038802E-16
  421    0.10937633E-16
  422    0.10837615E-16
  423    0.10738734E-16
  424    0.10640975E-16
  425    0.10544325E-16
  426    0.10448767E-16
  427    0.10354291E-16
  428    0.10260880E-16
  429    0.10168522E-16
  430    0.10077203E-16
  431    0.99869112E-17
  432    0.98976318E-17
  433    0.98093536E-17
  434    0.97220629E-17
  435    0.96357483E-17
  436    0.95503965E-17
  437    0.94659966E-17
  438    0.93825355E-17
  439    0.93000027E-17
  440    0.92183855E-17
  441    0.91376736E-17
  442    0.90578546E-17
  443    0.89789187E-17
  444    0.89008536E-17
  445    0.88236499E-17
  446    0.87472958E-17
  447    0.86717818E-17
  448    0.85970965E-17
  449    0.85232309E-17
  450    0.84501737E-17
  451    0.83779163E-17
  452    0.83064475E-17
  453    0.82357590E-17
  454    0.81658401E-17
  455    0.80966825E-17
  456    0.80282759E-17
  457    0.79606120E-17
  458    0.78936809E-17
  459    0.78274747E-17
  460    0.77619836E-17
  461    0.76971998E-17
  462    0.76331139E-17
  463    0.75697184E-17
  464    0.75070039E-17
  465    0.74449632E-17
  466    0.73835871E-17
  467    0.73228687E-17
  468    0.72627990E-17
  469    0.72033711E-17
  470    0.71445764E-17
  471    0.70864082E-17
  472    0.70288580E-17
  473    0.69719192E-17
  474    0.69155837E-17
  475    0.68598450E-17
  476    0.68046951E-17
  477    0.67501277E-17
  478    0.66961351E-17
  479    0.66427110E-17
  480    0.65898478E-17
  481    0.65375396E-17
  482    0.64857789E-17
  483    0.64345598E-17
  484    0.63838751E-17
  485    0.63337189E-17
  486    0.62840843E-17
  487    0.62349656E-17
  488    0.61863558E-17
  489    0.61382495E-17
  490    0.60906398E-17
  491    0.60435214E-17
  492    0.59968875E-17
  493    0.59507331E-17
  494    0.59050516E-17
  495    0.58598377E-17
  496    0.58150853E-17
  497    0.57707892E-17
  498    0.57269432E-17
  499    0.56835424E-17
  500    0.56405808E-17
  501    0.55980534E-17
  502    0.55559543E-17
  503    0.55142789E-17
  504    0.54730214E-17
  505    0.54321771E-17
  506    0.53917403E-17
  507    0.53517066E-17
  508    0.53120705E-17
  509    0.52728275E-17
  510    0.52339722E-17
  511    0.51955004E-17
  512    0.51574067E-17
  513    0.51196871E-17
  514    0.50823364E-17
  515    0.50453505E-17
  516    0.50087244E-17
  517    0.49724542E-17
  518    0.49365349E-17
  519    0.49009628E-17
  520    0.48657330E-17
  521    0.48308419E-17
  522    0.47962848E-17
  523    0.47620581E-17
  524    0.47281573E-17
  525    0.46945790E-17
  526    0.46613185E-17
  527    0.46283727E-17
  528    0.45957371E-17
  529    0.45634085E-17
  530    0.45313827E-17
  531    0.44996566E-17
  532    0.44682260E-17
  533    0.44370878E-17
  534    0.44062381E-17
  535    0.43756739E-17
  536    0.43453914E-17
  537    0.43153876E-17
  538    0.42856588E-17
  539    0.42562022E-17
  540    0.42270140E-17
  541    0.41980917E-17
  542    0.41694316E-17
  543    0.41410310E-17
  544    0.41128866E-17
  545    0.40849958E-17
  546    0.40573551E-17
  547    0.40299621E-17
  548    0.40028135E-17
  549    0.39759068E-17
  550    0.39492390E-17
  551    0.39228075E-17
  552    0.38966094E-17
  553    0.38706423E-17
  554    0.38449033E-17
  555    0.38193900E-17
  556    0.37940996E-17
  557    0.37690299E-17
  558    0.37441781E-17
  559    0.37195419E-17
  560    0.36951186E-17
  561    0.36709063E-17
  562    0.36469020E-17
  563    0.36231040E-17
  564    0.35995095E-17
  565    0.35761166E-17
  566    0.35529227E-17
  567    0.35299259E-17
  568    0.35071237E-17
  569    0.34845144E-17
  570    0.34620952E-17
  571    0.34398647E-17
  572    0.34178203E-17
  573    0.33959604E-17
  574    0.33742825E-17
  575    0.33527850E-17
  576    0.33314656E-17
  577    0.33103227E-17
  578    0.32893540E-17
  579    0.32685581E-17
  580    0.32479326E-17
  581    0.32274762E-17
  582    0.32071865E-17
  583    0.31870623E-17
  584    0.31671012E-17
  585    0.31473020E-17
  586    0.31276624E-17
  587    0.31081813E-17
  588    0.30888565E-17
  589    0.30696868E-17
  590    0.30506702E-17
  591    0.30318053E-17
  592    0.30130902E-17
  593    0.29945237E-17
  594    0.29761038E-17
  595    0.29578294E-17
  596    0.29396986E-17
  597    0.29217102E-17
  598    0.29038625E-17
  599    0.28861543E-17
  600    0.28685837E-17
  601    0.28511497E-17
  602    0.28338506E-17
  603    0.28166853E-17
  604    0.27996521E-17
  605    0.27827499E-17
  606    0.27659771E-17
  607    0.27493326E-17
  608    0.27328150E-17
  609    0.27164231E-17
  610    0.27001553E-17
  611    0.26840108E-17
  612    0.26679880E-17
  613    0.26520859E-17
  614    0.26363031E-17
  615    0.26206385E-17
  616    0.26050908E-17
  617    0.25896590E-17
  618    0.25743418E-17
  619    0.25591382E-17
  620    0.25440468E-17
  621    0.25290668E-17
  622    0.25141968E-17
  623    0.24994359E-17
  624    0.24847829E-17
  625    0.24702369E-17
  626    0.24557965E-17
  627    0.24414611E-17
  628    0.24272293E-17
  629    0.24131003E-17
  630    0.23990728E-17
  631    0.23851462E-17
  632    0.23713192E-17
  633    0.23575910E-17
  634    0.23439604E-17
  635    0.23304268E-17
  636    0.23169888E-17
  637    0.23036458E-17
  638    0.22903967E-17
  639    0.22772407E-17
  640    0.22641768E-17
  641    0.22512042E-17
  642    0.22383218E-17
  643    0.22255289E-17
  644    0.22128246E-17
  645    0.22002080E-17
  646    0.21876782E-17
  647    0.21752346E-17
  648    0.21628760E-17
  649    0.21506018E-17
  650    0.21384111E-17
  651    0.21263033E-17
  652    0.21142773E-17
  653    0.21023326E-17
  654    0.20904683E-17
  655    0.20786837E-17
  656    0.20669778E-17
  657    0.20553502E-17
  658    0.20437999E-17
  659    0.20323264E-17
  660    0.20209289E-17
  661    0.20096067E-17
  662    0.19983590E-17
  663    0.19871853E-17
  664    0.19760848E-17
  665    0.19650570E-17
  666    0.19541010E-17
  667    0.19432165E-17
  668    0.19324026E-17
  669    0.19216588E-17
  670    0.19109844E-17
  671    0.19003790E-17
  672    0.18898418E-17
  673    0.18793724E-17
  674    0.18689701E-17
  675    0.18586345E-17
  676    0.18483649E-17
  677    0.18381608E-17
  678    0.18280217E-17
  679    0.18179472E-17
  680    0.18079366E-17
  681    0.17979895E-17
  682    0.17881054E-17
  683    0.17782839E-17
  684    0.17685243E-17
  685    0.17588264E-17
  686    0.17491896E-17
  687    0.17396136E-17
  688    0.17300977E-17
  689    0.17206417E-17
  690    0.17112450E-17
  691    0.17019074E-17
  692    0.16926283E-17
  693    0.16834075E-17
  694    0.16742443E-17
  695    0.16651386E-17
  696    0.16560898E-17
  697    0.16470977E-17
  698    0.16381619E-17
  699    0.16292819E-17
  700    0.16204575E-17
  701    0.16116883E-17
  702    0.16029739E-17
  703    0.15943141E-17
  704    0.15857084E-17
  705    0.15771565E-17
  706    0.15686582E-17
  707    0.15602130E-17
  708    0.15518207E-17
  709    0.15434811E-17
  710    0.15351936E-17
  711    0.15269581E-17
  712    0.15187743E-17
  713    0.15106419E-17
  714    0.15025605E-17
  715    0.14945300E-17
  716    0.14865499E-17
  717    0.14786201E-17
  718    0.14707402E-17
  719    0.14629100E-17
  720    0.14551292E-17
  721    0.14473977E-17
  722    0.14397150E-17
  723    0.14320809E-17
  724    0.14244952E-17
  725    0.14169577E-17
  726    0.14094680E-17
  727    0.14020260E-17
  728    0.13946313E-17
  729    0.13872839E-17
  730    0.13799833E-17
  731    0.13727295E-17
  732    0.13655220E-17
  733    0.13583609E-17
  734    0.13512456E-17
  735    0.13441763E-17
  736    0.13371524E-17
  737    0.13301739E-17
  738    0.13232404E-17
  739    0.13163519E-17
  740    0.13095081E-17
  741    0.13027088E-17
  742    0.12959536E-17
  743    0.12892426E-17
  744    0.12825754E-17
  745    0.12759519E-17
  746    0.12693718E-17
  747    0.12628349E-17
  748    0.12563410E-17
  749    0.12498901E-17
  750    0.12434817E-17
  751    0.12371159E-17
  752    0.12307923E-17
  753    0.12245108E-17
  754    0.12182711E-17
  755    0.12120732E-17
  756    0.12059167E-17
  757    0.11998016E-17
  758    0.11937275E-17
  759    0.11876945E-17
  760    0.11817022E-17
  761    0.11757505E-17
  762    0.11698392E-17
  763    0.11639681E-17
  764    0.11581370E-17
  765    0.11523458E-17
  766    0.11465942E-17
  767    0.11408822E-17
  768    0.11352093E-17
  769    0.11295757E-17
  770    0.11239810E-17
  771    0.11184250E-17
  772    0.11129076E-17
  773    0.11074286E-17
  774    0.11019878E-17
  775    0.10965850E-17
  776    0.10912200E-17
  777    0.10858927E-17
  778    0.10806028E-17
  779    0.10753502E-17
  780    0.10701346E-17
  781    0.10649559E-17
  782    0.10598138E-17
  783    0.10547083E-17
  784    0.10496390E-17
  785    0.10446058E-17
  786    0.10396085E-17
  787    0.10346468E-17
  788    0.10297205E-17
  789    0.10248296E-17
  790    0.10199736E-17
  791    0.10151524E-17
  792    0.10103658E-17
  793    0.10056136E-17
  794    0.10008955E-17
  795    0.99621125E-18
  796    0.99156066E-18
  797    0.98694353E-18
  798    0.98235954E-18
  799    0.97780852E-18
  800    0.97329016E-18
  801    0.96880429E-18
  802    0.96435056E-18
  803    0.95992882E-18
  804    0.95553870E-18
  805    0.95118005E-18
  806    0.94685251E-18
  807    0.94255590E-18
  808    0.93828986E-18
  809    0.93405420E-18
  810    0.92984857E-18
  811    0.92567278E-18
  812    0.92152647E-18
  813    0.91740945E-18
  814    0.91332135E-18
  815    0.90926197E-18
  816    0.90523096E-18
  817    0.90122812E-18
  818    0.89725310E-18
  819    0.89330571E-18
  820    0.88938557E-18
  821    0.88549249E-18
  822    0.88162611E-18
  823    0.87778623E-18
  824    0.87397250E-18
  825    0.87018473E-18
  826    0.86642255E-18
  827    0.86268579E-18
  828    0.85897410E-18
  829    0.85528730E-18
  830    0.85162503E-18
  831    0.84798714E-18
  832    0.84437328E-18
  833    0.84078326E-18
  834    0.83721678E-18
  835    0.83367366E-18
  836    0.83015357E-18
  837    0.82665635E-18
  838    0.82318170E-18
  839    0.81972943E-18
  840    0.81629927E-18
  841    0.81289105E-18
  842    0.80950448E-18
  843    0.80613942E-18
  844    0.80279556E-18
  845    0.79947278E-18
  846    0.79617080E-18
  847    0.79288950E-18
  848    0.78962859E-18
  849    0.78638796E-18
  850    0.78316733E-18
  851    0.77996658E-18
  852    0.77678546E-18
  853    0.77362386E-18
  854    0.77048154E-18
  855    0.76735837E-18
  856    0.76425413E-18
  857    0.76116871E-18
  858    0.75810188E-18
  859    0.75505355E-18
  860    0.75202348E-18
  861    0.74901159E-18
  862    0.74601766E-18
  863    0.74304160E-18
  864    0.74008321E-18
  865    0.73714238E-18
  866    0.73421895E-18
  867    0.73131280E-18
  868    0.72842376E-18
  869    0.72555172E-18
  870    0.72269652E-18
  871    0.71985806E-18
  872    0.71703617E-18
  873    0.71423077E-18
  874    0.71144168E-18
  875    0.70866883E-18
  876    0.70591204E-18
  877    0.70317125E-18
  878    0.70044628E-18
  879    0.69773708E-18
  880    0.69504348E-18
  881    0.69236541E-18
  882    0.68970271E-18
  883    0.68705533E-18
  884    0.68442311E-18
  885    0.68180598E-18
  886    0.67920379E-18
  887    0.67661649E-18
  888    0.67404391E-18
  889    0.67148601E-18
  890    0.66894263E-18
  891    0.66641373E-18
  892    0.66389914E-18
  893    0.66139883E-18
  894    0.65891264E-18
  895    0.65644053E-18
  896    0.65398234E-18
  897    0.65153803E-18
  898    0.64910746E-18
  899    0.64669059E-18
  900    0.64428725E-18
  901    0.64189744E-18
  902    0.63952098E-18
  903    0.63715784E-18
  904    0.63480788E-18
  905    0.63247106E-18
  906    0.63014725E-18
  907    0.62783640E-18
  908    0.62553837E-18
  909    0.62325312E-18
  910    0.62098052E-18
  911    0.61872052E-18
  912    0.61647298E-18
  913    0.61423788E-18
  914    0.61201508E-18
  915    0.60980453E-18
  916    0.60760611E-18
  917    0.60541976E-18
  918    0.60324536E-18
  919    0.60108286E-18
  920    0.59893215E-18
  921    0.59679317E-18
  922    0.59466579E-18
  923    0.59254997E-18
  924    0.59044557E-18
  925    0.58835256E-18
  926    0.58627080E-18
  927    0.58420024E-18
  928    0.58214077E-18
  929    0.58009233E-18
  930    0.57805479E-18
  931    0.57602812E-18
  932    0.57401217E-18
  933    0.57200689E-18
  934    0.57001217E-18
  935    0.56802795E-18
  936    0.56605410E-18
  937    0.56409058E-18
  938    0.56213725E-18
  939    0.56019405E-18
  940    0.55826087E-18
  941    0.55633765E-18
  942    0.55442425E-18
  943    0.55252063E-18
  944    0.55062666E-18
  945    0.54874228E-18
  946    0.54686736E-18
  947    0.54500185E-18
  948    0.54314561E-18
  949    0.54129859E-18
  950    0.53946067E-18
  951    0.53763179E-18
  952    0.53581182E-18
  953    0.53400070E-18
  954    0.53219830E-18
  955    0.53040458E-18
  956    0.52861939E-18
  957    0.52684269E-18
  958    0.52507433E-18
  959    0.52331429E-18
  960    0.52156241E-18
  961    0.51981866E-18
  962    0.51808290E-18
  963    0.51635509E-18
  964    0.51463510E-18
  965    0.51292287E-18
  966    0.51121828E-18
  967    0.50952130E-18
  968    0.50783179E-18
  969    0.50614971E-18
  970    0.50447493E-18
  971    0.50280743E-18
  972    0.50114706E-18
  973    0.49949379E-18
  974    0.49784752E-18
  975    0.49620821E-18
  976    0.49457573E-18
  977    0.49295006E-18
  978    0.49133107E-18
  979    0.48971875E-18
  980    0.48811299E-18
  981    0.48651376E-18
  982    0.48492093E-18
  983    0.48333451E-18
  984    0.48175439E-18
  985    0.48018054E-18
  986    0.47861287E-18
  987    0.47705136E-18
  988    0.47549590E-18
  989    0.47394651E-18
  990    0.47240306E-18
  991    0.47086557E-18
  992    0.46933393E-18
  993    0.46780814E-18
  994    0.46628811E-18
  995    0.46477386E-18
  996    0.46326528E-18
  997    0.46176239E-18
  998    0.46026510E-18
  999    0.45877342E-18
 1000    0.45728726E-18
 1001    0.45580664E-18
 1002    0.45433150E-18
 1003    0.45286184E-18
 1004    0.45139758E-18
 1005    0.44993875E-18
 1006    0.44848528E-18
 1007    0.44703719E-18
 1008    0.44559440E-18
 1009    0.44415694E-18
 1010    0.44272476E-18
 1011    0.44129786E-18
 1012    0.43987619E-18
 1013    0.43845979E-18
 1014    0.43704860E-18
 1015    0.43564264E-18
 1016    0.43424186E-18
 1017    0.43284630E-18
 1018    0.43145590E-18
 1019    0.43007071E-18
 1020    0.42869067E-18
 1021    0.42731581E-18
 1022    0.42594610E-18
 1023    0.42458157E-18
 1024    0.42322218E-18
 1025    0.42186798E-18
 1026    0.42051890E-18
 1027    0.41917502E-18
 1028    0.41783626E-18
 1029    0.41650270E-18
 1030    0.41517428E-18
 1031    0.41385105E-18
 1032    0.41253299E-18
 1033    0.41122013E-18
 1034    0.40991245E-18
 1035    0.40861000E-18
 1036    0.40731275E-18
 1037    0.40602073E-18
 1038    0.40473394E-18
 1039    0.40345241E-18
 1040    0.40217613E-18
 1041    0.40090513E-18
 1042    0.39963941E-18
 1043    0.39837902E-18
 1044    0.39712392E-18
 1045    0.39587417E-18
 1046    0.39462977E-18
 1047    0.39339075E-18
 1048    0.39215711E-18
 1049    0.39092887E-18
 1050    0.38970605E-18
 1051    0.38848869E-18
 1052    0.38727677E-18
 1053    0.38607035E-18
 1054    0.38486942E-18
 1055    0.38367404E-18
 1056    0.38248418E-18
 1057    0.38129991E-18
 1058    0.38012122E-18
 1059    0.37894815E-18
 1060    0.37778071E-18
 1061    0.37661893E-18
 1062    0.37546283E-18
 1063    0.37431245E-18
 1064    0.37316779E-18
 1065    0.37202889E-18
 1066    0.37089576E-18
 1067    0.36976846E-18
 1068    0.36864696E-18
 1069    0.36753134E-18
 1070    0.36642158E-18
 1071    0.36531773E-18
 1072    0.36421979E-18
 1073    0.36312781E-18
 1074    0.36204179E-18
 1075    0.36096179E-18
 1076    0.35988779E-18
 1077    0.35881985E-18
 1078    0.35775797E-18
 1079    0.35670218E-18
 1080    0.35565249E-18
 1081    0.35460894E-18
 1082    0.35357152E-18
 1083    0.35254029E-18
 1084    0.35151525E-18
 1085    0.35049642E-18
 1086    0.34948381E-18
 1087    0.34847747E-18
 1088    0.34747737E-18
 1089    0.34648356E-18
 1090    0.34549602E-18
 1091    0.34451480E-18
 1092    0.34353988E-18
 1093    0.34257129E-18
 1094    0.34160903E-18
 1095    0.34065311E-18
 1096    0.33970353E-18
 1097    0.33876033E-18
 1098    0.33782347E-18
 1099    0.33689299E-18
 1100    0.33596885E-18
 1101    0.33505109E-18
 1102    0.33413968E-18
 1103    0.33323465E-18
 1104    0.33233595E-18
 1105    0.33144361E-18
 1106    0.33055759E-18
 1107    0.32967791E-18
 1108    0.32880453E-18
 1109    0.32793747E-18
 1110    0.32707667E-18
 1111    0.32622215E-18
 1112    0.32537387E-18
 1113    0.32453182E-18
 1114    0.32369596E-18
 1115    0.32286630E-18
 1116    0.32204278E-18
 1117    0.32122539E-18
 1118    0.32041409E-18
 1119    0.31960886E-18
 1120    0.31880964E-18
 1121    0.31801644E-18
 1122    0.31722918E-18
 1123    0.31644785E-18
 1124    0.31567238E-18
 1125    0.31490277E-18
 1126    0.31413893E-18
 1127    0.31338086E-18
 1128    0.31262848E-18
 1129    0.31188177E-18
 1130    0.31114065E-18
 1131    0.31040510E-18
 1132    0.30967506E-18
 1133    0.30895050E-18
 1134    0.30823133E-18
 1135    0.30751754E-18
 1136    0.30680906E-18
 1137    0.30610585E-18
 1138    0.30540782E-18
 1139    0.30471497E-18
 1140    0.30402720E-18
 1141    0.30334449E-18
 1142    0.30266675E-18
 1143    0.30199397E-18
 1144    0.30132604E-18
 1145    0.30066296E-18
 1146    0.30000465E-18
 1147    0.29935108E-18
 1148    0.29870216E-18
 1149    0.29805787E-18
 1150    0.29741812E-18
 1151    0.29678291E-18
 1152    0.29615216E-18
 1153    0.29552582E-18
 1154    0.29490383E-18
 1155    0.29428616E-18
 1156    0.29367273E-18
 1157    0.29306353E-18
 1158    0.29245848E-18
 1159    0.29185758E-18
 1160    0.29126074E-18
 1161    0.29066793E-18
 1162    0.29007911E-18
 1163    0.28949424E-18
 1164    0.28891327E-18
 1165    0.28833619E-18
 1166    0.28776292E-18
 1167    0.28719346E-18
 1168    0.28662775E-18
 1169    0.28606576E-18
 1170    0.28550744E-18
 1171    0.28495279E-18
 1172    0.28440175E-18
 1173    0.28385432E-18
 1174    0.28331043E-18
 1175    0.28277009E-18
 1176    0.28223325E-18
 1177    0.28169991E-18
 1178    0.28117000E-18
 1179    0.28064353E-18
 1180    0.28012047E-18
 1181    0.27960080E-18
 1182    0.27908450E-18
 1183    0.27857155E-18
 1184    0.27806190E-18
 1185    0.27755559E-18
 1186    0.27705257E-18
 1187    0.27655283E-18
 1188    0.27605635E-18
 1189    0.27556312E-18
 1190    0.27507310E-18
 1191    0.27458631E-18
 1192    0.27410273E-18
 1193    0.27362236E-18
 1194    0.27314517E-18
 1195    0.27267118E-18
 1196    0.27220034E-18
 1197    0.27173266E-18
 1198    0.27126812E-18
 1199    0.27080676E-18
 1200    0.27034854E-18
 1201    0.26989346E-18
 1202    0.26944151E-18
 1203    0.26899271E-18
 1204    0.26854703E-18
 1205    0.26810447E-18
 1206    0.26766502E-18
 1207    0.26722872E-18
 1208    0.26679554E-18
 1209    0.26636550E-18
 1210    0.26593858E-18
 1211    0.26551479E-18
 1212    0.26509412E-18
 1213    0.26467660E-18
 1214    0.26426220E-18
 1215    0.26385094E-18
 1216    0.26344282E-18
 1217    0.26303784E-18
 1218    0.26263600E-18
 1219    0.26223731E-18
 1220    0.26184175E-18
 1221    0.26144937E-18
 1222    0.26106013E-18
 1223    0.26067405E-18
 1224    0.26029112E-18
 1225    0.25991138E-18
 1226    0.25953480E-18
 1227    0.25916141E-18
 1228    0.25879118E-18
 1229    0.25842414E-18
 1230    0.25806027E-18
 1231    0.25769962E-18
 1232    0.25734214E-18
 1233    0.25698789E-18
 1234    0.25663683E-18
 1235    0.25628898E-18
 1236    0.25594435E-18
 1237    0.25560294E-18
 1238    0.25526475E-18
 1239    0.25492979E-18
 1240    0.25459803E-18
 1241    0.25426953E-18
 1242    0.25394425E-18
 1243    0.25362221E-18
 1244    0.25330339E-18
 1245    0.25298782E-18
 1246    0.25267548E-18
 1247    0.25236639E-18
 1248    0.25206052E-18
 1249    0.25175790E-18
 1250    0.25145850E-18
 1251    0.25116235E-18
 1252    0.25086942E-18
 1253    0.25057972E-18
 1254    0.25029323E-18
 1255    0.25000997E-18
 1256    0.24972991E-18
 1257    0.24945308E-18
 1258    0.24917944E-18
 1259    0.24890899E-18
 1260    0.24864172E-18
 1261    0.24837766E-18
 1262    0.24811675E-18
 1263    0.24785903E-18
 1264    0.24760446E-18
 1265    0.24735307E-18
 1266    0.24710480E-18
 1267    0.24685968E-18
 1268    0.24661768E-18
 1269    0.24637881E-18
 1270    0.24614304E-18
 1271    0.24591038E-18
 1272    0.24568079E-18
 1273    0.24545430E-18
 1274    0.24523086E-18
 1275    0.24501049E-18
 1276    0.24479315E-18
 1277    0.24457887E-18
 1278    0.24436758E-18
 1279    0.24415932E-18
 1280    0.24395404E-18
 1281    0.24375176E-18
 1282    0.24355243E-18
 1283    0.24335608E-18
 1284    0.24316266E-18
 1285    0.24297218E-18
 1286    0.24278462E-18
 1287    0.24259997E-18
 1288    0.24241822E-18
 1289    0.24223936E-18
 1290    0.24206336E-18
 1291    0.24189024E-18
 1292    0.24171997E-18
 1293    0.24155256E-18
 1294    0.24138797E-18
 1295    0.24122623E-18
 1296    0.24106731E-18
 1297    0.24091121E-18
 1298    0.24075792E-18
 1299    0.24060746E-18
 1300    0.24045978E-18
 1301    0.24031493E-18
 1302    0.24017288E-18
 1303    0.24003363E-18
 1304    0.23989719E-18
 1305    0.23976356E-18
 1306    0.23963274E-18
 1307    0.23950474E-18
 1308    0.23937955E-18
 1309    0.23925721E-18
 1310    0.23913769E-18
 1311    0.23902102E-18
 1312    0.23890720E-18
 1313    0.23879626E-18
 1314    0.23868818E-18
 1315    0.23858302E-18
 1316    0.23848075E-18
 1317    0.23838142E-18
 1318    0.23828503E-18
 1319    0.23819161E-18
 1320    0.23810117E-18
 1321    0.23801376E-18
 1322    0.23792938E-18
 1323    0.23784808E-18
 1324    0.23776986E-18
 1325    0.23769478E-18
 1326    0.23762286E-18
 1327    0.23755416E-18
 1328    0.23748868E-18
 1329    0.23742650E-18
 1330    0.23736763E-18
 1331    0.23731215E-18
 1332    0.23726007E-18
 1333    0.23721148E-18
 1334    0.23716639E-18
 1335    0.23712490E-18
 1336    0.23708702E-18
 1337    0.23705285E-18
 1338    0.23702241E-18
 1339    0.23699581E-18
 1340    0.23697307E-18
 1341    0.23695430E-18
 1342    0.23693953E-18
 1343    0.23692887E-18
 1344    0.23692236E-18
 1345    0.23692010E-18
 1346    0.23692216E-18
 1347    0.23692864E-18
 1348    0.23693959E-18
 1349    0.23695514E-18
 1350    0.23697535E-18
 1351    0.23700033E-18
 1352    0.23703017E-18
 1353    0.23706498E-18
 1354    0.23710484E-18
 1355    0.23714987E-18
 1356    0.23720018E-18
 1357    0.23725589E-18
 1358    0.23731709E-18
 1359    0.23738394E-18
 1360    0.23745652E-18
 1361    0.23753500E-18
 1362    0.23761948E-18
 1363    0.23771012E-18
 1364    0.23780703E-18
 1365    0.23791038E-18
 1366    0.23802029E-18
 1367    0.23813694E-18
 1368    0.23826045E-18
 1369    0.23839101E-18
 1370    0.23852875E-18
 1371    0.23867386E-18
 1372    0.23882649E-18
 1373    0.23898684E-18
 1374    0.23915505E-18
 1375    0.23933134E-18
 1376    0.23951586E-18
 1377    0.23970884E-18
 1378    0.23991044E-18
 1379    0.24012090E-18
 1380    0.24034037E-18
 1381    0.24056910E-18
 1382    0.24080727E-18
 1383    0.24105512E-18
 1384    0.24131286E-18
 1385    0.24158074E-18
 1386    0.24185897E-18
 1387    0.24214781E-18
 1388    0.24244749E-18
 1389    0.24275832E-18
 1390    0.24308047E-18
 1391    0.24341425E-18
 1392    0.24375994E-18
 1393    0.24411783E-18
 1394    0.24448817E-18
 1395    0.24487127E-18
 1396    0.24526741E-18
 1397    0.24567694E-18
 1398    0.24610013E-18
 1399    0.24653732E-18
 1400    0.24698880E-18
 1401    0.24745497E-18
 1402    0.24793614E-18
 1403    0.24843269E-18
 1404    0.24894494E-18
 1405    0.24947329E-18
 1406    0.25001809E-18
 1407    0.25057971E-18
 1408    0.25115855E-18
 1409    0.25175506E-18
 1410    0.25236957E-18
 1411    0.25300258E-18
 1412    0.25365450E-18
 1413    0.25432578E-18
 1414    0.25501683E-18
 1415    0.25572816E-18
 1416    0.25646023E-18
 1417    0.25721356E-18
 1418    0.25798859E-18
 1419    0.25878590E-18
 1420    0.25960597E-18
 1421    0.26044942E-18
 1422    0.26131678E-18
 1423    0.26220862E-18
 1424    0.26312553E-18
 1425    0.26406816E-18
 1426    0.26503707E-18
 1427    0.26603297E-18
 1428    0.26705650E-18
 1429    0.26810837E-18
 1430    0.26918925E-18
 1431    0.27029994E-18
 1432    0.27144112E-18
 1433    0.27261363E-18
 1434    0.27381825E-18
 1435    0.27505582E-18
 1436    0.27632717E-18
 1437    0.27763320E-18
 1438    0.27897474E-18
 1439    0.28035286E-18
 1440    0.28176853E-18
 1441    0.28322277E-18
 1442    0.28471654E-18
 1443    0.28625093E-18
 1444    0.28782706E-18
 1445    0.28944617E-18
 1446    0.29110944E-18
 1447    0.29281816E-18
 1448    0.29457356E-18
 1449    0.29637706E-18
 1450    0.29823008E-18
 1451    0.30013417E-18
 1452    0.30209078E-18
 1453    0.30410154E-18
 1454    0.30616809E-18
 1455    0.30829228E-18
 1456    0.31047582E-18
 1457    0.31272064E-18
 1458    0.31502872E-18
 1459    0.31740224E-18
 1460    0.31984336E-18
 1461    0.32235449E-18
 1462    0.32493792E-18
 1463    0.32759615E-18
 1464    0.33033184E-18
 1465    0.33314785E-18
 1466    0.33604707E-18
 1467    0.33903269E-18
 1468    0.34210783E-18
 1469    0.34527598E-18
 1470    0.34854057E-18
 1471    0.35190552E-18
 1472    0.35537489E-18
 1473    0.35895292E-18
 1474    0.36264390E-18
 1475    0.36645268E-18
 1476    0.37038420E-18
 1477    0.37444390E-18
 1478    0.37863742E-18
 1479    0.38297080E-18
 1480    0.38745030E-18
 1481    0.39208282E-18
 1482    0.39687548E-18
 1483    0.40183611E-18
 1484    0.40697282E-18
 1485    0.41229453E-18
 1486    0.41781050E-18
 1487    0.42353098E-18
 1488    0.42946660E-18
 1489    0.43562904E-18
 1490    0.44203067E-18
 1491    0.44868500E-18
 1492    0.45560634E-18
 1493    0.46281036E-18
 1494    0.47031369E-18
 1495    0.47813474E-18
 1496    0.48629301E-18
 1497    0.49481003E-18
 1498    0.50370895E-18
 1499    0.51301528E-18
 1500    0.52275645E-18
 1501    0.53192646E-18
 1502    0.54061814E-18
 1503    0.54908774E-18
 1504    0.55741713E-18
 1505    0.56565015E-18
 1506    0.57381404E-18
 1507    0.58192792E-18
 1508    0.59000534E-18
 1509    0.59805701E-18
 1510    0.60609086E-18
 1511    0.61411374E-18
 1512    0.62213073E-18
 1513    0.63014653E-18
 1514    0.63816458E-18
 1515    0.64618828E-18
 1516    0.65421994E-18
 1517    0.66226213E-18
 1518    0.67031648E-18
 1519    0.67838500E-18
 1520    0.68646880E-18
 1521    0.69456936E-18
 1522    0.70268743E-18
 1523    0.71082426E-18
 1524    0.71898029E-18
 1525    0.72715648E-18
 1526    0.73535300E-18
 1527    0.74357072E-18
 1528    0.75180963E-18
 1529    0.76007041E-18
 1530    0.76835293E-18
 1531    0.77665772E-18
 1532    0.78498448E-18
 1533    0.79333368E-18
 1534    0.80170490E-18
 1535    0.81009857E-18
 1536    0.81851417E-18
 1537    0.82695205E-18
 1538    0.83541163E-18
 1539    0.84389323E-18
 1540    0.85239615E-18
 1541    0.86092067E-18
 1542    0.86946606E-18
 1543    0.87803257E-18
 1544    0.88661927E-18
 1545    0.89522642E-18
 1546    0.90385315E-18
 1547    0.91249970E-18
 1548    0.92116517E-18
 1549    0.92984979E-18
 1550    0.93855254E-18
 1551    0.94727371E-18
 1552    0.95601228E-18
 1553    0.96476845E-18
 1554    0.97354109E-18
 1555    0.98233047E-18
 1556    0.99113546E-18
 1557    0.99995638E-18
 1558    0.10087921E-17
 1559    0.10176428E-17
 1560    0.10265072E-17
 1561    0.10353859E-17
 1562    0.10442774E-17
 1563    0.10531822E-17
 1564    0.10620990E-17
 1565    0.10710282E-17
 1566    0.10799683E-17
 1567    0.10889199E-17
 1568    0.10978816E-17
 1569    0.11068539E-17
 1570    0.11158354E-17
 1571    0.11248266E-17
 1572    0.11338259E-17
 1573    0.11428340E-17
 1574    0.11518495E-17
 1575    0.11608729E-17
 1576    0.11699027E-17
 1577    0.11789396E-17
 1578    0.11879821E-17
 1579    0.11970309E-17
 1580    0.12060844E-17
 1581    0.12151434E-17
 1582    0.12242063E-17
 1583    0.12332739E-17
 1584    0.12423447E-17
 1585    0.12514193E-17
 1586    0.12604963E-17
 1587    0.12695765E-17
 1588    0.12786583E-17
 1589    0.12877426E-17
 1590    0.12968277E-17
 1591    0.13059147E-17
 1592    0.13150019E-17
 1593    0.13240902E-17
 1594    0.13331779E-17
 1595    0.13422662E-17
 1596    0.13513533E-17
 1597    0.13604404E-17
 1598    0.13695257E-17
 1599    0.13786103E-17
 1600    0.13876925E-17
 1601    0.13967735E-17
 1602    0.14058516E-17
 1603    0.14149280E-17
 1604    0.14240008E-17
 1605    0.14330715E-17
 1606    0.14421380E-17
 1607    0.14512019E-17
 1608    0.14602610E-17
 1609    0.14693169E-17
 1610    0.14783677E-17
 1611    0.14874149E-17
 1612    0.14964564E-17
 1613    0.15054938E-17
 1614    0.15145251E-17
 1615    0.15235519E-17
 1616    0.15325720E-17
 1617    0.15415873E-17
 1618    0.15505954E-17
 1619    0.15595981E-17
 1620    0.15685933E-17
 1621    0.15775828E-17
 1622    0.15865642E-17
 1623    0.15955395E-17
 1624    0.16045062E-17
 1625    0.16134663E-17
 1626    0.16224174E-17
 1627    0.16313616E-17
 1628    0.16402962E-17
 1629    0.16492235E-17
 1630    0.16581409E-17
 1631    0.16670503E-17
 1632    0.16759494E-17
 1633    0.16848401E-17
 1634    0.16937200E-17
 1635    0.17025911E-17
 1636    0.17114508E-17
 1637    0.17203013E-17
 1638    0.17291397E-17
 1639    0.17379684E-17
 1640    0.17467846E-17
 1641    0.17555906E-17
 1642    0.17643835E-17
 1643    0.17731658E-17
 1644    0.17819343E-17
 1645    0.17906916E-17
 1646    0.17994345E-17
 1647    0.18081657E-17
 1648    0.18168819E-17
 1649    0.18255859E-17
 1650    0.18342742E-17
 1651    0.18429494E-17
 1652    0.18516083E-17
 1653    0.18602536E-17
 1654    0.18688817E-17
 1655    0.18774954E-17
 1656    0.18860913E-17
 1657    0.18946721E-17
 1658    0.19032344E-17
 1659    0.19117810E-17
 1660    0.19203081E-17
 1661    0.19288187E-17
 1662    0.19373089E-17
 1663    0.19457818E-17
 1664    0.19542336E-17
 1665    0.19626672E-17
 1666    0.19710786E-17
 1667    0.19794709E-17
 1668    0.19878401E-17
 1669    0.19961893E-17
 1670    0.20045145E-17
 1671    0.20128186E-17
 1672    0.20210978E-17
 1673    0.20293550E-17
 1674    0.20375860E-17
 1675    0.20457941E-17
 1676    0.20539749E-17
 1677    0.20621317E-17
 1678    0.20702602E-17
 1679    0.20783635E-17
 1680    0.20864373E-17
 1681    0.20944849E-17
 1682    0.21025018E-17
 1683    0.21104914E-17
 1684    0.21184489E-17
 1685    0.21263780E-17
 1686    0.21342738E-17
 1687    0.21421400E-17
 1688    0.21499716E-17
 1689    0.21577722E-17
 1690    0.21655369E-17
 1691    0.21732695E-17
 1692    0.21809648E-17
 1693    0.21886267E-17
 1694    0.21962500E-17
 1695    0.22038386E-17
 1696    0.22113873E-17
 1697    0.22189000E-17
 1698    0.22263711E-17
 1699    0.22338048E-17
 1700    0.22411959E-17
 1701    0.22485482E-17
 1702    0.22558562E-17
 1703    0.22631242E-17
 1704    0.22703466E-17
 1705    0.22775275E-17
 1706    0.22846613E-17
 1707    0.22917523E-17
 1708    0.22987947E-17
 1709    0.23057930E-17
 1710    0.23127412E-17
 1711    0.23196441E-17
 1712    0.23264956E-17
 1713    0.23333003E-17
 1714    0.23400522E-17
 1715    0.23467558E-17
 1716    0.23534053E-17
 1717    0.23600054E-17
 1718    0.23665498E-17
 1719    0.23730436E-17
 1720    0.23794805E-17
 1721    0.23858654E-17
 1722    0.23921920E-17
 1723    0.23984653E-17
 1724    0.24046791E-17
 1725    0.24108383E-17
 1726    0.24169367E-17
 1727    0.24229794E-17
 1728    0.24289601E-17
 1729    0.24348840E-17
 1730    0.24407446E-17
 1731    0.24465474E-17
 1732    0.24522857E-17
 1733    0.24579650E-17
 1734    0.24635788E-17
 1735    0.24691324E-17
 1736    0.24746194E-17
 1737    0.24800454E-17
 1738    0.24854037E-17
 1739    0.24907002E-17
 1740    0.24959280E-17
 1741    0.25010931E-17
 1742    0.25061886E-17
 1743    0.25112206E-17
 1744    0.25161821E-17
 1745    0.25210793E-17
 1746    0.25259052E-17
 1747    0.25306660E-17
 1748    0.25353548E-17
 1749    0.25399779E-17
 1750    0.25445284E-17
 1751    0.25490127E-17
 1752    0.25534236E-17
 1753    0.25577678E-17
 1754    0.25620382E-17
 1755    0.25662414E-17
 1756    0.25703701E-17
 1757    0.25744314E-17
 1758    0.25784179E-17
 1759    0.25823366E-17
 1760    0.25861802E-17
 1761    0.25899556E-17
 1762    0.25936557E-17
 1763    0.25972876E-17
 1764    0.26008440E-17
 1765    0.26043321E-17
 1766    0.26077445E-17
 1767    0.26110885E-17
 1768    0.26143568E-17
 1769    0.26175569E-17
 1770    0.26206813E-17
 1771    0.26237375E-17
 1772    0.26267183E-17
 1773    0.26296311E-17
 1774    0.26324686E-17
 1775    0.26352385E-17
 1776    0.26379332E-17
 1777    0.26405606E-17
 1778    0.26431133E-17
 1779    0.26455991E-17
 1780    0.26480106E-17
 1781    0.26503557E-17
 1782    0.26526269E-17
 1783    0.26548321E-17
 1784    0.26569640E-17
 1785    0.26590307E-17
 1786    0.26610247E-17
 1787    0.26629540E-17
 1788    0.26648113E-17
 1789    0.26666047E-17
 1790    0.26683268E-17
 1791    0.26699857E-17
 1792    0.26715741E-17
 1793    0.26731003E-17
 1794    0.26745566E-17
 1795    0.26759517E-17
 1796    0.26772778E-17
 1797    0.26785437E-17
 1798    0.26797415E-17
 1799    0.26808800E-17
 1800    0.26819514E-17
 1801    0.26829645E-17
 1802    0.26839117E-17
 1803    0.26848016E-17
 1804    0.26856265E-17
 1805    0.26863953E-17
 1806    0.26871003E-17
 1807    0.26877504E-17
 1808    0.26883377E-17
 1809    0.26888713E-17
 1810    0.26893434E-17
 1811    0.26897630E-17
 1812    0.26901222E-17
 1813    0.26904301E-17
 1814    0.26906790E-17
 1815    0.26908779E-17
 1816    0.26910190E-17
 1817    0.26911113E-17
 1818    0.26911470E-17
 1819    0.26911354E-17
 1820    0.26910685E-17
 1821    0.26909555E-17
 1822    0.26907886E-17
 1823    0.26905770E-17
 1824    0.26903128E-17
 1825    0.26900051E-17
 1826    0.26896462E-17
 1827    0.26892454E-17
 1828    0.26887946E-17
 1829    0.26883032E-17
 1830    0.26877632E-17
 1831    0.26871839E-17
 1832    0.26865575E-17
 1833    0.26858932E-17
 1834    0.26851830E-17
 1835    0.26844365E-17
 1836    0.26836453E-17
 1837    0.26828191E-17
 1838    0.26819498E-17
 1839    0.26810467E-17
 1840    0.26801018E-17
 1841    0.26791246E-17
 1842    0.26781069E-17
 1843    0.26770581E-17
 1844    0.26759703E-17
 1845    0.26748527E-17
 1846    0.26736974E-17
 1847    0.26725138E-17
 1848    0.26712937E-17
 1849    0.26700465E-17
 1850    0.26687641E-17
 1851    0.26674560E-17
 1852    0.26661140E-17
 1853    0.26647475E-17
 1854    0.26633484E-17
 1855    0.26619262E-17
 1856    0.26604724E-17
 1857    0.26589967E-17
 1858    0.26574909E-17
 1859    0.26559642E-17
 1860    0.26544086E-17
 1861    0.26528334E-17
 1862    0.26512304E-17
 1863    0.26496090E-17
 1864    0.26479609E-17
 1865    0.26462957E-17
 1866    0.26446048E-17
 1867    0.26428979E-17
 1868    0.26411665E-17
 1869    0.26394202E-17
 1870    0.26376504E-17
 1871    0.26358668E-17
 1872    0.26340608E-17
 1873    0.26322419E-17
 1874    0.26304018E-17
 1875    0.26285498E-17
 1876    0.26266775E-17
 1877    0.26247944E-17
 1878    0.26228919E-17
 1879    0.26209795E-17
 1880    0.26190487E-17
 1881    0.26171090E-17
 1882    0.26151519E-17
 1883    0.26131867E-17
 1884    0.26112049E-17
 1885    0.26092160E-17
 1886    0.26072114E-17
 1887    0.26052005E-17
 1888    0.26031746E-17
 1889    0.26011434E-17
 1890    0.25990980E-17
 1891    0.25970480E-17
 1892    0.25949847E-17
 1893    0.25929175E-17
 1894    0.25908379E-17
 1895    0.25887550E-17
 1896    0.25866604E-17
 1897    0.25845634E-17
 1898    0.25824553E-17
 1899    0.25803455E-17
 1900    0.25782254E-17
 1901    0.25761041E-17
 1902    0.25739732E-17
 1903    0.25718419E-17
 1904    0.25697014E-17
 1905    0.25675612E-17
 1906    0.25654126E-17
 1907    0.25632647E-17
 1908    0.25611090E-17
 1909    0.25589547E-17
 1910    0.25567931E-17
 1911    0.25546335E-17
 1912    0.25524671E-17
 1913    0.25503032E-17
 1914    0.25481331E-17
 1915    0.25459660E-17
 1916    0.25437932E-17
 1917    0.25416238E-17
 1918    0.25394493E-17
 1919    0.25372788E-17
 1920    0.25351034E-17
 1921    0.25329325E-17
 1922    0.25307573E-17
 1923    0.25285871E-17
 1924    0.25264129E-17
 1925    0.25242440E-17
 1926    0.25220716E-17
 1927    0.25199050E-17
 1928    0.25177353E-17
 1929    0.25155718E-17
 1930    0.25134055E-17
 1931    0.25112457E-17
 1932    0.25090836E-17
 1933    0.25069284E-17
 1934    0.25047712E-17
 1935    0.25026212E-17
 1936    0.25004696E-17
 1937    0.24983256E-17
 1938    0.24961802E-17
 1939    0.24940427E-17
 1940    0.24919043E-17
 1941    0.24897740E-17
 1942    0.24876431E-17
 1943    0.24855206E-17
 1944    0.24833978E-17
 1945    0.24812837E-17
 1946    0.24791696E-17
 1947    0.24770645E-17
 1948    0.24749596E-17
 1949    0.24728641E-17
 1950    0.24707690E-17
 1951    0.24686835E-17
 1952    0.24665987E-17
 1953    0.24645237E-17
 1954    0.24624497E-17
 1955    0.24603859E-17
 1956    0.24583232E-17
 1957    0.24562708E-17
 1958    0.24542199E-17
 1959    0.24521796E-17
 1960    0.24501409E-17
 1961    0.24481130E-17
 1962    0.24460870E-17
 1963    0.24440720E-17
 1964    0.24420592E-17
 1965    0.24400575E-17
 1966    0.24380582E-17
 1967    0.24360703E-17
 1968    0.24340849E-17
 1969    0.24321111E-17
 1970    0.24301401E-17
 1971    0.24281809E-17
 1972    0.24262247E-17
 1973    0.24242804E-17
 1974    0.24223393E-17
 1975    0.24204103E-17
 1976    0.24184847E-17
 1977    0.24165714E-17
 1978    0.24146616E-17
 1979    0.24127644E-17
 1980    0.24108709E-17
 1981    0.24089901E-17
 1982    0.24071131E-17
 1983    0.24052490E-17
 1984    0.24033889E-17
 1985    0.24015419E-17
 1986    0.23996990E-17
 1987    0.23978694E-17
 1988    0.23960441E-17
 1989    0.23942323E-17
 1990    0.23924248E-17
 1991    0.23906310E-17
 1992    0.23888418E-17
 1993    0.23870663E-17
 1994    0.23852955E-17
 1995    0.23835387E-17
 1996    0.23817867E-17
 1997    0.23800488E-17
 1998    0.23783159E-17
 1999    0.23765972E-17
 2000    0.23748837E-17
 2001    0.23731845E-17
 2002    0.23714906E-17
 2003    0.23698111E-17
 2004    0.23681371E-17
 2005    0.23664777E-17
 2006    0.23648239E-17
 2007    0.23631848E-17
 2008    0.23615513E-17
 2009    0.23599328E-17
 2010    0.23583200E-17
 2011    0.23567222E-17
 2012    0.23551303E-17
 2013    0.23535536E-17
 2014    0.23519828E-17
 2015    0.23504273E-17
 2016    0.23488779E-17
 2017    0.23473439E-17
 2018    0.23458161E-17
 2019    0.23443037E-17
 2020    0.23427977E-17
 2021    0.23413073E-17
 2022    0.23398233E-17
 2023    0.23383550E-17
 2024    0.23368932E-17
 2025    0.23354471E-17
 2026    0.23340078E-17
 2027    0.23325842E-17
 2028    0.23311674E-17
 2029    0.23297665E-17
 2030    0.23283725E-17
 2031    0.23269945E-17
 2032    0.23256234E-17
 2033    0.23242684E-17
 2034    0.23229204E-17
 2035    0.23215886E-17
 2036    0.23202639E-17
 2037    0.23189554E-17
 2038    0.23176541E-17
 2039    0.23163691E-17
 2040    0.23150913E-17
 2041    0.23138300E-17
 2042    0.23125759E-17
 2043    0.23113383E-17
 2044    0.23101081E-17
 2045    0.23088944E-17
 2046    0.23076880E-17
 2047    0.23064983E-17
 2048    0.23053161E-17
 2049    0.23041505E-17
 2050    0.23029924E-17
 2051    0.23018510E-17
 2052    0.23007172E-17
 2053    0.22996002E-17
 2054    0.22984907E-17
 2055    0.22973981E-17
 2056    0.22963130E-17
 2057    0.22952449E-17
 2058    0.22941844E-17
 2059    0.22931408E-17
 2060    0.22921050E-17
 2061    0.22910860E-17
 2062    0.22900748E-17
 2063    0.22890806E-17
 2064    0.22880941E-17
 2065    0.22871247E-17
 2066    0.22861630E-17
 2067    0.22852184E-17
 2068    0.22842815E-17
 2069    0.22833617E-17
 2070    0.22824497E-17
 2071    0.22815548E-17
 2072    0.22806678E-17
 2073    0.22797978E-17
 2074    0.22789357E-17
 2075    0.22780907E-17
 2076    0.22772535E-17
 2077    0.22764335E-17
 2078    0.22756213E-17
 2079    0.22748264E-17
 2080    0.22740392E-17
 2081    0.22732692E-17
 2082    0.22725070E-17
 2083    0.22717621E-17
 2084    0.22710249E-17
 2085    0.22703050E-17
 2086    0.22695928E-17
 2087    0.22688979E-17
 2088    0.22682108E-17
 2089    0.22675409E-17
 2090    0.22668788E-17
 2091    0.22662339E-17
 2092    0.22655967E-17
 2093    0.22649768E-17
 2094    0.22643647E-17
 2095    0.22637698E-17
 2096    0.22631826E-17
 2097    0.22626126E-17
 2098    0.22620503E-17
 2099    0.22615053E-17
 2100    0.22609679E-17
 2101    0.22604478E-17
 2102    0.22599353E-17
 2103    0.22594400E-17
 2104    0.22589524E-17
 2105    0.22584820E-17
 2106    0.22580192E-17
 2107    0.22575736E-17
 2108    0.22571355E-17
 2109    0.22567147E-17
 2110    0.22563014E-17
 2111    0.22559053E-17
 2112    0.22555167E-17
 2113    0.22551453E-17
 2114    0.22547813E-17
 2115    0.22544346E-17
 2116    0.22540953E-17
 2117    0.22537732E-17
 2118    0.22534584E-17
 2119    0.22531609E-17
 2120    0.22528707E-17
 2121    0.22525977E-17
 2122    0.22523320E-17
 2123    0.22520834E-17
 2124    0.22518422E-17
 2125    0.22516181E-17
 2126    0.22514013E-17
 2127    0.22512016E-17
 2128    0.22510092E-17
 2129    0.22508339E-17
 2130    0.22506658E-17
 2131    0.22505148E-17
 2132    0.22503710E-17
 2133    0.22502443E-17
 2134    0.22501248E-17
 2135    0.22500224E-17
 2136    0.22499271E-17
 2137    0.22498489E-17
 2138    0.22497778E-17
 2139    0.22497238E-17
 2140    0.22496768E-17
 2141    0.22496470E-17
 2142    0.22496242E-17
 2143    0.22496185E-17
 2144    0.22496198E-17
 2145    0.22496382E-17
 2146    0.22496636E-17
 2147    0.22497061E-17
 2148    0.22497555E-17
 2149    0.22498221E-17
 2150    0.22498955E-17
 2151    0.22499862E-17
 2152    0.22500837E-17
 2153    0.22501984E-17
 2154    0.22503199E-17
 2155    0.22504587E-17
 2156    0.22506042E-17
 2157    0.22507670E-17
 2158    0.22509365E-17
 2159    0.22511233E-17
 2160    0.22513169E-17
 2161    0.22515277E-17
 2162    0.22517452E-17
 2163    0.22519801E-17
 2164    0.22522217E-17
 2165    0.22524805E-17
 2166    0.22527461E-17
 2167    0.22530291E-17
 2168    0.22533187E-17
 2169    0.22536257E-17
 2170    0.22539394E-17
 2171    0.22542705E-17
 2172    0.22546083E-17
 2173    0.22549635E-17
 2174    0.22553254E-17
 2175    0.22557048E-17
 2176    0.22560908E-17
 2177    0.22564944E-17
 2178    0.22569046E-17
 2179    0.22573324E-17
 2180    0.22577669E-17
 2181    0.22582189E-17
 2182    0.22586776E-17
 2183    0.22591540E-17
 2184    0.22596370E-17
 2185    0.22601377E-17
 2186    0.22606451E-17
 2187    0.22611703E-17
 2188    0.22617021E-17
 2189    0.22622517E-17
 2190    0.22628081E-17
 2191    0.22633822E-17
 2192    0.22639631E-17
 2193    0.22645619E-17
 2194    0.22651674E-17
 2195    0.22657909E-17
 2196    0.22664211E-17
 2197    0.22670693E-17
 2198    0.22677243E-17
 2199    0.22683974E-17
 2200    0.22690772E-17
 2201    0.22697752E-17
 2202    0.22704800E-17
 2203    0.22712030E-17
 2204    0.22719328E-17
 2205    0.22726809E-17
 2206    0.22734359E-17
 2207    0.22742092E-17
 2208    0.22749894E-17
 2209    0.22757880E-17
 2210    0.22765936E-17
 2211    0.22774176E-17
 2212    0.22782486E-17
 2213    0.22790981E-17
 2214    0.22799546E-17
 2215    0.22808298E-17
 2216    0.22817120E-17
 2217    0.22826129E-17
 2218    0.22835208E-17
 2219    0.22844476E-17
 2220    0.22853815E-17
 2221    0.22863342E-17
 2222    0.22872941E-17
 2223    0.22882730E-17
 2224    0.22892591E-17
 2225    0.22902642E-17
 2226    0.22912765E-17
 2227    0.22923080E-17
 2228    0.22933468E-17
 2229    0.22944048E-17
 2230    0.22954702E-17
 2231    0.22965549E-17
 2232    0.22976469E-17
 2233    0.22987584E-17
 2234    0.22998774E-17
 2235    0.23010159E-17
 2236    0.23021618E-17
 2237    0.23033274E-17
 2238    0.23045005E-17
 2239    0.23056935E-17
 2240    0.23068939E-17
 2241    0.23081143E-17
 2242    0.23093423E-17
 2243    0.23105904E-17
 2244    0.23118460E-17
 2245    0.23131219E-17
 2246    0.23144054E-17
 2247    0.23157092E-17
 2248    0.23170208E-17
 2249    0.23183528E-17
 2250    0.23196926E-17
 2251    0.23210530E-17
 2252    0.23224212E-17
 2253    0.23238102E-17
 2254    0.23252070E-17
 2255    0.23266247E-17
 2256    0.23280504E-17
 2257    0.23294971E-17
 2258    0.23309518E-17
 2259    0.23324277E-17
 2260    0.23339117E-17
 2261    0.23354169E-17
 2262    0.23369304E-17
 2263    0.23384653E-17
 2264    0.23400084E-17
 2265    0.23415731E-17
 2266    0.23431462E-17
 2267    0.23447410E-17
 2268    0.23463443E-17
 2269    0.23479694E-17
 2270    0.23496030E-17
 2271    0.23512587E-17
 2272    0.23529229E-17
 2273    0.23546094E-17
 2274    0.23563046E-17
 2275    0.23580221E-17
 2276    0.23597484E-17
 2277    0.23614973E-17
 2278    0.23632550E-17
 2279    0.23650355E-17
 2280    0.23668249E-17
 2281    0.23686372E-17
 2282    0.23704586E-17
 2283    0.23723030E-17
 2284    0.23741566E-17
 2285    0.23760334E-17
 2286    0.23779196E-17
 2287    0.23798291E-17
 2288    0.23817481E-17
 2289    0.23836906E-17
 2290    0.23856426E-17
 2291    0.23876185E-17
 2292    0.23896039E-17
 2293    0.23916134E-17
 2294    0.23936325E-17
 2295    0.23956759E-17
 2296    0.23977290E-17
 2297    0.23998066E-17
 2298    0.24018942E-17
 2299    0.24040063E-17
 2300    0.24061285E-17
 2301    0.24082756E-17
 2302    0.24104327E-17
 2303    0.24126150E-17
 2304    0.24148075E-17
 2305    0.24170253E-17
 2306    0.24192535E-17
 2307    0.24215071E-17
 2308    0.24237713E-17
 2309    0.24260612E-17
 2310    0.24283617E-17
 2311    0.24306882E-17
 2312    0.24330254E-17
 2313    0.24353888E-17
 2314    0.24377631E-17
 2315    0.24401638E-17
 2316    0.24425756E-17
 2317    0.24450139E-17
 2318    0.24474634E-17
 2319    0.24499397E-17
 2320    0.24524273E-17
 2321    0.24549421E-17
 2322    0.24574682E-17
 2323    0.24600217E-17
 2324    0.24625866E-17
 2325    0.24651792E-17
 2326    0.24677834E-17
 2327    0.24704156E-17
 2328    0.24730595E-17
 2329    0.24757314E-17
 2330    0.24784153E-17
 2331    0.24811275E-17
 2332    0.24838518E-17
 2333    0.24866046E-17
 2334    0.24893697E-17
 2335    0.24921635E-17
 2336    0.24949697E-17
 2337    0.24978050E-17
 2338    0.25006528E-17
 2339    0.25035299E-17
 2340    0.25064195E-17
 2341    0.25093388E-17
 2342    0.25122708E-17
 2343    0.25152327E-17
 2344    0.25182074E-17
 2345    0.25212122E-17
 2346    0.25242300E-17
 2347    0.25272782E-17
 2348    0.25303395E-17
 2349    0.25334314E-17
 2350    0.25365366E-17
 2351    0.25396727E-17
 2352    0.25428221E-17
 2353    0.25460027E-17
 2354    0.25491968E-17
 2355    0.25524224E-17
 2356    0.25556616E-17
 2357    0.25589326E-17
 2358    0.25622173E-17
 2359    0.25655340E-17
 2360    0.25688646E-17
 2361    0.25722276E-17
 2362    0.25756045E-17
 2363    0.25790139E-17
 2364    0.25824374E-17
 2365    0.25858939E-17
 2366    0.25893646E-17
 2367    0.25928685E-17
 2368    0.25963868E-17
 2369    0.25999384E-17
 2370    0.26035046E-17
 2371    0.26071044E-17
 2372    0.26107190E-17
 2373    0.26143676E-17
 2374    0.26180309E-17
 2375    0.26217285E-17
 2376    0.26254410E-17
 2377    0.26291881E-17
 2378    0.26329503E-17
 2379    0.26367474E-17
 2380    0.26405596E-17
 2381    0.26444070E-17
 2382    0.26482697E-17
 2383    0.26521679E-17
 2384    0.26560815E-17
 2385    0.26600309E-17
 2386    0.26639958E-17
 2387    0.26679969E-17
 2388    0.26720136E-17
 2389    0.26760668E-17
 2390    0.26801358E-17
 2391    0.26842415E-17
 2392    0.26883631E-17
 2393    0.26925218E-17
 2394    0.26966966E-17
 2395    0.27009087E-17
 2396    0.27051371E-17
 2397    0.27094032E-17
 2398    0.27136855E-17
 2399    0.27180059E-17
 2400    0.27223428E-17
 2401    0.27267180E-17
 2402    0.27311099E-17
 2403    0.27355404E-17
 2404    0.27399877E-17
 2405    0.27444740E-17
 2406    0.27489772E-17
 2407    0.27535198E-17
 2408    0.27580793E-17
 2409    0.27626786E-17
 2410    0.27672951E-17
 2411    0.27719518E-17
 2412    0.27766257E-17
 2413    0.27813400E-17
 2414    0.27860718E-17
 2415    0.27908443E-17
 2416    0.27956345E-17
 2417    0.28004659E-17
 2418    0.28053150E-17
 2419    0.28102058E-17
 2420    0.28151144E-17
 2421    0.28200651E-17
 2422    0.28250337E-17
 2423    0.28300447E-17
 2424    0.28350740E-17
 2425    0.28401460E-17
 2426    0.28452364E-17
 2427    0.28503699E-17
 2428    0.28555221E-17
 2429    0.28607179E-17
 2430    0.28659325E-17
 2431    0.28711910E-17
 2432    0.28764685E-17
 2433    0.28817905E-17
 2434    0.28871316E-17
 2435    0.28925177E-17
 2436    0.28979230E-17
 2437    0.29033738E-17
 2438    0.29088440E-17
 2439    0.29143601E-17
 2440    0.29198960E-17
 2441    0.29254781E-17
 2442    0.29310801E-17
 2443    0.29367291E-17
 2444    0.29423981E-17
 2445    0.29481145E-17
 2446    0.29538512E-17
 2447    0.29596357E-17
 2448    0.29654408E-17
 2449    0.29712943E-17
 2450    0.29771686E-17
 2451    0.29830917E-17
 2452    0.29890358E-17
 2453    0.29950294E-17
 2454    0.30010444E-17
 2455    0.30071093E-17
 2456    0.30131958E-17
 2457    0.30193328E-17
 2458    0.30254916E-17
 2459    0.30317015E-17
 2460    0.30379335E-17
 2461    0.30442172E-17
 2462    0.30505233E-17
 2463    0.30568817E-17
 2464    0.30632628E-17
 2465    0.30696967E-17
 2466    0.30761536E-17
 2467    0.30826640E-17
 2468    0.30891977E-17
 2469    0.30957856E-17
 2470    0.31023970E-17
 2471    0.31090633E-17
 2472    0.31157536E-17
 2473    0.31224993E-17
 2474    0.31292692E-17
 2475    0.31360955E-17
 2476    0.31429462E-17
 2477    0.31498539E-17
 2478    0.31567865E-17
 2479    0.31637767E-17
 2480    0.31707921E-17
 2481    0.31778661E-17
 2482    0.31849656E-17
 2483    0.31921243E-17
 2484    0.31993090E-17
 2485    0.32065537E-17
 2486    0.32138248E-17
 2487    0.32211567E-17
 2488    0.32285154E-17
 2489    0.32359357E-17
 2490    0.32433832E-17
 2491    0.32508931E-17
 2492    0.32584307E-17
 2493    0.32660316E-17
 2494    0.32736606E-17
 2495    0.32813538E-17
 2496    0.32890754E-17
 2497    0.32968622E-17
 2498    0.33046780E-17
 2499    0.33125598E-17
 2500    0.33204711E-17
 2501    0.33284493E-17
 2502    0.33364575E-17
 2503    0.33445335E-17
 2504    0.33526401E-17
 2505    0.33608156E-17
 2506    0.33690220E-17
 2507    0.33772984E-17
 2508    0.33856062E-17
 2509    0.33939850E-17
 2510    0.34023959E-17
 2511    0.34108787E-17
 2512    0.34193942E-17
 2513    0.34279827E-17
 2514    0.34366044E-17
 2515    0.34453003E-17
 2516    0.34540299E-17
 2517    0.34628348E-17
 2518    0.34716741E-17
 2519    0.34805897E-17
 2520    0.34895404E-17
 2521    0.34985686E-17
 2522    0.35076325E-17
 2523    0.35167751E-17
 2524    0.35259541E-17
 2525    0.35352129E-17
 2526    0.35445087E-17
 2527    0.35538858E-17
 2528    0.35633004E-17
 2529    0.35727975E-17
 2530    0.35823330E-17
 2531    0.35919522E-17
 2532    0.36016104E-17
 2533    0.36113537E-17
 2534    0.36211368E-17
 2535    0.36310064E-17
 2536    0.36409165E-17
 2537    0.36509144E-17
 2538    0.36609535E-17
 2539    0.36710820E-17
 2540    0.36812525E-17
 2541    0.36915137E-17
 2542    0.37018177E-17
 2543    0.37122140E-17
 2544    0.37226539E-17
 2545    0.37331876E-17
 2546    0.37437658E-17
 2547    0.37544393E-17
 2548    0.37651581E-17
 2549    0.37759738E-17
 2550    0.37868357E-17
 2551    0.37977962E-17
 2552    0.38088037E-17
 2553    0.38199115E-17
 2554    0.38310674E-17
 2555    0.38423251E-17
 2556    0.38536318E-17
 2557    0.38650422E-17
 2558    0.38765025E-17
 2559    0.38880683E-17
 2560    0.38996850E-17
 2561    0.39114090E-17
 2562    0.39231850E-17
 2563    0.39350700E-17
 2564    0.39470082E-17
 2565    0.39590572E-17
 2566    0.39711605E-17
 2567    0.39833767E-17
 2568    0.39956481E-17
 2569    0.40080344E-17
 2570    0.40204771E-17
 2571    0.40330367E-17
 2572    0.40456539E-17
 2573    0.40583901E-17
 2574    0.40711851E-17
 2575    0.40841012E-17
 2576    0.40970772E-17
 2577    0.41101766E-17
 2578    0.41233372E-17
 2579    0.41366233E-17
 2580    0.41499719E-17
 2581    0.41634483E-17
 2582    0.41769885E-17
 2583    0.41906589E-17
 2584    0.42043943E-17
 2585    0.42182623E-17
 2586    0.42321968E-17
 2587    0.42462664E-17
 2588    0.42604038E-17
 2589    0.42746787E-17
 2590    0.42890229E-17
 2591    0.43035072E-17
 2592    0.43180623E-17
 2593    0.43327601E-17
 2594    0.43475301E-17
 2595    0.43624456E-17
 2596    0.43774349E-17
 2597    0.43925723E-17
 2598    0.44077852E-17
 2599    0.44231490E-17
 2600    0.44385898E-17
 2601    0.44541846E-17
 2602    0.44698580E-17
 2603    0.44856882E-17
 2604    0.45015988E-17
 2605    0.45176693E-17
 2606    0.45338219E-17
 2607    0.45501374E-17
 2608    0.45665369E-17
 2609    0.45831026E-17
 2610    0.45997540E-17
 2611    0.46165749E-17
 2612    0.46334834E-17
 2613    0.46505647E-17
 2614    0.46677356E-17
 2615    0.46850828E-17
 2616    0.47025215E-17
 2617    0.47201400E-17
 2618    0.47378521E-17
 2619    0.47557475E-17
 2620    0.47737387E-17
 2621    0.47919169E-17
 2622    0.48101930E-17
 2623    0.48286600E-17
 2624    0.48472271E-17
 2625    0.48659889E-17
 2626    0.48848531E-17
 2627    0.49039161E-17
 2628    0.49230837E-17
 2629    0.49424542E-17
 2630    0.49619317E-17
 2631    0.49816164E-17
 2632    0.50014106E-17
 2633    0.50214161E-17
 2634    0.50415337E-17
 2635    0.50618671E-17
 2636    0.50823151E-17
 2637    0.51029835E-17
 2638    0.51237692E-17
 2639    0.51447798E-17
 2640    0.51659104E-17
 2641    0.51872709E-17
 2642    0.52087541E-17
 2643    0.52304721E-17
 2644    0.52523157E-17
 2645    0.52743990E-17
 2646    0.52966109E-17
 2647    0.53190678E-17
 2648    0.53416562E-17
 2649    0.53644949E-17
 2650    0.53874682E-17
 2651    0.54106972E-17
 2652    0.54340641E-17
 2653    0.54576922E-17
 2654    0.54814615E-17
 2655    0.55054978E-17
 2656    0.55296785E-17
 2657    0.55541322E-17
 2658    0.55787338E-17
 2659    0.56036145E-17
 2660    0.56286465E-17
 2661    0.56539638E-17
 2662    0.56794361E-17
 2663    0.57052001E-17
 2664    0.57311229E-17
 2665    0.57573440E-17
 2666    0.57837276E-17
 2667    0.58104164E-17
 2668    0.58372716E-17
 2669    0.58644390E-17
 2670    0.58917770E-17
 2671    0.59194343E-17
 2672    0.59472664E-17
 2673    0.59754251E-17
 2674    0.60037629E-17
 2675    0.60324351E-17
 2676    0.60612908E-17
 2677    0.60904887E-17
 2678    0.61198747E-17
 2679    0.61496109E-17
 2680    0.61795399E-17
 2681    0.62098274E-17
 2682    0.62403126E-17
 2683    0.62711650E-17
 2684    0.63022201E-17
 2685    0.63336511E-17
 2686    0.63652899E-17
 2687    0.63973138E-17
 2688    0.64295508E-17
 2689    0.64621824E-17
 2690    0.64950325E-17
 2691    0.65282869E-17
 2692    0.65617654E-17
 2693    0.65956581E-17
 2694    0.66297808E-17
 2695    0.66643280E-17
 2696    0.66991113E-17
 2697    0.67343296E-17
 2698    0.67697902E-17
 2699    0.68056968E-17
 2700    0.68418521E-17
 2701    0.68784647E-17
 2702    0.69153326E-17
 2703    0.69526696E-17
 2704    0.69902685E-17
 2705    0.70283487E-17
 2706    0.70666980E-17
 2707    0.71055409E-17
 2708    0.71446600E-17
 2709    0.71842857E-17
 2710    0.72241951E-17
 2711    0.72646243E-17
 2712    0.73053450E-17
 2713    0.73465992E-17
 2714    0.73881530E-17
 2715    0.74302545E-17
 2716    0.74726638E-17
 2717    0.75156355E-17
 2718    0.75589237E-17
 2719    0.76027893E-17
 2720    0.76469802E-17
 2721    0.76917643E-17
 2722    0.77368829E-17
 2723    0.77826110E-17
 2724    0.78286831E-17
 2725    0.78753815E-17
 2726    0.79224337E-17
 2727    0.79701297E-17
 2728    0.80181898E-17
 2729    0.80669116E-17
 2730    0.81160082E-17
 2731    0.81657853E-17
 2732    0.82159480E-17
 2733    0.82668106E-17
 2734    0.83180704E-17
 2735    0.83700502E-17
 2736    0.84224389E-17
 2737    0.84755686E-17
 2738    0.85291194E-17
 2739    0.85834327E-17
 2740    0.86381801E-17
 2741    0.86937126E-17
 2742    0.87496923E-17
 2743    0.88064804E-17
 2744    0.88637296E-17
 2745    0.89218114E-17
 2746    0.89803685E-17
 2747    0.90397835E-17
 2748    0.90996887E-17
 2749    0.91604780E-17
 2750    0.92217730E-17
 2751    0.92839794E-17
 2752    0.93467075E-17
 2753    0.94103752E-17
 2754    0.94745816E-17
 2755    0.95397572E-17
 2756    0.96054888E-17
 2757    0.96722202E-17
 2758    0.97395259E-17
 2759    0.98078632E-17
 2760    0.98767939E-17
 2761    0.99467894E-17
 2762    0.10017398E-16
 2763    0.10089106E-16
 2764    0.10161448E-16
 2765    0.10234925E-16
 2766    0.10309058E-16
 2767    0.10384363E-16
 2768    0.10460346E-16
 2769    0.10537542E-16
 2770    0.10615438E-16
 2771    0.10694588E-16
 2772    0.10774463E-16
 2773    0.10855634E-16
 2774    0.10937556E-16
 2775    0.11020818E-16
 2776    0.11104858E-16
 2777    0.11190284E-16
 2778    0.11276517E-16
 2779    0.11364184E-16
 2780    0.11452686E-16
 2781    0.11542675E-16
 2782    0.11633528E-16
 2783    0.11725921E-16
 2784    0.11819211E-16
 2785    0.11914095E-16
 2786    0.12009910E-16
 2787    0.12107378E-16
 2788    0.12205812E-16
 2789    0.12305959E-16
 2790    0.12407109E-16
 2791    0.12510036E-16
 2792    0.12614003E-16
 2793    0.12719815E-16
 2794    0.12826709E-16
 2795    0.12935516E-16
 2796    0.13045447E-16
 2797    0.13157366E-16
 2798    0.13270453E-16
 2799    0.13385605E-16
 2800    0.13501971E-16
 2801    0.13620484E-16
 2802    0.13740260E-16
 2803    0.13862268E-16
 2804    0.13985591E-16
 2805    0.14111235E-16
 2806    0.14238248E-16
 2807    0.14367676E-16
 2808    0.14498532E-16
 2809    0.14631901E-16
 2810    0.14766757E-16
 2811    0.14904231E-16
 2812    0.15043256E-16
 2813    0.15185008E-16
 2814    0.15328378E-16
 2815    0.15474590E-16
 2816    0.15622492E-16
 2817    0.15773358E-16
 2818    0.15925987E-16
 2819    0.16081709E-16
 2820    0.16239274E-16
 2821    0.16400067E-16
 2822    0.16562786E-16
 2823    0.16728876E-16
 2824    0.16896980E-16
 2825    0.17068606E-16
 2826    0.17242340E-16
 2827    0.17419757E-16
 2828    0.17599380E-16
 2829    0.17782855E-16
 2830    0.17968640E-16
 2831    0.18158457E-16
 2832    0.18350694E-16
 2833    0.18547154E-16
 2834    0.18746151E-16
 2835    0.18949572E-16
 2836    0.19155657E-16
 2837    0.19366377E-16
 2838    0.19579894E-16
 2839    0.19798274E-16
 2840    0.20019591E-16
 2841    0.20246013E-16
 2842    0.20475521E-16
 2843    0.20710390E-16
 2844    0.20948506E-16
 2845    0.21192256E-16
 2846    0.21439422E-16
 2847    0.21692512E-16
 2848    0.21949200E-16
 2849    0.22212123E-16
 2850    0.22478836E-16
 2851    0.22752115E-16
 2852    0.23029391E-16
 2853    0.23313586E-16
 2854    0.23601999E-16
 2855    0.23897707E-16
 2856    0.24197870E-16
 2857    0.24505733E-16
 2858    0.24818303E-16
 2859    0.25139005E-16
 2860    0.25464687E-16
 2861    0.25798962E-16
 2862    0.26138509E-16
 2863    0.26487148E-16
 2864    0.26841370E-16
 2865    0.27205217E-16
 2866    0.27574985E-16
 2867    0.27954952E-16
 2868    0.28341201E-16
 2869    0.28738267E-16
 2870    0.29142006E-16
 2871    0.29557227E-16
 2872    0.29979543E-16
 2873    0.30414058E-16
 2874    0.30856123E-16
 2875    0.31311163E-16
 2876    0.31774243E-16
 2877    0.32251138E-16
 2878    0.32736607E-16
 2879    0.33236798E-16
 2880    0.33746139E-16
 2881    0.34271187E-16
 2882    0.34806013E-16
 2883    0.35357614E-16
 2884    0.35919675E-16
 2885    0.36499672E-16
 2886    0.37090871E-16
 2887    0.37701270E-16
 2888    0.38323682E-16
 2889    0.38966672E-16
 2890    0.39622558E-16
 2891    0.40300529E-16
 2892    0.40992361E-16
 2893    0.41707925E-16
 2894    0.42438410E-16
 2895    0.43194431E-16
 2896    0.43966534E-16
 2897    0.44766154E-16
 2898    0.45583133E-16
 2899    0.46429806E-16
 2900    0.47295244E-16
 2901    0.48192776E-16
 2902    0.49110625E-16
 2903    0.50063215E-16
 2904    0.51037837E-16
 2905    0.52050128E-16
 2906    0.53086351E-16
 2907    0.54163489E-16
 2908    0.55266669E-16
 2909    0.56414367E-16
 2910    0.57590456E-16
 2911    0.58815075E-16
 2912    0.60070703E-16
 2913    0.61379341E-16
 2914    0.62721914E-16
 2915    0.64122506E-16
 2916    0.65560315E-16
 2917    0.67061762E-16
 2918    0.68604114E-16
 2919    0.70216423E-16
 2920    0.71873795E-16
 2921    0.73608253E-16
 2922    0.75392473E-16
 2923    0.77261844E-16
 2924    0.79186303E-16
 2925    0.81205067E-16
 2926    0.83284983E-16
 2927    0.85469626E-16
 2928    0.87722337E-16
 2929    0.90091689E-16
 2930    0.92537037E-16
 2931    0.95112689E-16
 2932    0.97773451E-16
 2933    0.10058025E-15
 2934    0.10348268E-15
 2935    0.10654935E-15
 2936    0.10972385E-15
 2937    0.11308371E-15
 2938    0.11656562E-15
 2939    0.12025756E-15
 2940    0.12408818E-15
 2941    0.12815773E-15
 2942    0.13238555E-15
 2943    0.13688638E-15
 2944    0.14156863E-15
 2945    0.14656432E-15
 2946    0.15176897E-15
 2947    0.15733526E-15
 2948    0.16314350E-15
 2949    0.16937126E-15
 2950    0.17588075E-15
 2951    0.18287974E-15
 2952    0.19020874E-15
 2953    0.19811250E-15
 2954    0.20640537E-15
 2955    0.21537772E-15
 2956    0.22481213E-15
 2957    0.23505581E-15
 2958    0.24585244E-15
 2959    0.25762075E-15
 2960    0.27005640E-15
 2961    0.28366915E-15
 2962    0.29809482E-15
 2963    0.31396046E-15
 2964    0.33082658E-15
 2965    0.34947343E-15
 2966    0.36936569E-15
 2967    0.39148679E-15
 2968    0.41517807E-15
 2969    0.44169696E-15
 2970    0.47022395E-15
 2971    0.50239323E-15
 2972    0.53717252E-15
 2973    0.57672532E-15
 2974    0.61973361E-15
 2975    0.66912319E-15
 2976    0.72318574E-15
 2977    0.78597695E-15
 2978    0.85524561E-15
 2979    0.93677908E-15
 2980    0.10275565E-14
 2981    0.11361264E-14
 2982    0.12583555E-14
 2983    0.14074103E-14
 2984    0.15775218E-14
 2985    0.17900438E-14
 2986    0.20367824E-14
 2987    0.23547082E-14
 2988    0.27321069E-14
 2989    0.32386872E-14
 2990    0.38582655E-14
 2991    0.47384443E-14
 2992    0.58615056E-14
 2993    0.75967295E-14
 2994    0.99584585E-14
 2995    0.14145920E-13
 2996    0.20509165E-13
 2997    0.35278616E-13
 2998    0.63423418E-13
 2999    0.21116248E-12
 3000    0.63271355E-12
